Czechia, Life tables (period 5x10), Females	Last modified: 23 May 2021;  Methods Protocol: v6 (2017)

  Year          Age         mx       qx    ax      lx      dx      Lx       Tx     ex
1950-1959        0      0.03259  0.03174  0.17  100000    3174   97376  7038995  70.39
1950-1959      1-4      0.00160  0.00636  1.42   96826     616  385713  6941619  71.69
1950-1959      5-9      0.00045  0.00224  2.23   96210     215  480454  6555906  68.14
1950-1959     10-14     0.00040  0.00201  2.63   95995     193  479515  6075452  63.29
1950-1959     15-19     0.00065  0.00327  2.73   95801     313  478297  5595937  58.41
1950-1959     20-24     0.00090  0.00450  2.57   95488     430  476399  5117641  53.59
1950-1959     25-29     0.00108  0.00537  2.51   95059     510  474025  4641241  48.82
1950-1959     30-34     0.00133  0.00665  2.57   94548     629  471216  4167216  44.07
1950-1959     35-39     0.00188  0.00938  2.66   93920     881  467535  3696000  39.35
1950-1959     40-44     0.00270  0.01343  2.62   93039    1250  462225  3228465  34.70
1950-1959     45-49     0.00400  0.01981  2.67   91789    1818  454703  2766239  30.14
1950-1959     50-54     0.00623  0.03069  2.67   89971    2762  443414  2311536  25.69
1950-1959     55-59     0.00976  0.04772  2.66   87209    4161  426320  1868122  21.42
1950-1959     60-64     0.01627  0.07841  2.68   83048    6512  400133  1441802  17.36
1950-1959     65-69     0.02868  0.13441  2.67   76536   10287  358724  1041669  13.61
1950-1959     70-74     0.05094  0.22714  2.62   66248   15048  295428   682945  10.31
1950-1959     75-79     0.08810  0.36215  2.54   51200   18542  210478   387517   7.57
1950-1959     80-84     0.14710  0.53179  2.40   32658   17367  118068   177039   5.42
1950-1959     85-89     0.23172  0.70380  2.21   15291   10762   46443    58971   3.86
1950-1959     90-94     0.34488  0.84107  1.95    4529    3809   11045    12527   2.77
1950-1959     95-99     0.47722  0.92376  1.68     720     665    1393     1482   2.06
1950-1959    100-104    0.61424  0.96456  1.44      55      53      86       89   1.62
1950-1959    105-109    0.73658  0.98208  1.27       2       2       3        3   1.36
1950-1959    110+       0.82172  1.00000  1.22       0       0       0        0   1.22
1960-1969        0      0.01823  0.01794  0.12  100000    1794   98416  7339331  73.39
1960-1969      1-4      0.00078  0.00312  1.57   98206     306  392078  7240914  73.73
1960-1969      5-9      0.00034  0.00169  2.26   97900     166  489045  6848836  69.96
1960-1969     10-14     0.00027  0.00134  2.58   97734     131  488354  6359791  65.07
1960-1969     15-19     0.00049  0.00245  2.69   97603     240  487462  5871437  60.16
1960-1969     20-24     0.00054  0.00271  2.55   97364     263  486172  5383976  55.30
1960-1969     25-29     0.00064  0.00321  2.59   97100     312  484748  4897804  50.44
1960-1969     30-34     0.00088  0.00438  2.66   96788     424  482950  4413055  45.59
1960-1969     35-39     0.00133  0.00661  2.65   96364     637  480323  3930106  40.78
1960-1969     40-44     0.00204  0.01017  2.68   95727     974  476376  3449783  36.04
1960-1969     45-49     0.00329  0.01630  2.66   94753    1545  470157  2973407  31.38
1960-1969     50-54     0.00518  0.02561  2.67   93209    2387  460487  2503251  26.86
1960-1969     55-59     0.00829  0.04070  2.69   90821    3696  445573  2042763  22.49
1960-1969     60-64     0.01394  0.06752  2.68   87125    5883  422005  1597190  18.33
1960-1969     65-69     0.02461  0.11640  2.68   81243    9456  384265  1175185  14.47
1960-1969     70-74     0.04416  0.20002  2.65   71786   14359  325136   790919  11.02
1960-1969     75-79     0.07766  0.32641  2.56   57427   18745  241377   465783   8.11
1960-1969     80-84     0.13328  0.49677  2.44   38682   19216  144174   224406   5.80
1960-1969     85-89     0.21371  0.67211  2.24   19466   13083   61220    80232   4.12
1960-1969     90-94     0.31602  0.81243  2.01    6383    5186   16409    19012   2.98
1960-1969     95-99     0.45015  0.91133  1.73    1197    1091    2424     2603   2.17
1960-1969    100-104    0.58807  0.95899  1.49     106     102     173      179   1.69
1960-1969    105-109    0.71474  0.97977  1.30       4       4       6        6   1.40
1960-1969    110+       0.80470  1.00000  1.24       0       0       0        0   1.24
1970-1979        0      0.01623  0.01600  0.12  100000    1600   98585  7383452  73.83
1970-1979      1-4      0.00055  0.00221  1.69   98400     218  393094  7284867  74.03
1970-1979      5-9      0.00029  0.00146  2.23   98182     143  490514  6891772  70.19
1970-1979     10-14     0.00023  0.00115  2.61   98039     113  489925  6401258  65.29
1970-1979     15-19     0.00044  0.00219  2.68   97926     214  489134  5911333  60.37
1970-1979     20-24     0.00048  0.00240  2.51   97712     234  487977  5422199  55.49
1970-1979     25-29     0.00056  0.00282  2.55   97478     274  486718  4934222  50.62
1970-1979     30-34     0.00075  0.00373  2.64   97203     362  485163  4447504  45.75
1970-1979     35-39     0.00116  0.00576  2.69   96841     558  482914  3962341  40.92
1970-1979     40-44     0.00194  0.00965  2.70   96283     929  479275  3479427  36.14
1970-1979     45-49     0.00323  0.01605  2.68   95353    1530  473211  3000152  31.46
1970-1979     50-54     0.00524  0.02590  2.67   93823    2430  463449  2526941  26.93
1970-1979     55-59     0.00835  0.04095  2.68   91393    3743  448279  2063493  22.58
1970-1979     60-64     0.01388  0.06723  2.67   87650    5893  424549  1615214  18.43
1970-1979     65-69     0.02405  0.11390  2.68   81758    9312  387200  1190665  14.56
1970-1979     70-74     0.04335  0.19666  2.64   72446   14247  328663   803465  11.09
1970-1979     75-79     0.07678  0.32362  2.57   58199   18834  245287   474803   8.16
1970-1979     80-84     0.13208  0.49342  2.44   39365   19423  147058   229516   5.83
1970-1979     85-89     0.21168  0.66915  2.25   19941   13344   63036    82457   4.14
1970-1979     90-94     0.32112  0.81903  2.01    6598    5404   16828    19422   2.94
1970-1979     95-99     0.45047  0.91158  1.73    1194    1088    2416     2594   2.17
1970-1979    100-104    0.58936  0.95933  1.48     106     101     172      178   1.68
1970-1979    105-109    0.71669  0.98001  1.29       4       4       6        6   1.39
1970-1979    110+       0.80684  1.00000  1.24       0       0       0        0   1.24
1980-1989        0      0.01122  0.01112  0.13  100000    1112   99028  7467797  74.68
1980-1989      1-4      0.00044  0.00174  1.66   98888     173  395150  7368768  74.52
1980-1989      5-9      0.00024  0.00122  2.33   98716     120  493259  6973618  70.64
1980-1989     10-14     0.00019  0.00094  2.54   98596      93  492751  6480359  65.73
1980-1989     15-19     0.00034  0.00172  2.72   98503     169  492130  5987608  60.79
1980-1989     20-24     0.00039  0.00194  2.56   98334     190  491206  5495478  55.89
1980-1989     25-29     0.00048  0.00239  2.59   98144     235  490154  5004271  50.99
1980-1989     30-34     0.00066  0.00331  2.71   97909     324  488802  4514118  46.11
1980-1989     35-39     0.00104  0.00517  2.71   97585     505  486765  4025316  41.25
1980-1989     40-44     0.00180  0.00895  2.71   97080     869  483408  3538550  36.45
1980-1989     45-49     0.00302  0.01502  2.72   96211    1445  477764  3055143  31.75
1980-1989     50-54     0.00494  0.02441  2.69   94766    2314  468488  2577379  27.20
1980-1989     55-59     0.00813  0.03991  2.70   92452    3690  453763  2108891  22.81
1980-1989     60-64     0.01375  0.06664  2.68   88762    5915  430062  1655127  18.65
1980-1989     65-69     0.02360  0.11185  2.67   82847    9267  392672  1225065  14.79
1980-1989     70-74     0.04136  0.18846  2.65   73580   13867  335246   832393  11.31
1980-1989     75-79     0.07366  0.31272  2.59   59713   18674  253496   497147   8.33
1980-1989     80-84     0.12784  0.48226  2.45   41040   19792  154822   243651   5.94
1980-1989     85-89     0.20848  0.66307  2.26   21248   14089   67580    88830   4.18
1980-1989     90-94     0.31732  0.81528  2.02    7159    5837   18394    21249   2.97
1980-1989     95-99     0.45334  0.91335  1.73    1322    1208    2664     2855   2.16
1980-1989    100-104    0.59610  0.96103  1.47     115     110     185      191   1.67
1980-1989    105-109    0.72573  0.98108  1.28       4       4       6        6   1.38
1980-1989    110+       0.81627  1.00000  1.23       0       0       0        0   1.23
1990-1999        0      0.00694  0.00690  0.13  100000     690   99403  7674592  76.75
1990-1999      1-4      0.00035  0.00139  1.58   99310     138  396909  7575189  76.28
1990-1999      5-9      0.00018  0.00092  2.41   99173      92  495627  7178280  72.38
1990-1999     10-14     0.00016  0.00082  2.56   99081      82  495206  6682653  67.45
1990-1999     15-19     0.00032  0.00161  2.72   98999     159  494635  6187448  62.50
1990-1999     20-24     0.00037  0.00186  2.52   98840     184  493747  5692813  57.60
1990-1999     25-29     0.00039  0.00195  2.56   98657     193  492814  5199066  52.70
1990-1999     30-34     0.00058  0.00287  2.69   98464     283  491667  4706252  47.80
1990-1999     35-39     0.00095  0.00475  2.72   98181     466  489841  4214585  42.93
1990-1999     40-44     0.00158  0.00790  2.73   97715     772  486822  3724744  38.12
1990-1999     45-49     0.00265  0.01318  2.68   96943    1277  481750  3237922  33.40
1990-1999     50-54     0.00415  0.02057  2.68   95666    1968  473766  2756172  28.81
1990-1999     55-59     0.00681  0.03351  2.68   93698    3140  461217  2282405  24.36
1990-1999     60-64     0.01129  0.05502  2.68   90558    4983  441232  1821188  20.11
1990-1999     65-69     0.01934  0.09252  2.67   85575    7917  409423  1379956  16.13
1990-1999     70-74     0.03349  0.15524  2.65   77658   12055  359929   970534  12.50
1990-1999     75-79     0.05951  0.26066  2.62   65603   17100  287336   610605   9.31
1990-1999     80-84     0.10574  0.41826  2.50   48503   20287  191861   323269   6.66
1990-1999     85-89     0.17886  0.60638  2.35   28216   17110   95659   131407   4.66
1990-1999     90-94     0.28795  0.78279  2.09   11106    8694   30192    35749   3.22
1990-1999     95-99     0.42224  0.89758  1.80    2412    2165    5128     5557   2.30
1990-1999    100-104    0.57192  0.95578  1.52     247     236     413      428   1.73
1990-1999    105-109    0.71117  0.97965  1.30      11      11      15       15   1.40
1990-1999    110+       0.80906  1.00000  1.24       0       0       0        0   1.24
2000-2009        0      0.00305  0.00304  0.14  100000     304   99740  7932117  79.32
2000-2009      1-4      0.00020  0.00080  1.58   99696      79  398592  7832377  78.56
2000-2009      5-9      0.00011  0.00054  2.39   99617      54  497943  7433785  74.62
2000-2009     10-14     0.00013  0.00063  2.60   99563      62  497665  6935842  69.66
2000-2009     15-19     0.00025  0.00126  2.71   99501     125  497216  6438177  64.70
2000-2009     20-24     0.00029  0.00144  2.51   99375     143  496521  5940961  59.78
2000-2009     25-29     0.00030  0.00149  2.55   99233     148  495801  5444440  54.87
2000-2009     30-34     0.00043  0.00215  2.69   99084     213  494930  4948639  49.94
2000-2009     35-39     0.00071  0.00354  2.71   98871     350  493556  4453709  45.05
2000-2009     40-44     0.00127  0.00631  2.70   98521     622  491176  3960154  40.20
2000-2009     45-49     0.00216  0.01072  2.72   97900    1050  487109  3468978  35.43
2000-2009     50-54     0.00347  0.01721  2.66   96850    1666  480346  2981869  30.79
2000-2009     55-59     0.00556  0.02745  2.69   95183    2613  469879  2501523  26.28
2000-2009     60-64     0.00866  0.04243  2.66   92570    3928  453676  2031645  21.95
2000-2009     65-69     0.01424  0.06893  2.69   88642    6110  429090  1577968  17.80
2000-2009     70-74     0.02497  0.11803  2.69   82532    9742  390162  1148878  13.92
2000-2009     75-79     0.04633  0.20892  2.65   72791   15207  328245   758717  10.42
2000-2009     80-84     0.08527  0.35294  2.56   57584   20323  238338   430471   7.48
2000-2009     85-89     0.15354  0.54977  2.42   37260   20485  133416   192134   5.16
2000-2009     90-94     0.25903  0.74716  2.17   16776   12534   48388    58718   3.50
2000-2009     95-99     0.39651  0.88274  1.86    4241    3744    9443    10329   2.44
2000-2009    100-104    0.55522  0.95203  1.55     497     473     853      887   1.78
2000-2009    105-109    0.70538  0.97924  1.31      24      23      33       34   1.41
2000-2009    110+       0.81048  1.00000  1.23       0       0       1        1   1.23
2010-2019        0      0.00224  0.00223  0.14  100000     223   99809  8146286  81.46
2010-2019      1-4      0.00014  0.00054  1.65   99777      54  398981  8046477  80.64
2010-2019      5-9      0.00009  0.00044  2.44   99723      44  498502  7647496  76.69
2010-2019     10-14     0.00009  0.00043  2.89   99679      43  498305  7148995  71.72
2010-2019     15-19     0.00020  0.00100  2.72   99636     100  497954  6650690  66.75
2010-2019     20-24     0.00024  0.00121  2.58   99536     121  497391  6152736  61.81
2010-2019     25-29     0.00026  0.00131  2.56   99416     130  496761  5655346  56.89
2010-2019     30-34     0.00037  0.00184  2.68   99286     182  496004  5158584  51.96
2010-2019     35-39     0.00057  0.00285  2.69   99103     283  494863  4662581  47.05
2010-2019     40-44     0.00094  0.00469  2.71   98820     464  493039  4167718  42.17
2010-2019     45-49     0.00164  0.00819  2.70   98356     806  489932  3674679  37.36
2010-2019     50-54     0.00264  0.01314  2.69   97550    1281  484794  3184747  32.65
2010-2019     55-59     0.00440  0.02179  2.70   96269    2098  476524  2699953  28.05
2010-2019     60-64     0.00722  0.03551  2.67   94172    3344  463057  2223429  23.61
2010-2019     65-69     0.01173  0.05707  2.66   90827    5183  442032  1760372  19.38
2010-2019     70-74     0.01940  0.09281  2.67   85644    7949  409701  1318339  15.39
2010-2019     75-79     0.03431  0.15892  2.69   77695   12347  359921   908638  11.69
2010-2019     80-84     0.06723  0.29013  2.64   65348   18959  281998   548717   8.40
2010-2019     85-89     0.12948  0.48886  2.50   46389   22678  175140   266720   5.75
2010-2019     90-94     0.22669  0.69655  2.23   23711   16516   72855    91579   3.86
2010-2019     95-99     0.36738  0.86300  1.93    7195    6209   16902    18724   2.60
2010-2019    100-104    0.53416  0.94667  1.59     986     933    1747     1822   1.85
2010-2019    105-109    0.69589  0.97838  1.33      53      51      74       75   1.43
2010-2019    110+       0.80921  1.00000  1.24       1       1       1        1   1.24
