Czechia, Life tables (period 1x10), Males	Last modified: 23 May 2021;  Methods Protocol: v6 (2017)

  Year          Age         mx       qx    ax      lx      dx      Lx       Tx     ex
1950-1959        0      0.04162  0.04022  0.16  100000    4022   96637  6523126  65.23
1950-1959        1      0.00332  0.00332  0.50   95978     318   95818  6426489  66.96
1950-1959        2      0.00173  0.00173  0.50   95659     165   95577  6330670  66.18
1950-1959        3      0.00126  0.00126  0.50   95494     120   95434  6235094  65.29
1950-1959        4      0.00095  0.00095  0.50   95373      91   95328  6139660  64.37
1950-1959        5      0.00076  0.00076  0.50   95283      73   95246  6044332  63.44
1950-1959        6      0.00075  0.00075  0.50   95210      72   95174  5949086  62.48
1950-1959        7      0.00069  0.00069  0.50   95138      66   95105  5853912  61.53
1950-1959        8      0.00065  0.00065  0.50   95072      62   95042  5758806  60.57
1950-1959        9      0.00061  0.00061  0.50   95011      58   94982  5663765  59.61
1950-1959       10      0.00062  0.00062  0.50   94953      59   94924  5568783  58.65
1950-1959       11      0.00061  0.00061  0.50   94894      58   94865  5473859  57.68
1950-1959       12      0.00059  0.00059  0.50   94836      56   94808  5378994  56.72
1950-1959       13      0.00064  0.00064  0.50   94780      61   94750  5284186  55.75
1950-1959       14      0.00076  0.00076  0.50   94719      72   94683  5189437  54.79
1950-1959       15      0.00086  0.00086  0.50   94647      82   94607  5094754  53.83
1950-1959       16      0.00106  0.00106  0.50   94566     100   94516  5000147  52.87
1950-1959       17      0.00135  0.00135  0.50   94465     127   94402  4905631  51.93
1950-1959       18      0.00173  0.00173  0.50   94338     163   94256  4811230  51.00
1950-1959       19      0.00180  0.00180  0.50   94175     169   94090  4716973  50.09
1950-1959       20      0.00175  0.00175  0.50   94005     164   93923  4622883  49.18
1950-1959       21      0.00186  0.00185  0.50   93841     174   93754  4528960  48.26
1950-1959       22      0.00188  0.00188  0.50   93667     176   93579  4435206  47.35
1950-1959       23      0.00192  0.00192  0.50   93491     180   93401  4341627  46.44
1950-1959       24      0.00187  0.00187  0.50   93311     174   93224  4248226  45.53
1950-1959       25      0.00189  0.00189  0.50   93137     176   93049  4155002  44.61
1950-1959       26      0.00187  0.00187  0.50   92961     174   92874  4061953  43.70
1950-1959       27      0.00182  0.00181  0.50   92787     168   92703  3969079  42.78
1950-1959       28      0.00186  0.00186  0.50   92619     173   92533  3876376  41.85
1950-1959       29      0.00189  0.00189  0.50   92446     175   92359  3783843  40.93
1950-1959       30      0.00195  0.00195  0.50   92271     180   92181  3691485  40.01
1950-1959       31      0.00194  0.00194  0.50   92091     179   92002  3599303  39.08
1950-1959       32      0.00205  0.00205  0.50   91913     188   91818  3507301  38.16
1950-1959       33      0.00217  0.00217  0.50   91724     199   91625  3415483  37.24
1950-1959       34      0.00230  0.00230  0.50   91525     210   91420  3323858  36.32
1950-1959       35      0.00251  0.00251  0.50   91315     229   91200  3232438  35.40
1950-1959       36      0.00241  0.00241  0.50   91086     219   90976  3141237  34.49
1950-1959       37      0.00269  0.00269  0.50   90867     244   90744  3050261  33.57
1950-1959       38      0.00265  0.00265  0.50   90622     240   90502  2959517  32.66
1950-1959       39      0.00297  0.00297  0.50   90383     268   90248  2869014  31.74
1950-1959       40      0.00332  0.00331  0.50   90114     298   89965  2778766  30.84
1950-1959       41      0.00356  0.00355  0.50   89816     319   89656  2688801  29.94
1950-1959       42      0.00383  0.00383  0.50   89497     342   89326  2599144  29.04
1950-1959       43      0.00414  0.00413  0.50   89155     369   88970  2509819  28.15
1950-1959       44      0.00456  0.00455  0.50   88786     404   88584  2420848  27.27
1950-1959       45      0.00505  0.00504  0.50   88382     445   88159  2332265  26.39
1950-1959       46      0.00544  0.00542  0.50   87936     477   87698  2244106  25.52
1950-1959       47      0.00614  0.00612  0.50   87460     535   87192  2156408  24.66
1950-1959       48      0.00678  0.00676  0.50   86924     588   86630  2069216  23.80
1950-1959       49      0.00782  0.00779  0.50   86337     673   86000  1982585  22.96
1950-1959       50      0.00890  0.00886  0.50   85664     759   85285  1896585  22.14
1950-1959       51      0.00966  0.00961  0.50   84905     816   84497  1811300  21.33
1950-1959       52      0.01109  0.01103  0.50   84089     928   83625  1726803  20.54
1950-1959       53      0.01218  0.01210  0.50   83162    1006   82658  1643178  19.76
1950-1959       54      0.01375  0.01366  0.50   82155    1122   81594  1560519  18.99
1950-1959       55      0.01504  0.01493  0.50   81033    1210   80428  1478925  18.25
1950-1959       56      0.01677  0.01663  0.50   79823    1327   79159  1398497  17.52
1950-1959       57      0.01842  0.01825  0.50   78496    1433   77779  1319338  16.81
1950-1959       58      0.02059  0.02038  0.50   77063    1571   76278  1241559  16.11
1950-1959       59      0.02218  0.02194  0.50   75492    1656   74664  1165281  15.44
1950-1959       60      0.02508  0.02477  0.50   73836    1829   72921  1090617  14.77
1950-1959       61      0.02679  0.02643  0.50   72007    1903   71055  1017696  14.13
1950-1959       62      0.02903  0.02862  0.50   70104    2006   69100   946640  13.50
1950-1959       63      0.03143  0.03094  0.50   68097    2107   67044   877540  12.89
1950-1959       64      0.03455  0.03397  0.50   65990    2241   64870   810496  12.28
1950-1959       65      0.03813  0.03742  0.50   63749    2385   62556   745627  11.70
1950-1959       66      0.04105  0.04022  0.50   61364    2468   60130   683070  11.13
1950-1959       67      0.04490  0.04391  0.50   58896    2586   57602   622941  10.58
1950-1959       68      0.04949  0.04829  0.50   56309    2719   54950   565338  10.04
1950-1959       69      0.05364  0.05224  0.50   53590    2800   52190   510389   9.52
1950-1959       70      0.05831  0.05666  0.50   50790    2878   49351   458199   9.02
1950-1959       71      0.06389  0.06191  0.50   47913    2966   46430   408847   8.53
1950-1959       72      0.06966  0.06732  0.50   44946    3026   43434   362417   8.06
1950-1959       73      0.07619  0.07339  0.50   41921    3077   40383   318984   7.61
1950-1959       74      0.08355  0.08020  0.50   38844    3115   37286   278601   7.17
1950-1959       75      0.09014  0.08625  0.50   35729    3082   34188   241315   6.75
1950-1959       76      0.09950  0.09478  0.50   32647    3094   31100   207127   6.34
1950-1959       77      0.10716  0.10171  0.50   29553    3006   28050   176027   5.96
1950-1959       78      0.11963  0.11287  0.50   26547    2996   25049   147977   5.57
1950-1959       79      0.13153  0.12341  0.50   23550    2906   22097   122928   5.22
1950-1959       80      0.14512  0.13531  0.50   20644    2793   19247   100831   4.88
1950-1959       81      0.15689  0.14547  0.50   17851    2597   16552    81584   4.57
1950-1959       82      0.17339  0.15955  0.50   15254    2434   14037    65032   4.26
1950-1959       83      0.19304  0.17604  0.50   12820    2257   11692    50994   3.98
1950-1959       84      0.21286  0.19239  0.50   10563    2032    9547    39303   3.72
1950-1959       85      0.22904  0.20551  0.50    8531    1753    7654    29756   3.49
1950-1959       86      0.25304  0.22462  0.50    6778    1522    6017    22101   3.26
1950-1959       87      0.27070  0.23843  0.50    5255    1253    4629    16085   3.06
1950-1959       88      0.29765  0.25909  0.50    4002    1037    3484    11456   2.86
1950-1959       89      0.32883  0.28240  0.50    2965     837    2547     7972   2.69
1950-1959       90      0.33417  0.28633  0.50    2128     609    1823     5425   2.55
1950-1959       91      0.38417  0.32227  0.50    1519     489    1274     3602   2.37
1950-1959       92      0.39784  0.33183  0.50    1029     342     858     2328   2.26
1950-1959       93      0.41641  0.34465  0.50     688     237     569     1470   2.14
1950-1959       94      0.46759  0.37899  0.50     451     171     365      901   2.00
1950-1959       95      0.48656  0.39135  0.50     280     110     225      535   1.91
1950-1959       96      0.51537  0.40978  0.50     170      70     135      310   1.82
1950-1959       97      0.54408  0.42772  0.50     101      43      79      175   1.74
1950-1959       98      0.57251  0.44510  0.50      58      26      45       96   1.66
1950-1959       99      0.60046  0.46181  0.50      32      15      25       51   1.59
1950-1959      100      0.62777  0.47780  0.50      17       8      13       26   1.53
1950-1959      101      0.65429  0.49301  0.50       9       4       7       13   1.48
1950-1959      102      0.67989  0.50740  0.50       5       2       3        6   1.43
1950-1959      103      0.70444  0.52095  0.50       2       1       2        3   1.38
1950-1959      104      0.72787  0.53365  0.50       1       1       1        1   1.34
1950-1959      105      0.75010  0.54551  0.50       1       0       0        1   1.31
1950-1959      106      0.77108  0.55652  0.50       0       0       0        0   1.27
1950-1959      107      0.79079  0.56672  0.50       0       0       0        0   1.25
1950-1959      108      0.80923  0.57612  0.50       0       0       0        0   1.22
1950-1959      109      0.82640  0.58477  0.50       0       0       0        0   1.20
1950-1959      110+     0.84232  1.00000  1.19       0       0       0        0   1.19
1960-1969        0      0.02441  0.02389  0.11  100000    2389   97869  6699367  66.99
1960-1969        1      0.00175  0.00175  0.50   97611     171   97526  6601498  67.63
1960-1969        2      0.00107  0.00107  0.50   97440     104   97388  6503972  66.75
1960-1969        3      0.00084  0.00084  0.50   97336      82   97295  6406584  65.82
1960-1969        4      0.00070  0.00070  0.50   97255      68   97220  6309288  64.87
1960-1969        5      0.00059  0.00058  0.50   97186      57   97158  6212068  63.92
1960-1969        6      0.00055  0.00055  0.50   97130      54   97103  6114910  62.96
1960-1969        7      0.00060  0.00060  0.50   97076      58   97047  6017807  61.99
1960-1969        8      0.00051  0.00051  0.50   97018      50   96993  5920760  61.03
1960-1969        9      0.00048  0.00048  0.50   96968      47   96944  5823768  60.06
1960-1969       10      0.00045  0.00045  0.50   96921      44   96899  5726823  59.09
1960-1969       11      0.00042  0.00042  0.50   96878      40   96857  5629924  58.11
1960-1969       12      0.00047  0.00047  0.50   96837      45   96815  5533066  57.14
1960-1969       13      0.00049  0.00049  0.50   96792      48   96768  5436252  56.16
1960-1969       14      0.00055  0.00055  0.50   96745      53   96718  5339483  55.19
1960-1969       15      0.00066  0.00066  0.50   96691      64   96659  5242765  54.22
1960-1969       16      0.00084  0.00084  0.50   96628      81   96587  5146106  53.26
1960-1969       17      0.00134  0.00134  0.50   96547     129   96482  5049519  52.30
1960-1969       18      0.00165  0.00165  0.50   96418     159   96338  4953037  51.37
1960-1969       19      0.00157  0.00157  0.50   96258     151   96183  4856699  50.45
1960-1969       20      0.00166  0.00166  0.50   96108     159   96028  4760516  49.53
1960-1969       21      0.00183  0.00183  0.50   95948     175   95860  4664488  48.61
1960-1969       22      0.00182  0.00182  0.50   95773     174   95686  4568627  47.70
1960-1969       23      0.00176  0.00176  0.50   95599     168   95515  4472941  46.79
1960-1969       24      0.00173  0.00173  0.50   95431     165   95348  4377426  45.87
1960-1969       25      0.00166  0.00166  0.50   95266     158   95187  4282078  44.95
1960-1969       26      0.00167  0.00167  0.50   95107     159   95028  4186891  44.02
1960-1969       27      0.00162  0.00162  0.50   94948     153   94872  4091864  43.10
1960-1969       28      0.00168  0.00168  0.50   94795     159   94715  3996992  42.16
1960-1969       29      0.00171  0.00171  0.50   94636     162   94555  3902276  41.23
1960-1969       30      0.00177  0.00177  0.50   94474     167   94390  3807722  40.30
1960-1969       31      0.00168  0.00168  0.50   94307     158   94228  3713331  39.37
1960-1969       32      0.00198  0.00197  0.50   94149     186   94056  3619104  38.44
1960-1969       33      0.00204  0.00204  0.50   93963     192   93867  3525048  37.52
1960-1969       34      0.00207  0.00207  0.50   93771     194   93674  3431181  36.59
1960-1969       35      0.00207  0.00206  0.50   93577     193   93480  3337507  35.67
1960-1969       36      0.00225  0.00224  0.50   93384     209   93279  3244026  34.74
1960-1969       37      0.00245  0.00245  0.50   93174     228   93060  3150747  33.82
1960-1969       38      0.00269  0.00269  0.50   92946     250   92821  3057687  32.90
1960-1969       39      0.00288  0.00288  0.50   92696     267   92563  2964865  31.98
1960-1969       40      0.00319  0.00318  0.50   92430     294   92283  2872302  31.08
1960-1969       41      0.00339  0.00339  0.50   92135     312   91979  2780020  30.17
1960-1969       42      0.00364  0.00363  0.50   91824     334   91657  2688040  29.27
1960-1969       43      0.00414  0.00413  0.50   91490     378   91301  2596384  28.38
1960-1969       44      0.00468  0.00467  0.50   91112     425   90899  2505083  27.49
1960-1969       45      0.00487  0.00486  0.50   90686     441   90466  2414184  26.62
1960-1969       46      0.00540  0.00539  0.50   90246     486   90003  2323718  25.75
1960-1969       47      0.00573  0.00572  0.50   89759     513   89503  2233715  24.89
1960-1969       48      0.00636  0.00634  0.50   89246     566   88964  2144212  24.03
1960-1969       49      0.00679  0.00677  0.50   88681     600   88380  2055249  23.18
1960-1969       50      0.00768  0.00765  0.50   88080     674   87743  1966868  22.33
1960-1969       51      0.00861  0.00857  0.50   87407     749   87032  1879125  21.50
1960-1969       52      0.00937  0.00932  0.50   86657     808   86253  1792093  20.68
1960-1969       53      0.01078  0.01072  0.50   85849     920   85389  1705840  19.87
1960-1969       54      0.01195  0.01188  0.50   84929    1009   84425  1620450  19.08
1960-1969       55      0.01343  0.01334  0.50   83920    1119   83361  1536026  18.30
1960-1969       56      0.01486  0.01475  0.50   82801    1221   82190  1452665  17.54
1960-1969       57      0.01674  0.01660  0.50   81580    1354   80902  1370475  16.80
1960-1969       58      0.01895  0.01878  0.50   80225    1506   79472  1289572  16.07
1960-1969       59      0.02120  0.02098  0.50   78719    1652   77893  1210100  15.37
1960-1969       60      0.02397  0.02368  0.50   77067    1825   76155  1132207  14.69
1960-1969       61      0.02666  0.02631  0.50   75242    1979   74253  1056052  14.04
1960-1969       62      0.02901  0.02860  0.50   73263    2095   72215   981799  13.40
1960-1969       63      0.03290  0.03236  0.50   71168    2303   70016   909584  12.78
1960-1969       64      0.03563  0.03501  0.50   68865    2411   67659   839568  12.19
1960-1969       65      0.03914  0.03839  0.50   66454    2551   65178   771909  11.62
1960-1969       66      0.04313  0.04222  0.50   63903    2698   62554   706730  11.06
1960-1969       67      0.04730  0.04621  0.50   61205    2828   59791   644176  10.52
1960-1969       68      0.05181  0.05050  0.50   58377    2948   56903   584385  10.01
1960-1969       69      0.05596  0.05444  0.50   55429    3017   53920   527482   9.52
1960-1969       70      0.06069  0.05890  0.50   52411    3087   50868   473562   9.04
1960-1969       71      0.06558  0.06349  0.50   49324    3132   47758   422694   8.57
1960-1969       72      0.07201  0.06950  0.50   46192    3211   44587   374936   8.12
1960-1969       73      0.07804  0.07511  0.50   42982    3228   41368   330349   7.69
1960-1969       74      0.08387  0.08050  0.50   39754    3200   38154   288981   7.27
1960-1969       75      0.08999  0.08612  0.50   36554    3148   34980   250827   6.86
1960-1969       76      0.09810  0.09351  0.50   33406    3124   31844   215847   6.46
1960-1969       77      0.10843  0.10286  0.50   30282    3115   28725   184003   6.08
1960-1969       78      0.11589  0.10954  0.50   27167    2976   25679   155279   5.72
1960-1969       79      0.12915  0.12132  0.50   24191    2935   22724   129599   5.36
1960-1969       80      0.14241  0.13294  0.50   21257    2826   19844   106875   5.03
1960-1969       81      0.15477  0.14365  0.50   18431    2648   17107    87032   4.72
1960-1969       82      0.16871  0.15558  0.50   15783    2456   14555    69925   4.43
1960-1969       83      0.18487  0.16923  0.50   13328    2255   12200    55370   4.15
1960-1969       84      0.20079  0.18247  0.50   11072    2020   10062    43170   3.90
1960-1969       85      0.21728  0.19598  0.50    9052    1774    8165    33108   3.66
1960-1969       86      0.23550  0.21069  0.50    7278    1533    6511    24943   3.43
1960-1969       87      0.25508  0.22622  0.50    5744    1300    5095    18432   3.21
1960-1969       88      0.28387  0.24859  0.50    4445    1105    3892    13337   3.00
1960-1969       89      0.30173  0.26218  0.50    3340     876    2902     9445   2.83
1960-1969       90      0.32850  0.28216  0.50    2464     695    2117     6543   2.65
1960-1969       91      0.35763  0.30338  0.50    1769     537    1501     4426   2.50
1960-1969       92      0.37162  0.31339  0.50    1232     386    1039     2925   2.37
1960-1969       93      0.39876  0.33247  0.50     846     281     705     1886   2.23
1960-1969       94      0.45612  0.37141  0.50     565     210     460     1181   2.09
1960-1969       95      0.45538  0.37092  0.50     355     132     289      721   2.03
1960-1969       96      0.48244  0.38868  0.50     223      87     180      432   1.93
1960-1969       97      0.50962  0.40613  0.50     137      55     109      252   1.84
1960-1969       98      0.53673  0.42317  0.50      81      34      64      143   1.76
1960-1969       99      0.56363  0.43971  0.50      47      21      36       79   1.69
1960-1969      100      0.59016  0.45569  0.50      26      12      20       42   1.62
1960-1969      101      0.61618  0.47105  0.50      14       7      11       22   1.56
1960-1969      102      0.64154  0.48573  0.50       8       4       6       11   1.51
1960-1969      103      0.66614  0.49970  0.50       4       2       3        6   1.46
1960-1969      104      0.68987  0.51294  0.50       2       1       1        3   1.41
1960-1969      105      0.71264  0.52542  0.50       1       0       1        1   1.37
1960-1969      106      0.73438  0.53714  0.50       0       0       0        1   1.33
1960-1969      107      0.75504  0.54811  0.50       0       0       0        0   1.30
1960-1969      108      0.77459  0.55834  0.50       0       0       0        0   1.27
1960-1969      109      0.79300  0.56785  0.50       0       0       0        0   1.25
1960-1969      110+     0.81028  1.00000  1.23       0       0       0        0   1.23
1970-1979        0      0.02220  0.02177  0.10  100000    2177   98051  6679006  66.79
1970-1979        1      0.00102  0.00102  0.50   97823     100   97773  6580954  67.27
1970-1979        2      0.00069  0.00069  0.50   97723      67   97689  6483181  66.34
1970-1979        3      0.00061  0.00061  0.50   97655      60   97626  6385492  65.39
1970-1979        4      0.00056  0.00056  0.50   97596      54   97569  6287867  64.43
1970-1979        5      0.00051  0.00051  0.50   97542      50   97517  6190298  63.46
1970-1979        6      0.00046  0.00046  0.50   97492      45   97469  6092781  62.50
1970-1979        7      0.00048  0.00048  0.50   97446      47   97423  5995312  61.52
1970-1979        8      0.00046  0.00046  0.50   97400      45   97377  5897889  60.55
1970-1979        9      0.00038  0.00038  0.50   97355      37   97336  5800512  59.58
1970-1979       10      0.00043  0.00043  0.50   97318      41   97297  5703175  58.60
1970-1979       11      0.00041  0.00041  0.50   97276      40   97256  5605878  57.63
1970-1979       12      0.00037  0.00037  0.50   97236      36   97218  5508622  56.65
1970-1979       13      0.00040  0.00040  0.50   97200      38   97181  5411404  55.67
1970-1979       14      0.00055  0.00055  0.50   97162      53   97135  5314223  54.69
1970-1979       15      0.00059  0.00059  0.50   97108      57   97080  5217088  53.72
1970-1979       16      0.00084  0.00084  0.50   97051      81   97010  5120008  52.76
1970-1979       17      0.00113  0.00113  0.50   96970     109   96915  5022998  51.80
1970-1979       18      0.00139  0.00139  0.50   96860     135   96793  4926083  50.86
1970-1979       19      0.00135  0.00135  0.50   96725     130   96660  4829290  49.93
1970-1979       20      0.00136  0.00136  0.50   96595     132   96529  4732630  48.99
1970-1979       21      0.00153  0.00153  0.50   96463     148   96389  4636101  48.06
1970-1979       22      0.00148  0.00148  0.50   96316     143   96244  4539711  47.13
1970-1979       23      0.00141  0.00141  0.50   96173     136   96105  4443467  46.20
1970-1979       24      0.00147  0.00146  0.50   96037     141   95967  4347362  45.27
1970-1979       25      0.00146  0.00146  0.50   95897     140   95827  4251395  44.33
1970-1979       26      0.00143  0.00143  0.50   95757     137   95688  4155568  43.40
1970-1979       27      0.00151  0.00151  0.50   95620     145   95547  4059879  42.46
1970-1979       28      0.00144  0.00144  0.50   95475     137   95406  3964332  41.52
1970-1979       29      0.00153  0.00153  0.50   95338     146   95265  3868926  40.58
1970-1979       30      0.00158  0.00158  0.50   95192     151   95117  3773660  39.64
1970-1979       31      0.00169  0.00169  0.50   95042     160   94962  3678543  38.70
1970-1979       32      0.00179  0.00179  0.50   94881     169   94797  3583582  37.77
1970-1979       33      0.00189  0.00189  0.50   94712     179   94622  3488785  36.84
1970-1979       34      0.00201  0.00201  0.50   94533     190   94438  3394163  35.90
1970-1979       35      0.00218  0.00217  0.50   94343     205   94240  3299725  34.98
1970-1979       36      0.00236  0.00236  0.50   94138     222   94027  3205484  34.05
1970-1979       37      0.00262  0.00261  0.50   93916     245   93793  3111458  33.13
1970-1979       38      0.00296  0.00295  0.50   93670     276   93532  3017665  32.22
1970-1979       39      0.00301  0.00300  0.50   93394     280   93254  2924133  31.31
1970-1979       40      0.00339  0.00338  0.50   93113     315   92956  2830879  30.40
1970-1979       41      0.00370  0.00369  0.50   92799     343   92627  2737923  29.50
1970-1979       42      0.00417  0.00416  0.50   92456     384   92264  2645296  28.61
1970-1979       43      0.00469  0.00468  0.50   92071     431   91856  2553032  27.73
1970-1979       44      0.00497  0.00496  0.50   91641     454   91413  2461176  26.86
1970-1979       45      0.00544  0.00543  0.50   91186     495   90939  2369763  25.99
1970-1979       46      0.00612  0.00610  0.50   90691     553   90415  2278824  25.13
1970-1979       47      0.00681  0.00679  0.50   90138     612   89832  2188409  24.28
1970-1979       48      0.00751  0.00748  0.50   89526     670   89191  2098577  23.44
1970-1979       49      0.00832  0.00828  0.50   88856     736   88488  2009386  22.61
1970-1979       50      0.00954  0.00950  0.50   88120     837   87702  1920898  21.80
1970-1979       51      0.01041  0.01036  0.50   87283     904   86831  1833196  21.00
1970-1979       52      0.01121  0.01115  0.50   86379     963   85897  1746365  20.22
1970-1979       53      0.01258  0.01250  0.50   85416    1068   84882  1660467  19.44
1970-1979       54      0.01364  0.01355  0.50   84348    1143   83777  1575585  18.68
1970-1979       55      0.01535  0.01523  0.50   83206    1268   82572  1491809  17.93
1970-1979       56      0.01655  0.01642  0.50   81938    1345   81266  1409237  17.20
1970-1979       57      0.01814  0.01798  0.50   80593    1449   79868  1327971  16.48
1970-1979       58      0.01994  0.01975  0.50   79144    1563   78362  1248103  15.77
1970-1979       59      0.02165  0.02142  0.50   77581    1662   76750  1169740  15.08
1970-1979       60      0.02379  0.02351  0.50   75919    1785   75026  1092990  14.40
1970-1979       61      0.02667  0.02632  0.50   74134    1951   73158  1017964  13.73
1970-1979       62      0.02929  0.02887  0.50   72183    2084   71141   944805  13.09
1970-1979       63      0.03218  0.03167  0.50   70099    2220   68989   873665  12.46
1970-1979       64      0.03575  0.03512  0.50   67879    2384   66687   804675  11.85
1970-1979       65      0.03953  0.03876  0.50   65495    2539   64226   737988  11.27
1970-1979       66      0.04361  0.04268  0.50   62956    2687   61613   673763  10.70
1970-1979       67      0.04773  0.04662  0.50   60269    2810   58864   612150  10.16
1970-1979       68      0.05326  0.05188  0.50   57459    2981   55969   553286   9.63
1970-1979       69      0.05857  0.05690  0.50   54478    3100   52929   497317   9.13
1970-1979       70      0.06408  0.06209  0.50   51379    3190   49784   444388   8.65
1970-1979       71      0.07013  0.06775  0.50   48189    3265   46556   394604   8.19
1970-1979       72      0.07654  0.07372  0.50   44924    3312   43268   348048   7.75
1970-1979       73      0.08398  0.08059  0.50   41612    3354   39935   304780   7.32
1970-1979       74      0.09094  0.08699  0.50   38259    3328   36595   264844   6.92
1970-1979       75      0.09966  0.09493  0.50   34931    3316   33273   228250   6.53
1970-1979       76      0.10742  0.10194  0.50   31615    3223   30003   194977   6.17
1970-1979       77      0.11748  0.11097  0.50   28392    3151   26817   164974   5.81
1970-1979       78      0.12773  0.12006  0.50   25241    3031   23726   138157   5.47
1970-1979       79      0.14205  0.13263  0.50   22211    2946   20738   114431   5.15
1970-1979       80      0.14979  0.13936  0.50   19265    2685   17923    93693   4.86
1970-1979       81      0.16165  0.14956  0.50   16580    2480   15340    75770   4.57
1970-1979       82      0.17908  0.16436  0.50   14101    2318   12942    60430   4.29
1970-1979       83      0.19125  0.17456  0.50   11783    2057   10754    47488   4.03
1970-1979       84      0.21342  0.19284  0.50    9726    1876    8788    36734   3.78
1970-1979       85      0.22707  0.20392  0.50    7850    1601    7050    27945   3.56
1970-1979       86      0.24545  0.21862  0.50    6250    1366    5566    20895   3.34
1970-1979       87      0.27348  0.24058  0.50    4883    1175    4296    15329   3.14
1970-1979       88      0.28399  0.24868  0.50    3708     922    3247    11033   2.98
1970-1979       89      0.31088  0.26906  0.50    2786     750    2411     7786   2.79
1970-1979       90      0.32844  0.28211  0.50    2037     575    1749     5374   2.64
1970-1979       91      0.35359  0.30047  0.50    1462     439    1242     3625   2.48
1970-1979       92      0.40063  0.33377  0.50    1023     341     852     2383   2.33
1970-1979       93      0.41054  0.34062  0.50     681     232     565     1530   2.25
1970-1979       94      0.42491  0.35045  0.50     449     157     371      965   2.15
1970-1979       95      0.45505  0.37071  0.50     292     108     238      595   2.04
1970-1979       96      0.48091  0.38769  0.50     184      71     148      357   1.94
1970-1979       97      0.50687  0.40438  0.50     112      45      90      209   1.86
1970-1979       98      0.53279  0.42072  0.50      67      28      53      119   1.78
1970-1979       99      0.55854  0.43661  0.50      39      17      30       66   1.71
1970-1979      100      0.58398  0.45200  0.50      22      10      17       36   1.64
1970-1979      101      0.60898  0.46683  0.50      12       6       9       19   1.58
1970-1979      102      0.63341  0.48106  0.50       6       3       5       10   1.53
1970-1979      103      0.65718  0.49465  0.50       3       2       2        5   1.48
1970-1979      104      0.68019  0.50757  0.50       2       1       1        2   1.43
1970-1979      105      0.70235  0.51981  0.50       1       0       1        1   1.39
1970-1979      106      0.72360  0.53136  0.50       0       0       0        1   1.35
1970-1979      107      0.74389  0.54222  0.50       0       0       0        0   1.32
1970-1979      108      0.76318  0.55239  0.50       0       0       0        0   1.29
1970-1979      109      0.78144  0.56189  0.50       0       0       0        0   1.27
1970-1979      110+     0.79866  1.00000  1.25       0       0       0        0   1.25
1980-1989        0      0.01547  0.01526  0.12  100000    1526   98655  6744149  67.44
1980-1989        1      0.00082  0.00082  0.50   98474      81   98433  6645495  67.48
1980-1989        2      0.00051  0.00051  0.50   98393      50   98368  6547062  66.54
1980-1989        3      0.00044  0.00044  0.50   98342      43   98321  6448694  65.57
1980-1989        4      0.00045  0.00045  0.50   98299      44   98277  6350373  64.60
1980-1989        5      0.00040  0.00040  0.50   98255      39   98235  6252096  63.63
1980-1989        6      0.00043  0.00043  0.50   98215      42   98195  6153861  62.66
1980-1989        7      0.00039  0.00039  0.50   98174      39   98154  6055666  61.68
1980-1989        8      0.00034  0.00034  0.50   98135      33   98118  5957512  60.71
1980-1989        9      0.00034  0.00034  0.50   98102      33   98085  5859394  59.73
1980-1989       10      0.00029  0.00029  0.50   98069      28   98055  5761308  58.75
1980-1989       11      0.00030  0.00030  0.50   98041      29   98026  5663254  57.76
1980-1989       12      0.00029  0.00029  0.50   98011      28   97997  5565228  56.78
1980-1989       13      0.00034  0.00034  0.50   97983      33   97967  5467230  55.80
1980-1989       14      0.00040  0.00040  0.50   97950      39   97931  5369263  54.82
1980-1989       15      0.00046  0.00046  0.50   97911      45   97889  5271333  53.84
1980-1989       16      0.00065  0.00065  0.50   97866      64   97834  5173444  52.86
1980-1989       17      0.00086  0.00086  0.50   97802      84   97760  5075610  51.90
1980-1989       18      0.00113  0.00113  0.50   97718     110   97663  4977850  50.94
1980-1989       19      0.00103  0.00103  0.50   97608     100   97558  4880188  50.00
1980-1989       20      0.00100  0.00100  0.50   97507      97   97459  4782630  49.05
1980-1989       21      0.00110  0.00110  0.50   97410     107   97357  4685171  48.10
1980-1989       22      0.00118  0.00118  0.50   97304     115   97246  4587814  47.15
1980-1989       23      0.00123  0.00123  0.50   97188     120   97128  4490568  46.20
1980-1989       24      0.00131  0.00131  0.50   97069     127   97005  4393440  45.26
1980-1989       25      0.00120  0.00120  0.50   96942     116   96884  4296435  44.32
1980-1989       26      0.00121  0.00121  0.50   96826     117   96767  4199551  43.37
1980-1989       27      0.00125  0.00125  0.50   96709     121   96648  4102784  42.42
1980-1989       28      0.00131  0.00131  0.50   96588     127   96525  4006136  41.48
1980-1989       29      0.00135  0.00135  0.50   96461     130   96396  3909611  40.53
1980-1989       30      0.00152  0.00152  0.50   96331     146   96258  3813215  39.58
1980-1989       31      0.00157  0.00157  0.50   96185     151   96109  3716957  38.64
1980-1989       32      0.00161  0.00161  0.50   96034     155   95956  3620848  37.70
1980-1989       33      0.00171  0.00171  0.50   95879     164   95797  3524891  36.76
1980-1989       34      0.00183  0.00183  0.50   95715     175   95627  3429095  35.83
1980-1989       35      0.00201  0.00201  0.50   95539     192   95443  3333468  34.89
1980-1989       36      0.00233  0.00233  0.50   95347     222   95236  3238024  33.96
1980-1989       37      0.00243  0.00242  0.50   95125     230   95010  3142788  33.04
1980-1989       38      0.00277  0.00277  0.50   94895     263   94763  3047778  32.12
1980-1989       39      0.00305  0.00305  0.50   94632     288   94488  2953015  31.21
1980-1989       40      0.00348  0.00347  0.50   94343     327   94180  2858527  30.30
1980-1989       41      0.00380  0.00379  0.50   94016     356   93838  2764348  29.40
1980-1989       42      0.00424  0.00423  0.50   93660     396   93462  2670510  28.51
1980-1989       43      0.00463  0.00462  0.50   93264     431   93048  2577048  27.63
1980-1989       44      0.00504  0.00503  0.50   92833     467   92599  2484000  26.76
1980-1989       45      0.00577  0.00576  0.50   92366     532   92100  2391400  25.89
1980-1989       46      0.00647  0.00645  0.50   91834     593   91538  2299300  25.04
1980-1989       47      0.00711  0.00709  0.50   91242     647   90918  2207762  24.20
1980-1989       48      0.00768  0.00765  0.50   90595     693   90249  2116844  23.37
1980-1989       49      0.00890  0.00886  0.50   89902     797   89504  2026595  22.54
1980-1989       50      0.00961  0.00956  0.50   89105     852   88679  1937091  21.74
1980-1989       51      0.01091  0.01085  0.50   88253     957   87775  1848412  20.94
1980-1989       52      0.01166  0.01159  0.50   87296    1012   86790  1760637  20.17
1980-1989       53      0.01306  0.01298  0.50   86284    1120   85724  1673847  19.40
1980-1989       54      0.01426  0.01415  0.50   85165    1205   84562  1588122  18.65
1980-1989       55      0.01575  0.01563  0.50   83959    1312   83303  1503561  17.91
1980-1989       56      0.01739  0.01724  0.50   82647    1425   81935  1420257  17.18
1980-1989       57      0.01913  0.01895  0.50   81222    1539   80453  1338323  16.48
1980-1989       58      0.02146  0.02123  0.50   79683    1692   78837  1257870  15.79
1980-1989       59      0.02360  0.02332  0.50   77991    1819   77082  1179033  15.12
1980-1989       60      0.02590  0.02557  0.50   76172    1948   75198  1101951  14.47
1980-1989       61      0.02827  0.02788  0.50   74225    2069   73190  1026753  13.83
1980-1989       62      0.03111  0.03063  0.50   72155    2210   71050   953563  13.22
1980-1989       63      0.03359  0.03303  0.50   69945    2310   68790   882513  12.62
1980-1989       64      0.03663  0.03597  0.50   67635    2433   66418   813723  12.03
1980-1989       65      0.04045  0.03964  0.50   65202    2585   63910   747305  11.46
1980-1989       66      0.04282  0.04192  0.50   62617    2625   61305   683395  10.91
1980-1989       67      0.04661  0.04555  0.50   59992    2733   58626   622091  10.37
1980-1989       68      0.05065  0.04940  0.50   57259    2829   55845   563465   9.84
1980-1989       69      0.05568  0.05418  0.50   54431    2949   52956   507620   9.33
1980-1989       70      0.06117  0.05935  0.50   51482    3056   49954   454663   8.83
1980-1989       71      0.06597  0.06386  0.50   48426    3093   46880   404709   8.36
1980-1989       72      0.07223  0.06972  0.50   45334    3161   43754   357829   7.89
1980-1989       73      0.08003  0.07695  0.50   42173    3245   40551   314076   7.45
1980-1989       74      0.08710  0.08347  0.50   38928    3249   37303   273525   7.03
1980-1989       75      0.09447  0.09020  0.50   35679    3218   34070   236222   6.62
1980-1989       76      0.10456  0.09936  0.50   32460    3225   30848   202152   6.23
1980-1989       77      0.11439  0.10820  0.50   29235    3163   27654   171304   5.86
1980-1989       78      0.12588  0.11843  0.50   26072    3088   24528   143651   5.51
1980-1989       79      0.13621  0.12753  0.50   22984    2931   21519   119122   5.18
1980-1989       80      0.15058  0.14004  0.50   20053    2808   18649    97604   4.87
1980-1989       81      0.16383  0.15143  0.50   17245    2611   15939    78955   4.58
1980-1989       82      0.17645  0.16215  0.50   14634    2373   13447    63015   4.31
1980-1989       83      0.19174  0.17497  0.50   12261    2145   11188    49568   4.04
1980-1989       84      0.21185  0.19156  0.50   10116    1938    9147    38380   3.79
1980-1989       85      0.22810  0.20474  0.50    8178    1674    7341    29233   3.57
1980-1989       86      0.25089  0.22293  0.50    6504    1450    5779    21892   3.37
1980-1989       87      0.26632  0.23502  0.50    5054    1188    4460    16114   3.19
1980-1989       88      0.28171  0.24693  0.50    3866     955    3389    11654   3.01
1980-1989       89      0.29661  0.25830  0.50    2911     752    2535     8265   2.84
1980-1989       90      0.32873  0.28232  0.50    2159     610    1855     5730   2.65
1980-1989       91      0.34031  0.29082  0.50    1550     451    1324     3875   2.50
1980-1989       92      0.38839  0.32523  0.50    1099     357     920     2551   2.32
1980-1989       93      0.43016  0.35402  0.50     742     263     610     1631   2.20
1980-1989       94      0.44101  0.36133  0.50     479     173     393     1020   2.13
1980-1989       95      0.45170  0.36848  0.50     306     113     250      628   2.05
1980-1989       96      0.47726  0.38531  0.50     193      74     156      378   1.96
1980-1989       97      0.50294  0.40188  0.50     119      48      95      222   1.87
1980-1989       98      0.52861  0.41810  0.50      71      30      56      127   1.79
1980-1989       99      0.55412  0.43390  0.50      41      18      32       71   1.72
1980-1989      100      0.57936  0.44922  0.50      23      11      18       39   1.65
1980-1989      101      0.60418  0.46401  0.50      13       6      10       21   1.59
1980-1989      102      0.62848  0.47821  0.50       7       3       5       11   1.54
1980-1989      103      0.65215  0.49179  0.50       4       2       3        5   1.49
1980-1989      104      0.67508  0.50472  0.50       2       1       1        3   1.44
1980-1989      105      0.69721  0.51699  0.50       1       0       1        1   1.40
1980-1989      106      0.71846  0.52858  0.50       0       0       0        1   1.36
1980-1989      107      0.73878  0.53949  0.50       0       0       0        0   1.33
1980-1989      108      0.75812  0.54974  0.50       0       0       0        0   1.30
1980-1989      109      0.77647  0.55932  0.50       0       0       0        0   1.28
1980-1989      110+     0.79380  1.00000  1.26       0       0       0        0   1.26
1990-1999        0      0.00886  0.00880  0.13  100000     880   99236  6952158  69.52
1990-1999        1      0.00068  0.00068  0.50   99120      67   99087  6852922  69.14
1990-1999        2      0.00038  0.00038  0.50   99053      38   99034  6753835  68.18
1990-1999        3      0.00034  0.00034  0.50   99015      34   98999  6654801  67.21
1990-1999        4      0.00029  0.00029  0.50   98982      29   98967  6555802  66.23
1990-1999        5      0.00026  0.00026  0.50   98953      25   98940  6456835  65.25
1990-1999        6      0.00025  0.00025  0.50   98928      25   98915  6357895  64.27
1990-1999        7      0.00025  0.00025  0.50   98903      25   98890  6258980  63.28
1990-1999        8      0.00026  0.00026  0.50   98878      25   98865  6160090  62.30
1990-1999        9      0.00025  0.00025  0.50   98852      25   98840  6061225  61.32
1990-1999       10      0.00024  0.00024  0.50   98828      24   98816  5962385  60.33
1990-1999       11      0.00019  0.00019  0.50   98804      19   98795  5863569  59.35
1990-1999       12      0.00027  0.00027  0.50   98785      27   98772  5764774  58.36
1990-1999       13      0.00026  0.00026  0.50   98758      25   98746  5666002  57.37
1990-1999       14      0.00033  0.00033  0.50   98733      33   98717  5567256  56.39
1990-1999       15      0.00045  0.00045  0.50   98700      45   98678  5468540  55.41
1990-1999       16      0.00057  0.00057  0.50   98655      56   98627  5369862  54.43
1990-1999       17      0.00084  0.00084  0.50   98599      83   98558  5271235  53.46
1990-1999       18      0.00106  0.00106  0.50   98516     104   98464  5172677  52.51
1990-1999       19      0.00106  0.00106  0.50   98412     104   98360  5074213  51.56
1990-1999       20      0.00111  0.00111  0.50   98308     109   98253  4975853  50.62
1990-1999       21      0.00112  0.00111  0.50   98199     109   98144  4877600  49.67
1990-1999       22      0.00111  0.00111  0.50   98089     108   98035  4779455  48.73
1990-1999       23      0.00116  0.00116  0.50   97981     114   97924  4681420  47.78
1990-1999       24      0.00114  0.00114  0.50   97867     111   97812  4583496  46.83
1990-1999       25      0.00117  0.00117  0.50   97756     115   97699  4485684  45.89
1990-1999       26      0.00110  0.00110  0.50   97641     108   97587  4387986  44.94
1990-1999       27      0.00117  0.00117  0.50   97534     114   97477  4290398  43.99
1990-1999       28      0.00123  0.00123  0.50   97420     120   97360  4192922  43.04
1990-1999       29      0.00126  0.00126  0.50   97300     122   97239  4095562  42.09
1990-1999       30      0.00129  0.00128  0.50   97178     125   97115  3998323  41.14
1990-1999       31      0.00144  0.00144  0.50   97053     140   96983  3901208  40.20
1990-1999       32      0.00149  0.00149  0.50   96913     144   96841  3804225  39.25
1990-1999       33      0.00155  0.00155  0.50   96769     150   96694  3707384  38.31
1990-1999       34      0.00166  0.00166  0.50   96620     161   96539  3610690  37.37
1990-1999       35      0.00179  0.00179  0.50   96459     172   96373  3514151  36.43
1990-1999       36      0.00200  0.00200  0.50   96287     193   96190  3417778  35.50
1990-1999       37      0.00223  0.00223  0.50   96094     214   95987  3321588  34.57
1990-1999       38      0.00255  0.00254  0.50   95880     244   95758  3225601  33.64
1990-1999       39      0.00284  0.00283  0.50   95636     271   95500  3129843  32.73
1990-1999       40      0.00306  0.00306  0.50   95365     291   95219  3034343  31.82
1990-1999       41      0.00342  0.00342  0.50   95074     325   94911  2939123  30.91
1990-1999       42      0.00372  0.00372  0.50   94748     352   94572  2844212  30.02
1990-1999       43      0.00430  0.00429  0.50   94396     405   94194  2749640  29.13
1990-1999       44      0.00467  0.00466  0.50   93991     438   93772  2655446  28.25
1990-1999       45      0.00522  0.00520  0.50   93553     487   93309  2561675  27.38
1990-1999       46      0.00570  0.00568  0.50   93066     529   92801  2468365  26.52
1990-1999       47      0.00663  0.00661  0.50   92537     611   92231  2375564  25.67
1990-1999       48      0.00704  0.00701  0.50   91926     645   91603  2283333  24.84
1990-1999       49      0.00783  0.00780  0.50   91281     712   90925  2191730  24.01
1990-1999       50      0.00864  0.00860  0.50   90569     779   90179  2100805  23.20
1990-1999       51      0.00940  0.00936  0.50   89790     840   89370  2010625  22.39
1990-1999       52      0.01054  0.01049  0.50   88950     933   88483  1921255  21.60
1990-1999       53      0.01139  0.01133  0.50   88017     997   87519  1832772  20.82
1990-1999       54      0.01271  0.01263  0.50   87020    1099   86470  1745253  20.06
1990-1999       55      0.01384  0.01375  0.50   85921    1181   85330  1658783  19.31
1990-1999       56      0.01503  0.01492  0.50   84740    1264   84108  1573452  18.57
1990-1999       57      0.01646  0.01633  0.50   83476    1363   82794  1489345  17.84
1990-1999       58      0.01817  0.01801  0.50   82113    1479   81373  1406551  17.13
1990-1999       59      0.02000  0.01980  0.50   80634    1597   79836  1325177  16.43
1990-1999       60      0.02236  0.02211  0.50   79037    1748   78163  1245342  15.76
1990-1999       61      0.02405  0.02377  0.50   77289    1837   76371  1167178  15.10
1990-1999       62      0.02627  0.02593  0.50   75453    1957   74474  1090807  14.46
1990-1999       63      0.02893  0.02852  0.50   73496    2096   72448  1016333  13.83
1990-1999       64      0.03109  0.03061  0.50   71400    2186   70307   943885  13.22
1990-1999       65      0.03365  0.03309  0.50   69214    2290   68069   873578  12.62
1990-1999       66      0.03691  0.03624  0.50   66924    2425   65711   805509  12.04
1990-1999       67      0.03987  0.03909  0.50   64499    2521   63238   739798  11.47
1990-1999       68      0.04413  0.04317  0.50   61978    2676   60640   676560  10.92
1990-1999       69      0.04797  0.04684  0.50   59302    2778   57913   615920  10.39
1990-1999       70      0.05142  0.05013  0.50   56524    2834   55107   558007   9.87
1990-1999       71      0.05652  0.05496  0.50   53690    2951   52215   502900   9.37
1990-1999       72      0.06077  0.05898  0.50   50739    2993   49243   450686   8.88
1990-1999       73      0.06585  0.06375  0.50   47746    3044   46224   401443   8.41
1990-1999       74      0.07103  0.06859  0.50   44702    3066   43169   355219   7.95
1990-1999       75      0.07799  0.07506  0.50   41636    3125   40073   312050   7.49
1990-1999       76      0.08644  0.08285  0.50   38511    3191   36915   271976   7.06
1990-1999       77      0.09432  0.09007  0.50   35320    3181   33729   235061   6.66
1990-1999       78      0.10274  0.09772  0.50   32139    3141   30568   201331   6.26
1990-1999       79      0.11313  0.10707  0.50   28998    3105   27446   170763   5.89
1990-1999       80      0.12505  0.11769  0.50   25893    3047   24370   143317   5.53
1990-1999       81      0.13464  0.12615  0.50   22846    2882   21405   118948   5.21
1990-1999       82      0.14850  0.13824  0.50   19964    2760   18584    97543   4.89
1990-1999       83      0.16182  0.14971  0.50   17204    2576   15916    78959   4.59
1990-1999       84      0.17309  0.15930  0.50   14628    2330   13463    63043   4.31
1990-1999       85      0.18819  0.17200  0.50   12298    2115   11240    49579   4.03
1990-1999       86      0.20733  0.18785  0.50   10183    1913    9226    38339   3.77
1990-1999       87      0.23084  0.20695  0.50    8270    1712    7414    29113   3.52
1990-1999       88      0.24934  0.22170  0.50    6558    1454    5831    21698   3.31
1990-1999       89      0.26372  0.23300  0.50    5104    1189    4510    15867   3.11
1990-1999       90      0.29347  0.25592  0.50    3915    1002    3414    11357   2.90
1990-1999       91      0.31463  0.27186  0.50    2913     792    2517     7943   2.73
1990-1999       92      0.35471  0.30128  0.50    2121     639    1802     5426   2.56
1990-1999       93      0.36249  0.30687  0.50    1482     455    1255     3624   2.45
1990-1999       94      0.40005  0.33337  0.50    1027     342     856     2369   2.31
1990-1999       95      0.41221  0.34177  0.50     685     234     568     1513   2.21
1990-1999       96      0.43851  0.35966  0.50     451     162     370      946   2.10
1990-1999       97      0.46516  0.37739  0.50     289     109     234      576   2.00
1990-1999       98      0.49201  0.39487  0.50     180      71     144      342   1.90
1990-1999       99      0.51891  0.41201  0.50     109      45      86      197   1.82
1990-1999      100      0.54569  0.42872  0.50      64      27      50      111   1.74
1990-1999      101      0.57222  0.44492  0.50      37      16      28       61   1.67
1990-1999      102      0.59833  0.46055  0.50      20       9      16       33   1.60
1990-1999      103      0.62390  0.47555  0.50      11       5       8       17   1.54
1990-1999      104      0.64880  0.48988  0.50       6       3       4        9   1.49
1990-1999      105      0.67291  0.50351  0.50       3       1       2        4   1.44
1990-1999      106      0.69615  0.51640  0.50       1       1       1        2   1.40
1990-1999      107      0.71842  0.52856  0.50       1       0       1        1   1.36
1990-1999      108      0.73967  0.53997  0.50       0       0       0        0   1.33
1990-1999      109      0.75985  0.55065  0.50       0       0       0        0   1.30
1990-1999      110+     0.77894  1.00000  1.28       0       0       0        0   1.28
2000-2009        0      0.00403  0.00402  0.14  100000     402   99655  7286379  72.86
2000-2009        1      0.00036  0.00036  0.50   99598      36   99580  7186724  72.16
2000-2009        2      0.00021  0.00021  0.50   99562      21   99551  7087144  71.18
2000-2009        3      0.00020  0.00020  0.50   99541      20   99531  6987593  70.20
2000-2009        4      0.00017  0.00017  0.50   99521      17   99513  6888062  69.21
2000-2009        5      0.00015  0.00015  0.50   99504      15   99497  6788550  68.22
2000-2009        6      0.00017  0.00017  0.50   99489      16   99481  6689053  67.23
2000-2009        7      0.00014  0.00014  0.50   99473      14   99466  6589571  66.24
2000-2009        8      0.00015  0.00015  0.50   99459      15   99452  6490106  65.25
2000-2009        9      0.00017  0.00017  0.50   99444      17   99436  6390654  64.26
2000-2009       10      0.00017  0.00017  0.50   99427      17   99419  6291218  63.27
2000-2009       11      0.00013  0.00013  0.50   99410      13   99404  6191800  62.29
2000-2009       12      0.00020  0.00020  0.50   99397      20   99388  6092396  61.29
2000-2009       13      0.00018  0.00018  0.50   99378      18   99369  5993008  60.31
2000-2009       14      0.00024  0.00024  0.50   99360      24   99348  5893639  59.32
2000-2009       15      0.00028  0.00028  0.50   99336      28   99322  5794291  58.33
2000-2009       16      0.00043  0.00043  0.50   99308      43   99287  5694969  57.35
2000-2009       17      0.00051  0.00051  0.50   99265      51   99240  5595683  56.37
2000-2009       18      0.00085  0.00085  0.50   99215      84   99173  5496443  55.40
2000-2009       19      0.00084  0.00084  0.50   99131      83   99089  5397270  54.45
2000-2009       20      0.00093  0.00093  0.50   99048      92   99002  5298181  53.49
2000-2009       21      0.00095  0.00095  0.50   98956      94   98909  5199180  52.54
2000-2009       22      0.00097  0.00097  0.50   98862      96   98814  5100271  51.59
2000-2009       23      0.00097  0.00097  0.50   98766      96   98718  5001457  50.64
2000-2009       24      0.00098  0.00098  0.50   98670      97   98621  4902739  49.69
2000-2009       25      0.00091  0.00091  0.50   98573      90   98528  4804118  48.74
2000-2009       26      0.00097  0.00097  0.50   98483      96   98436  4705589  47.78
2000-2009       27      0.00090  0.00090  0.50   98388      89   98344  4607154  46.83
2000-2009       28      0.00094  0.00094  0.50   98299      92   98253  4508810  45.87
2000-2009       29      0.00098  0.00098  0.50   98207      96   98159  4410557  44.91
2000-2009       30      0.00101  0.00101  0.50   98111      99   98061  4312397  43.95
2000-2009       31      0.00102  0.00102  0.50   98012     100   97962  4214336  43.00
2000-2009       32      0.00106  0.00106  0.50   97912     104   97860  4116374  42.04
2000-2009       33      0.00122  0.00122  0.50   97808     119   97748  4018514  41.09
2000-2009       34      0.00125  0.00125  0.50   97689     122   97628  3920766  40.14
2000-2009       35      0.00125  0.00125  0.50   97567     122   97506  3823138  39.18
2000-2009       36      0.00149  0.00149  0.50   97445     145   97372  3725632  38.23
2000-2009       37      0.00167  0.00167  0.50   97300     162   97219  3628260  37.29
2000-2009       38      0.00180  0.00180  0.50   97138     175   97050  3531041  36.35
2000-2009       39      0.00191  0.00191  0.50   96963     186   96870  3433991  35.42
2000-2009       40      0.00216  0.00215  0.50   96778     208   96673  3337121  34.48
2000-2009       41      0.00235  0.00234  0.50   96569     226   96456  3240447  33.56
2000-2009       42      0.00265  0.00265  0.50   96343     255   96215  3143991  32.63
2000-2009       43      0.00300  0.00299  0.50   96088     287   95944  3047776  31.72
2000-2009       44      0.00333  0.00333  0.50   95800     319   95641  2951832  30.81
2000-2009       45      0.00361  0.00360  0.50   95481     344   95309  2856192  29.91
2000-2009       46      0.00436  0.00435  0.50   95137     414   94930  2760882  29.02
2000-2009       47      0.00472  0.00470  0.50   94723     446   94500  2665952  28.14
2000-2009       48      0.00532  0.00531  0.50   94277     500   94027  2571452  27.28
2000-2009       49      0.00609  0.00607  0.50   93777     570   93492  2477425  26.42
2000-2009       50      0.00665  0.00663  0.50   93208     618   92899  2383932  25.58
2000-2009       51      0.00717  0.00715  0.50   92590     662   92259  2291034  24.74
2000-2009       52      0.00799  0.00796  0.50   91928     732   91562  2198775  23.92
2000-2009       53      0.00905  0.00901  0.50   91196     821   90785  2107213  23.11
2000-2009       54      0.00993  0.00988  0.50   90375     893   89928  2016428  22.31
2000-2009       55      0.01103  0.01097  0.50   89482     982   88991  1926499  21.53
2000-2009       56      0.01166  0.01159  0.50   88500    1026   87988  1837508  20.76
2000-2009       57      0.01279  0.01270  0.50   87475    1111   86919  1749520  20.00
2000-2009       58      0.01420  0.01410  0.50   86363    1218   85754  1662602  19.25
2000-2009       59      0.01557  0.01545  0.50   85145    1315   84488  1576847  18.52
2000-2009       60      0.01682  0.01668  0.50   83830    1398   83131  1492360  17.80
2000-2009       61      0.01849  0.01832  0.50   82432    1510   81676  1409229  17.10
2000-2009       62      0.02018  0.01998  0.50   80921    1616   80113  1327552  16.41
2000-2009       63      0.02169  0.02145  0.50   79305    1701   78454  1247439  15.73
2000-2009       64      0.02350  0.02323  0.50   77603    1803   76702  1168985  15.06
2000-2009       65      0.02531  0.02500  0.50   75801    1895   74853  1092283  14.41
2000-2009       66      0.02742  0.02705  0.50   73906    1999   72906  1017430  13.77
2000-2009       67      0.03019  0.02974  0.50   71907    2139   70837   944524  13.14
2000-2009       68      0.03258  0.03206  0.50   69768    2237   68650   873686  12.52
2000-2009       69      0.03571  0.03509  0.50   67531    2370   66346   805037  11.92
2000-2009       70      0.03890  0.03816  0.50   65162    2487   63918   738690  11.34
2000-2009       71      0.04215  0.04128  0.50   62675    2587   61382   674772  10.77
2000-2009       72      0.04578  0.04476  0.50   60088    2689   58743   613390  10.21
2000-2009       73      0.04981  0.04860  0.50   57399    2790   56004   554647   9.66
2000-2009       74      0.05451  0.05307  0.50   54609    2898   53160   498643   9.13
2000-2009       75      0.05939  0.05768  0.50   51711    2983   50220   445483   8.61
2000-2009       76      0.06622  0.06410  0.50   48728    3123   47167   395263   8.11
2000-2009       77      0.07321  0.07063  0.50   45605    3221   43995   348096   7.63
2000-2009       78      0.07992  0.07685  0.50   42384    3257   40756   304102   7.17
2000-2009       79      0.08706  0.08343  0.50   39127    3264   37495   263346   6.73
2000-2009       80      0.09677  0.09231  0.50   35863    3310   34208   225852   6.30
2000-2009       81      0.10572  0.10041  0.50   32552    3269   30918   191644   5.89
2000-2009       82      0.12026  0.11344  0.50   29284    3322   27623   160726   5.49
2000-2009       83      0.13016  0.12221  0.50   25962    3173   24376   133103   5.13
2000-2009       84      0.14268  0.13318  0.50   22789    3035   21272   108727   4.77
2000-2009       85      0.16058  0.14864  0.50   19754    2936   18286    87456   4.43
2000-2009       86      0.17829  0.16370  0.50   16818    2753   15441    69170   4.11
2000-2009       87      0.19860  0.18066  0.50   14065    2541   12794    53728   3.82
2000-2009       88      0.21913  0.19749  0.50   11524    2276   10386    40934   3.55
2000-2009       89      0.24114  0.21519  0.50    9248    1990    8253    30548   3.30
2000-2009       90      0.26480  0.23384  0.50    7258    1697    6409    22295   3.07
2000-2009       91      0.29961  0.26058  0.50    5561    1449    4836    15885   2.86
2000-2009       92      0.32701  0.28105  0.50    4112    1156    3534    11049   2.69
2000-2009       93      0.34864  0.29689  0.50    2956     878    2517     7515   2.54
2000-2009       94      0.36144  0.30612  0.50    2078     636    1760     4998   2.40
2000-2009       95      0.39940  0.33291  0.50    1442     480    1202     3237   2.24
2000-2009       96      0.42925  0.35340  0.50     962     340     792     2035   2.12
2000-2009       97      0.45962  0.37373  0.50     622     232     506     1243   2.00
2000-2009       98      0.49030  0.39377  0.50     390     153     313      737   1.89
2000-2009       99      0.52105  0.41336  0.50     236      98     187      425   1.80
2000-2009      100      0.55164  0.43238  0.50     139      60     109      237   1.71
2000-2009      101      0.58184  0.45072  0.50      79      35      61      129   1.63
2000-2009      102      0.61145  0.46828  0.50      43      20      33       68   1.57
2000-2009      103      0.64025  0.48499  0.50      23      11      17       35   1.50
2000-2009      104      0.66808  0.50079  0.50      12       6       9       17   1.45
2000-2009      105      0.69478  0.51565  0.50       6       3       4        8   1.40
2000-2009      106      0.72023  0.52954  0.50       3       2       2        4   1.35
2000-2009      107      0.74435  0.54246  0.50       1       1       1        2   1.32
2000-2009      108      0.76705  0.55442  0.50       1       0       0        1   1.28
2000-2009      109      0.78831  0.56544  0.50       0       0       0        0   1.26
2000-2009      110+     0.80812  1.00000  1.24       0       0       0        0   1.24
2010-2019        0      0.00292  0.00291  0.14  100000     291   99751  7551119  75.51
2010-2019        1      0.00027  0.00027  0.50   99709      27   99696  7451368  74.73
2010-2019        2      0.00016  0.00016  0.50   99682      16   99674  7351673  73.75
2010-2019        3      0.00013  0.00013  0.50   99666      13   99659  7251999  72.76
2010-2019        4      0.00012  0.00012  0.50   99653      12   99647  7152339  71.77
2010-2019        5      0.00009  0.00009  0.50   99641       9   99637  7052692  70.78
2010-2019        6      0.00009  0.00009  0.50   99632       9   99628  6953055  69.79
2010-2019        7      0.00009  0.00009  0.50   99623       9   99618  6853428  68.79
2010-2019        8      0.00010  0.00010  0.50   99614      10   99609  6753809  67.80
2010-2019        9      0.00008  0.00008  0.50   99604       8   99600  6654200  66.81
2010-2019       10      0.00010  0.00010  0.50   99596      10   99591  6554600  65.81
2010-2019       11      0.00011  0.00011  0.50   99586      11   99580  6455009  64.82
2010-2019       12      0.00012  0.00012  0.50   99575      12   99569  6355429  63.83
2010-2019       13      0.00011  0.00011  0.50   99563      10   99557  6255860  62.83
2010-2019       14      0.00014  0.00014  0.50   99552      14   99545  6156303  61.84
2010-2019       15      0.00018  0.00018  0.50   99538      18   99529  6056758  60.85
2010-2019       16      0.00026  0.00026  0.50   99520      26   99507  5957228  59.86
2010-2019       17      0.00043  0.00043  0.50   99494      42   99473  5857721  58.88
2010-2019       18      0.00063  0.00063  0.50   99452      62   99421  5758248  57.90
2010-2019       19      0.00072  0.00072  0.50   99390      72   99354  5658827  56.94
2010-2019       20      0.00073  0.00073  0.50   99318      73   99281  5559474  55.98
2010-2019       21      0.00073  0.00073  0.50   99245      72   99209  5460192  55.02
2010-2019       22      0.00071  0.00071  0.50   99172      71   99137  5360983  54.06
2010-2019       23      0.00069  0.00069  0.50   99102      69   99067  5261846  53.10
2010-2019       24      0.00082  0.00082  0.50   99033      81   98993  5162779  52.13
2010-2019       25      0.00075  0.00075  0.50   98952      74   98915  5063787  51.17
2010-2019       26      0.00072  0.00072  0.50   98878      71   98843  4964871  50.21
2010-2019       27      0.00078  0.00078  0.50   98807      77   98768  4866029  49.25
2010-2019       28      0.00082  0.00082  0.50   98730      81   98689  4767261  48.29
2010-2019       29      0.00076  0.00076  0.50   98648      75   98611  4668572  47.33
2010-2019       30      0.00081  0.00081  0.50   98573      80   98533  4569961  46.36
2010-2019       31      0.00091  0.00091  0.50   98493      89   98448  4471428  45.40
2010-2019       32      0.00091  0.00091  0.50   98404      89   98359  4372979  44.44
2010-2019       33      0.00092  0.00092  0.50   98314      91   98269  4274620  43.48
2010-2019       34      0.00102  0.00102  0.50   98224     101   98173  4176351  42.52
2010-2019       35      0.00115  0.00115  0.50   98123     113   98067  4078178  41.56
2010-2019       36      0.00111  0.00111  0.50   98010     109   97956  3980112  40.61
2010-2019       37      0.00121  0.00121  0.50   97902     119   97842  3882156  39.65
2010-2019       38      0.00129  0.00129  0.50   97783     126   97720  3784313  38.70
2010-2019       39      0.00144  0.00144  0.50   97656     140   97586  3686594  37.75
2010-2019       40      0.00159  0.00159  0.50   97516     155   97438  3589007  36.80
2010-2019       41      0.00172  0.00172  0.50   97361     168   97277  3491569  35.86
2010-2019       42      0.00197  0.00196  0.50   97193     191   97098  3394292  34.92
2010-2019       43      0.00214  0.00214  0.50   97002     208   96898  3297195  33.99
2010-2019       44      0.00236  0.00236  0.50   96795     228   96680  3200296  33.06
2010-2019       45      0.00267  0.00266  0.50   96566     257   96438  3103616  32.14
2010-2019       46      0.00291  0.00291  0.50   96309     280   96169  3007178  31.22
2010-2019       47      0.00334  0.00334  0.50   96029     320   95869  2911009  30.31
2010-2019       48      0.00366  0.00365  0.50   95709     349   95534  2815140  29.41
2010-2019       49      0.00410  0.00409  0.50   95360     390   95165  2719605  28.52
2010-2019       50      0.00465  0.00464  0.50   94969     440   94749  2624441  27.63
2010-2019       51      0.00510  0.00509  0.50   94529     481   94289  2529692  26.76
2010-2019       52      0.00580  0.00579  0.50   94048     544   93776  2435403  25.90
2010-2019       53      0.00642  0.00640  0.50   93504     599   93205  2341627  25.04
2010-2019       54      0.00706  0.00704  0.50   92905     654   92579  2248422  24.20
2010-2019       55      0.00782  0.00779  0.50   92252     719   91892  2155844  23.37
2010-2019       56      0.00880  0.00876  0.50   91533     802   91132  2063951  22.55
2010-2019       57      0.00968  0.00964  0.50   90731     874   90294  1972820  21.74
2010-2019       58      0.01086  0.01080  0.50   89856     970   89371  1882526  20.95
2010-2019       59      0.01197  0.01190  0.50   88886    1058   88357  1793155  20.17
2010-2019       60      0.01317  0.01308  0.50   87828    1149   87254  1704798  19.41
2010-2019       61      0.01487  0.01476  0.50   86679    1280   86039  1617544  18.66
2010-2019       62      0.01632  0.01619  0.50   85399    1383   84708  1531505  17.93
2010-2019       63      0.01813  0.01797  0.50   84017    1510   83262  1446797  17.22
2010-2019       64      0.01977  0.01957  0.50   82507    1615   81700  1363535  16.53
2010-2019       65      0.02128  0.02106  0.50   80892    1703   80041  1281835  15.85
2010-2019       66      0.02296  0.02270  0.50   79189    1798   78290  1201795  15.18
2010-2019       67      0.02524  0.02493  0.50   77391    1929   76427  1123505  14.52
2010-2019       68      0.02728  0.02691  0.50   75462    2031   74447  1047078  13.88
2010-2019       69      0.02900  0.02859  0.50   73431    2099   72382   972631  13.25
2010-2019       70      0.03193  0.03143  0.50   71332    2242   70211   900249  12.62
2010-2019       71      0.03415  0.03358  0.50   69090    2320   67930   830038  12.01
2010-2019       72      0.03730  0.03662  0.50   66770    2445   65548   762108  11.41
2010-2019       73      0.04073  0.03991  0.50   64325    2567   63042   696560  10.83
2010-2019       74      0.04407  0.04312  0.50   61758    2663   60426   633518  10.26
2010-2019       75      0.04776  0.04665  0.50   59095    2757   57716   573092   9.70
2010-2019       76      0.05191  0.05059  0.50   56338    2850   54913   515376   9.15
2010-2019       77      0.05821  0.05656  0.50   53488    3025   51975   460463   8.61
2010-2019       78      0.06360  0.06164  0.50   50463    3110   48907   408488   8.09
2010-2019       79      0.06932  0.06700  0.50   47352    3172   45766   359580   7.59
2010-2019       80      0.07774  0.07483  0.50   44180    3306   42527   313814   7.10
2010-2019       81      0.08604  0.08249  0.50   40874    3372   39188   271288   6.64
2010-2019       82      0.09640  0.09197  0.50   37502    3449   35777   232100   6.19
2010-2019       83      0.10698  0.10154  0.50   34053    3458   32324   196323   5.77
2010-2019       84      0.11863  0.11199  0.50   30595    3426   28882   163999   5.36
2010-2019       85      0.13594  0.12728  0.50   27169    3458   25440   135117   4.97
2010-2019       86      0.14925  0.13889  0.50   23711    3293   22064   109677   4.63
2010-2019       87      0.16662  0.15381  0.50   20418    3140   18847    87613   4.29
2010-2019       88      0.18311  0.16775  0.50   17277    2898   15828    68766   3.98
2010-2019       89      0.20789  0.18831  0.50   14379    2708   13025    52938   3.68
2010-2019       90      0.22695  0.20382  0.50   11671    2379   10482    39913   3.42
2010-2019       91      0.25794  0.22848  0.50    9292    2123    8231    29431   3.17
2010-2019       92      0.28275  0.24773  0.50    7169    1776    6281    21200   2.96
2010-2019       93      0.30232  0.26262  0.50    5393    1416    4685    14919   2.77
2010-2019       94      0.34025  0.29078  0.50    3977    1156    3399    10234   2.57
2010-2019       95      0.36145  0.30612  0.50    2820     863    2389     6836   2.42
2010-2019       96      0.39164  0.32751  0.50    1957     641    1637     4447   2.27
2010-2019       97      0.42268  0.34894  0.50    1316     459    1086     2810   2.14
2010-2019       98      0.45435  0.37024  0.50     857     317     698     1724   2.01
2010-2019       99      0.48638  0.39124  0.50     540     211     434     1026   1.90
2010-2019      100      0.51854  0.41178  0.50     329     135     261      591   1.80
2010-2019      101      0.55054  0.43170  0.50     193      83     152      331   1.71
2010-2019      102      0.58212  0.45089  0.50     110      50      85      179   1.63
2010-2019      103      0.61305  0.46922  0.50      60      28      46       94   1.56
2010-2019      104      0.64309  0.48662  0.50      32      16      24       48   1.50
2010-2019      105      0.67204  0.50302  0.50      16       8      12       24   1.44
2010-2019      106      0.69975  0.51838  0.50       8       4       6       11   1.39
2010-2019      107      0.72607  0.53268  0.50       4       2       3        5   1.34
2010-2019      108      0.75090  0.54593  0.50       2       1       1        2   1.31
2010-2019      109      0.77418  0.55813  0.50       1       0       1        1   1.28
2010-2019      110+     0.79588  1.00000  1.26       0       0       0        0   1.26
