Ireland, Exposure to risk (period 1x10), 	Last modified: 01 Oct 2019;  Methods Protocol: v6 (2017)

  Year          Age             Female            Male           Total
1950-1959        0            296959.65       310856.06       607815.71
1950-1959        1            294781.38       307740.04       602521.42
1950-1959        2            294706.50       307958.52       602665.02
1950-1959        3            294263.94       307877.18       602141.12
1950-1959        4            293442.49       307302.38       600744.87
1950-1959        5            291577.41       305532.48       597109.89
1950-1959        6            288678.84       302544.24       591223.09
1950-1959        7            284914.36       298666.15       583580.51
1950-1959        8            280202.70       293792.76       573995.46
1950-1959        9            274803.11       288031.54       562834.65
1950-1959       10            268870.78       281785.51       550656.30
1950-1959       11            262043.25       274691.55       536734.80
1950-1959       12            254233.50       266290.17       520523.67
1950-1959       13            246115.93       257332.14       503448.07
1950-1959       14            237640.50       248328.75       485969.25
1950-1959       15            228983.20       239800.17       468783.38
1950-1959       16            220697.60       231947.21       452644.82
1950-1959       17            213096.86       224952.70       438049.56
1950-1959       18            206455.17       219055.81       425510.98
1950-1959       19            200483.79       213795.45       414279.24
1950-1959       20            194762.75       208322.74       403085.48
1950-1959       21            189518.30       202637.62       392155.92
1950-1959       22            185211.24       197374.14       382585.38
1950-1959       23            181806.91       192588.33       374395.24
1950-1959       24            179545.75       188544.29       368090.04
1950-1959       25            178627.83       185557.17       364185.00
1950-1959       26            178605.26       183548.58       362153.84
1950-1959       27            179090.19       182304.16       361394.35
1950-1959       28            180233.21       181872.94       362106.15
1950-1959       29            181643.44       181868.85       363512.28
1950-1959       30            182787.49       181995.31       364782.80
1950-1959       31            183423.07       182041.43       365464.51
1950-1959       32            183287.21       181724.43       365011.64
1950-1959       33            183340.22       182128.70       365468.92
1950-1959       34            183940.93       183432.55       367373.48
1950-1959       35            184787.28       184957.69       369744.97
1950-1959       36            185418.33       186297.42       371715.75
1950-1959       37            185709.56       187506.04       373215.60
1950-1959       38            185747.47       189033.77       374781.24
1950-1959       39            185013.23       190378.82       375392.05
1950-1959       40            183200.64       190477.85       373678.50
1950-1959       41            180996.55       189730.95       370727.50
1950-1959       42            178904.30       188754.18       367658.48
1950-1959       43            176237.43       187016.88       363254.30
1950-1959       44            173305.32       184710.63       358015.95
1950-1959       45            169872.29       181546.06       351418.35
1950-1959       46            165988.59       177796.33       343784.92
1950-1959       47            161993.60       173539.57       335533.17
1950-1959       48            158399.95       169099.34       327499.29
1950-1959       49            157053.51       166446.77       323500.28
1950-1959       50            156185.06       164170.33       320355.39
1950-1959       51            154440.76       161348.44       315789.20
1950-1959       52            152542.98       158437.83       310980.81
1950-1959       53            150435.80       155326.43       305762.23
1950-1959       54            147982.33       152084.19       300066.52
1950-1959       55            144879.31       148410.09       293289.40
1950-1959       56            141307.67       144264.51       285572.18
1950-1959       57            137845.14       139994.25       277839.39
1950-1959       58            134546.36       135913.39       270459.75
1950-1959       59            130320.97       131333.19       261654.16
1950-1959       60            125786.74       126581.50       252368.23
1950-1959       61            122665.83       123081.15       245746.98
1950-1959       62            120370.41       120533.84       240904.25
1950-1959       63            117804.66       117868.20       235672.86
1950-1959       64            115125.76       115199.40       230325.16
1950-1959       65            112328.69       112091.02       224419.70
1950-1959       66            110047.84       109303.77       219351.61
1950-1959       67            108569.49       107253.03       215822.51
1950-1959       68            107002.10       104796.00       211798.10
1950-1959       69            105291.38       102071.60       207362.98
1950-1959       70            102778.36        98916.69       201695.04
1950-1959       71             99461.17        95348.08       194809.25
1950-1959       72             95674.94        91348.68       187023.62
1950-1959       73             91143.24        86643.38       177786.62
1950-1959       74             86449.89        81618.77       168068.66
1950-1959       75             81017.50        75849.83       156867.33
1950-1959       76             74855.53        69592.65       144448.19
1950-1959       77             68682.79        63398.67       132081.46
1950-1959       78             62097.41        56806.83       118904.24
1950-1959       79             55462.94        50352.39       105815.33
1950-1959       80             50179.52        45183.51        95363.03
1950-1959       81             43720.13        38940.04        82660.17
1950-1959       82             37978.19        33468.76        71446.96
1950-1959       83             32155.49        27897.27        60052.76
1950-1959       84             26658.60        22472.07        49130.67
1950-1959       85             21525.75        17487.47        39013.21
1950-1959       86             17059.28        13406.95        30466.23
1950-1959       87             13255.15        10021.86        23277.01
1950-1959       88             10310.79         7422.93        17733.71
1950-1959       89              8015.04         5440.95        13455.99
1950-1959       90              6003.65         3850.24         9853.89
1950-1959       91              4438.34         2704.30         7142.64
1950-1959       92              3353.37         1948.92         5302.29
1950-1959       93              2439.55         1375.22         3814.76
1950-1959       94              1736.33          956.89         2693.22
1950-1959       95              1202.16          647.59         1849.76
1950-1959       96               821.24          421.25         1242.48
1950-1959       97               547.07          267.39          814.46
1950-1959       98               345.46          158.58          504.04
1950-1959       99               199.49           82.54          282.03
1950-1959      100               106.98           43.22          150.19
1950-1959      101                60.72           21.38           82.10
1950-1959      102                31.67            9.63           41.30
1950-1959      103                13.47            3.55           17.02
1950-1959      104                 4.31            1.05            5.36
1950-1959      105                 0.44            0.30            0.73
1950-1959      106                 0.00            0.00            0.00
1950-1959      107                 0.00            0.00            0.00
1950-1959      108                 0.00            0.00            0.00
1950-1959      109                 0.00            0.00            0.00
1950-1959      110+                0.00            0.00            0.00
1960-1969        0            300133.96       315049.09       615183.05
1960-1969        1            300485.46       314457.48       614942.95
1960-1969        2            301546.48       314937.97       616484.45
1960-1969        3            301410.22       314185.16       615595.38
1960-1969        4            299710.05       312050.36       611760.41
1960-1969        5            296785.56       309062.43       605847.99
1960-1969        6            293578.01       305963.22       599541.22
1960-1969        7            290781.97       303023.73       593805.70
1960-1969        8            287976.54       300038.46       588015.00
1960-1969        9            285137.07       297271.65       582408.72
1960-1969       10            282919.15       295199.09       578118.24
1960-1969       11            281524.06       293976.89       575500.95
1960-1969       12            280225.27       293120.00       573345.27
1960-1969       13            278083.35       291590.92       569674.27
1960-1969       14            274477.73       288309.76       562787.49
1960-1969       15            268030.82       281857.64       549888.46
1960-1969       16            258157.56       271951.01       530108.57
1960-1969       17            245255.82       258988.59       504244.41
1960-1969       18            230093.67       243450.82       473544.49
1960-1969       19            214472.60       226921.88       441394.48
1960-1969       20            199968.10       211191.29       411159.39
1960-1969       21            187066.62       196852.35       383918.97
1960-1969       22            176026.19       184039.73       360065.92
1960-1969       23            167245.68       173337.28       340582.96
1960-1969       24            160358.14       164715.43       325073.56
1960-1969       25            155091.77       158274.13       313365.89
1960-1969       26            151380.78       153737.75       305118.53
1960-1969       27            149067.05       150770.24       299837.29
1960-1969       28            148072.08       149292.94       297365.02
1960-1969       29            147990.52       148864.45       296854.97
1960-1969       30            148044.90       148668.71       296713.61
1960-1969       31            148358.51       148764.47       297122.97
1960-1969       32            149347.95       149468.73       298816.68
1960-1969       33            150619.11       150235.83       300854.93
1960-1969       34            152144.26       150909.73       303053.98
1960-1969       35            154316.50       152088.50       306405.00
1960-1969       36            156873.41       153789.33       310662.74
1960-1969       37            159379.57       155736.49       315116.05
1960-1969       38            162039.93       158066.31       320106.25
1960-1969       39            164495.47       160353.14       324848.61
1960-1969       40            166043.22       162091.27       328134.49
1960-1969       41            166671.89       163163.10       329834.98
1960-1969       42            166522.49       163731.85       330254.34
1960-1969       43            166494.43       164777.44       331271.87
1960-1969       44            166855.86       166312.65       333168.51
1960-1969       45            167324.43       167873.22       335197.65
1960-1969       46            167727.60       169224.80       336952.40
1960-1969       47            167769.31       170482.80       338252.10
1960-1969       48            167459.13       171726.94       339186.07
1960-1969       49            166233.79       172268.72       338502.51
1960-1969       50            163610.93       171095.63       334706.56
1960-1969       51            160701.98       169088.12       329790.09
1960-1969       52            158142.59       167183.11       325325.70
1960-1969       53            154993.05       164340.89       319333.94
1960-1969       54            151726.95       160806.29       312533.24
1960-1969       55            148550.20       156883.01       305433.21
1960-1969       56            145143.61       152640.69       297784.29
1960-1969       57            141340.09       147890.15       289230.24
1960-1969       58            137680.80       142869.10       280549.90
1960-1969       59            135676.87       138951.41       274628.28
1960-1969       60            133729.53       134970.15       268699.67
1960-1969       61            131314.17       130813.62       262127.79
1960-1969       62            129113.68       127058.75       256172.43
1960-1969       63            126624.80       123338.88       249963.68
1960-1969       64            123810.25       119594.54       243404.78
1960-1969       65            120144.79       115082.83       235227.62
1960-1969       66            116500.36       110586.77       227087.13
1960-1969       67            113494.53       106768.47       220263.00
1960-1969       68            110623.25       102927.65       213550.90
1960-1969       69            107357.16        98767.06       206124.22
1960-1969       70            103654.28        94311.99       197966.27
1960-1969       71            100425.83        90319.47       190745.30
1960-1969       72             96802.23        86299.21       183101.44
1960-1969       73             91658.05        81075.48       172733.52
1960-1969       74             85556.61        75164.52       160721.13
1960-1969       75             79124.62        69096.33       148220.95
1960-1969       76             72845.16        63095.46       135940.62
1960-1969       77             67066.49        57474.89       124541.38
1960-1969       78             61731.53        52111.84       113843.37
1960-1969       79             56802.84        47096.52       103899.36
1960-1969       80             53166.68        42911.51        96078.20
1960-1969       81             47651.28        38094.96        85746.25
1960-1969       82             42849.63        33701.16        76550.79
1960-1969       83             37780.63        29269.24        67049.87
1960-1969       84             32584.87        24838.99        57423.87
1960-1969       85             27502.54        20360.94        47863.48
1960-1969       86             22854.77        16395.86        39250.64
1960-1969       87             18621.10        12890.88        31511.99
1960-1969       88             14913.00         9998.50        24911.50
1960-1969       89             11754.15         7653.92        19408.06
1960-1969       90              9025.27         5651.08        14676.35
1960-1969       91              6844.54         4104.27        10948.81
1960-1969       92              5197.74         2959.71         8157.45
1960-1969       93              3775.27         2052.24         5827.52
1960-1969       94              2663.33         1384.94         4048.27
1960-1969       95              1814.60          899.71         2714.31
1960-1969       96              1177.75          549.58         1727.33
1960-1969       97               717.14          312.72         1029.85
1960-1969       98               420.46          173.80          594.25
1960-1969       99               228.80           81.69          310.49
1960-1969      100               120.80           41.16          161.96
1960-1969      101                68.28           23.37           91.65
1960-1969      102                37.09           14.32           51.41
1960-1969      103                18.45           11.47           29.92
1960-1969      104                 9.43            8.87           18.29
1960-1969      105                 4.86            5.93           10.79
1960-1969      106                 2.19            3.93            6.12
1960-1969      107                 1.00            3.00            4.00
1960-1969      108                 0.48            2.47            2.95
1960-1969      109                 0.00            1.47            1.47
1960-1969      110+                0.00            0.47            0.47
1970-1979        0            328633.51       346007.58       674641.09
1970-1979        1            325107.25       341738.17       666845.42
1970-1979        2            323299.01       339932.94       663231.95
1970-1979        3            323107.27       339721.24       662828.50
1970-1979        4            323431.48       339908.11       663339.59
1970-1979        5            323648.89       339680.92       663329.80
1970-1979        6            323280.71       338912.46       662193.17
1970-1979        7            321838.88       337235.25       659074.13
1970-1979        8            319747.40       335135.04       654882.44
1970-1979        9            318032.15       333248.59       651280.74
1970-1979       10            316128.96       331010.62       647139.57
1970-1979       11            313786.18       328313.57       642099.75
1970-1979       12            311289.07       325201.11       636490.18
1970-1979       13            307898.02       321186.04       629084.06
1970-1979       14            303077.37       315988.01       619065.37
1970-1979       15            296803.08       309701.18       606504.26
1970-1979       16            289487.30       302227.89       591715.19
1970-1979       17            281537.04       293953.73       575490.76
1970-1979       18            272863.03       284888.72       557751.75
1970-1979       19            263751.91       275481.17       539233.09
1970-1979       20            254917.72       266104.54       521022.26
1970-1979       21            246527.99       256892.02       503420.00
1970-1979       22            238668.96       248259.18       486928.14
1970-1979       23            231463.05       240415.70       471878.75
1970-1979       24            224991.22       233439.18       458430.39
1970-1979       25            218372.63       226351.39       444724.02
1970-1979       26            211733.53       219290.06       431023.59
1970-1979       27            205227.87       212445.36       417673.23
1970-1979       28            198928.62       206179.91       405108.53
1970-1979       29            192842.40       200393.05       393235.45
1970-1979       30            186710.11       194520.27       381230.38
1970-1979       31            180568.84       188483.90       369052.74
1970-1979       32            174449.77       182218.19       356667.96
1970-1979       33            169277.87       176554.04       345831.91
1970-1979       34            164747.69       171684.46       336432.15
1970-1979       35            160654.30       167519.55       328173.85
1970-1979       36            157402.07       164145.29       321547.36
1970-1979       37            155038.16       161593.33       316631.48
1970-1979       38            153917.55       160222.83       314140.37
1970-1979       39            153288.86       159459.53       312748.39
1970-1979       40            152175.53       158014.38       310189.91
1970-1979       41            151307.03       156589.70       307896.73
1970-1979       42            151194.57       155791.43       306986.00
1970-1979       43            151413.54       155169.06       306582.59
1970-1979       44            151700.95       154533.38       306234.33
1970-1979       45            152261.20       154161.25       306422.45
1970-1979       46            153058.92       154214.71       307273.63
1970-1979       47            154073.51       154678.49       308752.00
1970-1979       48            155811.39       156057.66       311869.06
1970-1979       49            157630.87       157652.56       315283.43
1970-1979       50            158323.53       158075.25       316398.78
1970-1979       51            158154.45       157647.54       315801.99
1970-1979       52            157454.95       156767.13       314222.08
1970-1979       53            156862.08       156378.65       313240.73
1970-1979       54            156198.59       156049.32       312247.91
1970-1979       55            155186.71       155104.91       310291.62
1970-1979       56            153848.26       153763.79       307612.05
1970-1979       57            152277.27       152412.31       304689.57
1970-1979       58            150821.17       151299.72       302120.89
1970-1979       59            149002.73       149885.63       298888.36
1970-1979       60            146059.15       147234.67       293293.83
1970-1979       61            143019.94       144249.66       287269.59
1970-1979       62            140736.39       141465.64       282202.03
1970-1979       63            138303.13       138060.25       276363.38
1970-1979       64            135790.64       134257.75       270048.39
1970-1979       65            132299.81       129487.30       261787.11
1970-1979       66            127888.08       124012.77       251900.86
1970-1979       67            123215.55       118118.89       241334.44
1970-1979       68            118719.15       111832.94       230552.09
1970-1979       69            115428.06       105996.76       221424.81
1970-1979       70            111728.67        99876.37       211605.04
1970-1979       71            108024.45        93934.72       201959.16
1970-1979       72            104679.94        88230.63       192910.57
1970-1979       73            100567.01        82324.59       182891.60
1970-1979       74             95443.91        76371.27       171815.18
1970-1979       75             89135.01        69980.01       159115.02
1970-1979       76             82000.23        63328.23       145328.46
1970-1979       77             74980.62        56916.24       131896.85
1970-1979       78             68244.95        50882.57       119127.53
1970-1979       79             61581.21        45212.22       106793.43
1970-1979       80             58295.89        41373.11        99669.00
1970-1979       81             52114.70        36436.75        88551.45
1970-1979       82             46774.71        32127.25        78901.96
1970-1979       83             41018.85        27649.95        68668.79
1970-1979       84             35166.10        23245.15        58411.24
1970-1979       85             29701.24        19197.54        48898.78
1970-1979       86             24779.84        15652.06        40431.90
1970-1979       87             20396.66        12510.98        32907.64
1970-1979       88             16702.72         9888.25        26590.97
1970-1979       89             13467.32         7685.46        21152.78
1970-1979       90             10645.07         5840.72        16485.79
1970-1979       91              8312.87         4382.12        12694.99
1970-1979       92              6412.42         3250.85         9663.28
1970-1979       93              4784.68         2299.34         7084.02
1970-1979       94              3496.47         1569.02         5065.48
1970-1979       95              2506.61         1048.33         3554.95
1970-1979       96              1717.56          677.06         2394.63
1970-1979       97              1120.75          405.26         1526.01
1970-1979       98               689.60          224.62          914.22
1970-1979       99               366.34          109.17          475.50
1970-1979      100               192.32           50.95          243.27
1970-1979      101               113.04           27.92          140.97
1970-1979      102                58.19           14.13           72.32
1970-1979      103                25.70            7.38           33.07
1970-1979      104                10.86            4.38           15.24
1970-1979      105                 4.47            1.91            6.39
1970-1979      106                 3.73            1.00            4.73
1970-1979      107                 2.18            0.47            2.64
1970-1979      108                 0.47            0.00            0.47
1970-1979      109                 0.00            0.00            0.00
1970-1979      110+                0.00            0.00            0.00
1980-1989        0            311837.24       329963.36       641800.61
1980-1989        1            320853.99       338099.33       658953.32
1980-1989        2            324819.90       342422.15       667242.06
1980-1989        3            327837.88       345165.97       673003.84
1980-1989        4            331059.62       348543.56       679603.17
1980-1989        5            334226.69       352313.50       686540.19
1980-1989        6            337662.91       355479.60       693142.51
1980-1989        7            339488.60       357154.87       696643.47
1980-1989        8            339403.32       357428.59       696831.90
1980-1989        9            339143.35       356627.93       695771.28
1980-1989       10            338503.81       355604.00       694107.82
1980-1989       11            336433.14       353362.09       689795.23
1980-1989       12            335798.21       354057.19       689855.40
1980-1989       13            336668.67       354624.76       691293.43
1980-1989       14            335595.59       352963.99       688559.57
1980-1989       15            333131.34       349177.79       682309.13
1980-1989       16            329251.60       343700.36       672951.97
1980-1989       17            322758.70       336543.91       659302.61
1980-1989       18            312395.60       325329.84       637725.44
1980-1989       19            301304.73       312016.32       613321.05
1980-1989       20            292639.74       302808.83       595448.57
1980-1989       21            283742.44       293749.45       577491.89
1980-1989       22            275764.78       283346.97       559111.75
1980-1989       23            268480.95       274733.43       543214.38
1980-1989       24            262058.74       265095.36       527154.10
1980-1989       25            257961.65       257697.82       515659.47
1980-1989       26            254720.90       253199.08       507919.98
1980-1989       27            251972.73       251092.78       503065.51
1980-1989       28            248032.37       249072.40       497104.77
1980-1989       29            245070.39       246222.96       491293.35
1980-1989       30            242323.74       243667.66       485991.40
1980-1989       31            240110.66       242715.50       482826.16
1980-1989       32            237529.38       241258.62       478788.00
1980-1989       33            234044.12       238576.20       472620.32
1980-1989       34            229735.67       234892.34       464628.00
1980-1989       35            226563.99       233667.21       460231.21
1980-1989       36            222224.83       228999.48       451224.30
1980-1989       37            215866.63       222973.74       438840.36
1980-1989       38            208551.97       215786.40       424338.37
1980-1989       39            202401.09       210236.52       412637.61
1980-1989       40            195987.61       204079.65       400067.27
1980-1989       41            189398.03       197221.13       386619.16
1980-1989       42            181311.63       190255.15       371566.77
1980-1989       43            174346.18       183251.61       357597.80
1980-1989       44            168647.60       176846.87       345494.47
1980-1989       45            163833.02       171607.14       335440.16
1980-1989       46            159036.24       166681.00       325717.24
1980-1989       47            154929.14       163184.26       318113.40
1980-1989       48            152140.74       159370.85       311511.59
1980-1989       49            151816.99       157882.63       309699.62
1980-1989       50            150134.16       155352.42       305486.58
1980-1989       51            147917.10       153670.96       301588.06
1980-1989       52            146663.66       151462.86       298126.52
1980-1989       53            145737.38       149230.06       294967.44
1980-1989       54            144645.64       146409.45       291055.09
1980-1989       55            145776.74       145357.27       291134.01
1980-1989       56            145942.94       143945.54       289888.48
1980-1989       57            146126.94       142581.03       288707.97
1980-1989       58            145920.25       140912.62       286832.86
1980-1989       59            147522.19       141151.03       288673.22
1980-1989       60            147779.03       139880.61       287659.64
1980-1989       61            146941.55       137878.03       284819.59
1980-1989       62            144656.29       135250.48       279906.77
1980-1989       63            142696.76       132674.41       275371.16
1980-1989       64            140932.46       130232.82       271165.28
1980-1989       65            140689.18       129187.16       269876.34
1980-1989       66            139642.86       126993.13       266635.99
1980-1989       67            138024.30       125012.24       263036.54
1980-1989       68            135816.14       121239.36       257055.50
1980-1989       69            132257.07       117329.03       249586.10
1980-1989       70            127552.84       112110.32       239663.16
1980-1989       71            121634.87       106225.41       227860.28
1980-1989       72            116810.06       100289.87       217099.92
1980-1989       73            111604.50        93702.04       205306.54
1980-1989       74            104957.12        86103.55       191060.67
1980-1989       75             99201.40        78870.12       178071.52
1980-1989       76             92029.66        71129.88       163159.54
1980-1989       77             84877.28        63939.93       148817.20
1980-1989       78             77315.83        56144.24       133460.07
1980-1989       79             71595.07        49555.93       121151.01
1980-1989       80             68062.25        44427.75       112490.00
1980-1989       81             61644.50        38594.46       100238.96
1980-1989       82             55253.68        33165.26        88418.94
1980-1989       83             48817.85        28044.77        76862.62
1980-1989       84             42509.73        23362.77        65872.51
1980-1989       85             36477.30        19252.41        55729.71
1980-1989       86             30808.64        15707.75        46516.39
1980-1989       87             25530.78        12495.79        38026.57
1980-1989       88             20873.58         9807.28        30680.85
1980-1989       89             16782.43         7608.67        24391.09
1980-1989       90             13227.92         5784.98        19012.90
1980-1989       91             10348.14         4380.64        14728.77
1980-1989       92              7947.43         3240.89        11188.32
1980-1989       93              5908.86         2271.52         8180.38
1980-1989       94              4307.60         1549.79         5857.40
1980-1989       95              3024.69         1029.70         4054.38
1980-1989       96              2071.43          668.16         2739.59
1980-1989       97              1368.21          416.59         1784.80
1980-1989       98               855.95          235.55         1091.50
1980-1989       99               518.23          121.06          639.29
1980-1989      100               308.40           63.51          371.91
1980-1989      101               175.14           35.10          210.24
1980-1989      102                97.31           16.64          113.95
1980-1989      103                60.30            7.09           67.39
1980-1989      104                37.25            4.49           41.74
1980-1989      105                18.51            2.93           21.44
1980-1989      106                 7.00            1.46            8.46
1980-1989      107                 2.47            0.47            2.94
1980-1989      108                 1.47            0.00            1.47
1980-1989      109                 1.00            0.00            1.00
1980-1989      110+                1.47            0.00            1.47
1990-1999        0            247361.80       262955.14       510316.94
1990-1999        1            250586.44       265634.74       516221.18
1990-1999        2            253117.89       268141.46       521259.35
1990-1999        3            256958.45       271675.53       528633.97
1990-1999        4            262631.17       276758.97       539390.14
1990-1999        5            269413.37       285354.07       554767.44
1990-1999        6            278217.13       292272.85       570489.98
1990-1999        7            287064.67       301144.96       588209.63
1990-1999        8            293001.19       307642.89       600644.08
1990-1999        9            300163.71       316961.05       617124.75
1990-1999       10            309412.22       326845.73       636257.95
1990-1999       11            317087.78       334805.79       651893.57
1990-1999       12            322924.12       341576.44       664500.56
1990-1999       13            329119.42       348193.99       677313.41
1990-1999       14            332852.79       351947.61       684800.39
1990-1999       15            334755.83       352013.04       686768.87
1990-1999       16            336795.23       353045.58       689840.81
1990-1999       17            335943.42       353224.23       689167.64
1990-1999       18            322842.43       338405.64       661248.07
1990-1999       19            310505.32       323911.47       634416.78
1990-1999       20            302240.42       313490.72       615731.13
1990-1999       21            291827.92       305366.51       597194.43
1990-1999       22            280908.12       293181.80       574089.92
1990-1999       23            272548.50       284794.76       557343.26
1990-1999       24            264426.62       274903.03       539329.65
1990-1999       25            259841.10       265278.08       525119.19
1990-1999       26            256638.59       256004.63       512643.21
1990-1999       27            259401.42       251858.79       511260.20
1990-1999       28            258653.40       251500.58       510153.98
1990-1999       29            259618.42       252629.37       512247.79
1990-1999       30            260708.93       251050.48       511759.42
1990-1999       31            264289.01       251962.65       516251.65
1990-1999       32            265991.48       256198.60       522190.09
1990-1999       33            265038.44       258856.82       523895.26
1990-1999       34            263059.77       257780.67       520840.44
1990-1999       35            260614.21       255110.48       515724.69
1990-1999       36            256783.38       253032.46       509815.83
1990-1999       37            255534.49       250717.78       506252.27
1990-1999       38            252930.05       246864.51       499794.56
1990-1999       39            248404.90       246610.86       495015.76
1990-1999       40            245245.30       244538.77       489784.08
1990-1999       41            241379.25       242094.72       483473.97
1990-1999       42            238725.28       239133.20       477858.48
1990-1999       43            235081.06       236932.14       472013.19
1990-1999       44            229670.33       231943.15       461613.48
1990-1999       45            224536.42       226888.82       451425.24
1990-1999       46            219247.18       222347.19       441594.38
1990-1999       47            213094.37       218768.22       431862.59
1990-1999       48            204971.45       211495.71       416467.16
1990-1999       49            199484.35       205416.19       404900.54
1990-1999       50            192766.17       198351.17       391117.34
1990-1999       51            184810.14       192091.61       376901.75
1990-1999       52            177800.27       184095.60       361895.87
1990-1999       53            169851.14       176466.46       346317.60
1990-1999       54            163727.99       169290.47       333018.46
1990-1999       55            158323.83       161609.76       319933.58
1990-1999       56            153122.98       157114.12       310237.10
1990-1999       57            150325.55       153482.82       303808.38
1990-1999       58            147477.23       148996.84       296474.07
1990-1999       59            145523.22       146932.11       292455.33
1990-1999       60            143470.70       143581.33       287052.03
1990-1999       61            142040.93       140871.31       282912.23
1990-1999       62            139866.78       137094.88       276961.66
1990-1999       63            137866.25       132908.57       270774.82
1990-1999       64            136183.02       130201.17       266384.19
1990-1999       65            135302.08       126991.41       262293.49
1990-1999       66            134960.67       124819.45       259780.12
1990-1999       67            135650.86       122785.32       258436.18
1990-1999       68            135530.40       118701.27       254231.66
1990-1999       69            134021.45       115876.47       249897.93
1990-1999       70            131506.52       110649.67       242156.19
1990-1999       71            127401.79       105811.76       233213.55
1990-1999       72            123958.85        99648.70       223607.55
1990-1999       73            119773.63        95219.52       214993.15
1990-1999       74            114561.18        89118.11       203679.28
1990-1999       75            109563.54        83188.73       192752.27
1990-1999       76            104050.47        76564.55       180615.03
1990-1999       77             98537.55        70976.02       169513.57
1990-1999       78             92037.04        64927.00       156964.04
1990-1999       79             86248.76        59324.23       145572.99
1990-1999       80             80842.56        52970.31       133812.87
1990-1999       81             74104.00        46703.44       120807.44
1990-1999       82             67347.73        40685.03       108032.76
1990-1999       83             60440.51        34759.33        95199.84
1990-1999       84             53464.98        29129.81        82594.79
1990-1999       85             46515.50        23991.21        70506.70
1990-1999       86             39769.20        19343.33        59112.53
1990-1999       87             33396.42        15315.06        48711.48
1990-1999       88             27713.60        11976.43        39690.04
1990-1999       89             22635.86         9212.62        31848.47
1990-1999       90             18098.50         6953.92        25052.42
1990-1999       91             14234.99         5141.26        19376.25
1990-1999       92             10925.70         3689.63        14615.33
1990-1999       93              8169.59         2615.77        10785.36
1990-1999       94              5991.37         1848.34         7839.71
1990-1999       95              4273.86         1254.29         5528.15
1990-1999       96              2968.61          821.94         3790.55
1990-1999       97              2008.57          513.26         2521.83
1990-1999       98              1305.23          302.33         1607.56
1990-1999       99               794.22          181.73          975.95
1990-1999      100               470.57          110.89          581.46
1990-1999      101               288.95           61.10          350.05
1990-1999      102               170.96           30.69          201.65
1990-1999      103                92.10           17.14          109.24
1990-1999      104                44.41           11.32           55.73
1990-1999      105                22.66            5.98           28.64
1990-1999      106                12.45            1.64           14.09
1990-1999      107                 5.87            0.22            6.09
1990-1999      108                 2.40            0.00            2.40
1990-1999      109                 1.00            0.00            1.00
1990-1999      110+                0.47            0.00            0.47
2000-2009        0            304226.89       320248.56       624475.45
2000-2009        1            293716.23       308830.91       602547.14
2000-2009        2            287641.35       301903.61       589544.97
2000-2009        3            283773.47       297570.47       581343.94
2000-2009        4            282517.21       296530.17       579047.38
2000-2009        5            282276.59       295659.16       577935.75
2000-2009        6            277166.29       292353.56       569519.84
2000-2009        7            275502.88       289797.98       565300.86
2000-2009        8            272014.71       285938.16       557952.87
2000-2009        9            272894.45       287107.90       560002.35
2000-2009       10            272827.58       287920.92       560748.50
2000-2009       11            273143.34       287082.51       560225.85
2000-2009       12            274163.09       288445.79       562608.88
2000-2009       13            276391.92       290954.49       567346.41
2000-2009       14            282147.43       297932.12       580079.55
2000-2009       15            285068.66       300478.40       585547.06
2000-2009       16            290581.18       305352.39       595933.57
2000-2009       17            297398.75       312596.18       609994.93
2000-2009       18            299889.03       311015.58       610904.61
2000-2009       19            305729.44       313733.24       619462.67
2000-2009       20            323122.57       324185.10       647307.67
2000-2009       21            333458.37       335376.39       668834.76
2000-2009       22            344434.79       344936.60       689371.39
2000-2009       23            347733.59       351278.32       699011.91
2000-2009       24            355219.61       355104.88       710324.49
2000-2009       25            354095.73       354588.94       708684.67
2000-2009       26            349989.89       351962.30       701952.20
2000-2009       27            350554.30       348160.41       698714.71
2000-2009       28            346211.91       349295.02       695506.93
2000-2009       29            340191.43       348300.99       688492.42
2000-2009       30            337674.45       342014.71       679689.16
2000-2009       31            335317.73       334493.76       669811.49
2000-2009       32            331859.02       334534.06       666393.08
2000-2009       33            325171.52       329587.84       654759.36
2000-2009       34            324036.78       329256.35       653293.13
2000-2009       35            323603.40       327514.89       651118.29
2000-2009       36            317889.37       321528.56       639417.92
2000-2009       37            311876.75       315328.56       627205.30
2000-2009       38            307650.72       310181.95       617832.67
2000-2009       39            302008.35       307714.67       609723.01
2000-2009       40            299534.28       300321.30       599855.58
2000-2009       41            294241.74       295201.26       589443.00
2000-2009       42            291544.72       290237.10       581781.82
2000-2009       43            287940.85       287264.53       575205.38
2000-2009       44            281748.68       282563.33       564312.00
2000-2009       45            277131.73       277263.32       554395.05
2000-2009       46            272445.23       271987.16       544432.39
2000-2009       47            266281.39       267017.22       533298.61
2000-2009       48            258864.48       261712.91       520577.39
2000-2009       49            254582.23       255955.13       510537.36
2000-2009       50            250929.58       253585.33       504514.90
2000-2009       51            245066.75       248999.33       494066.08
2000-2009       52            241277.85       244836.10       486113.95
2000-2009       53            236224.73       240067.58       476292.31
2000-2009       54            231119.20       236731.23       467850.43
2000-2009       55            226061.77       229678.77       455740.54
2000-2009       56            218244.58       222905.36       441149.94
2000-2009       57            210933.82       217227.81       428161.63
2000-2009       58            204378.67       208482.77       412861.44
2000-2009       59            194938.13       200089.81       395027.94
2000-2009       60            188804.32       191809.35       380613.67
2000-2009       61            180636.89       185098.01       365734.90
2000-2009       62            172849.66       176147.43       348997.09
2000-2009       63            165885.77       166566.85       332452.62
2000-2009       64            158694.88       159559.01       318253.89
2000-2009       65            152521.64       151026.35       303547.98
2000-2009       66            146334.39       143743.64       290078.04
2000-2009       67            142570.12       138253.74       280823.86
2000-2009       68            138177.31       132615.62       270792.92
2000-2009       69            133826.51       127864.58       261691.09
2000-2009       70            131003.96       122436.87       253440.83
2000-2009       71            127094.43       115852.84       242947.27
2000-2009       72            124209.37       110030.14       234239.52
2000-2009       73            120543.06       103079.05       223622.10
2000-2009       74            116864.11        98359.21       215223.31
2000-2009       75            112877.51        91351.94       204229.45
2000-2009       76            108346.84        84638.80       192985.63
2000-2009       77            105302.90        79391.79       184694.69
2000-2009       78            100251.95        72032.27       172284.22
2000-2009       79             95435.23        66570.33       162005.55
2000-2009       80             91291.05        61335.67       152626.72
2000-2009       81             85143.06        54641.87       139784.93
2000-2009       82             78510.47        48055.62       126566.09
2000-2009       83             71429.45        41693.20       113122.66
2000-2009       84             64389.37        35800.85       100190.22
2000-2009       85             57385.89        30291.95        87677.84
2000-2009       86             50383.39        25211.63        75595.02
2000-2009       87             43408.09        20537.51        63945.60
2000-2009       88             36840.94        16426.33        53267.27
2000-2009       89             30717.05        12831.39        43548.45
2000-2009       90             25027.83         9785.71        34813.53
2000-2009       91             20090.69         7336.26        27426.95
2000-2009       92             15784.52         5378.13        21162.65
2000-2009       93             12094.18         3808.75        15902.93
2000-2009       94              9062.14         2589.93        11652.07
2000-2009       95              6565.47         1725.41         8290.88
2000-2009       96              4573.70         1128.45         5702.15
2000-2009       97              3077.36          717.37         3794.73
2000-2009       98              2034.88          436.70         2471.58
2000-2009       99              1318.51          258.46         1576.97
2000-2009      100               809.78          144.56          954.34
2000-2009      101               487.52           74.42          561.93
2000-2009      102               285.18           39.41          324.60
2000-2009      103               155.12           22.44          177.55
2000-2009      104                78.70           12.65           91.36
2000-2009      105                37.07            6.70           43.78
2000-2009      106                17.93            2.42           20.35
2000-2009      107                 9.87            0.70           10.57
2000-2009      108                 5.31            0.00            5.31
2000-2009      109                 1.40            0.00            1.40
2000-2009      110+                0.00            0.00            0.00
2010-2017        0            265147.84       277662.29       542810.13
2010-2017        1            267131.75       279366.00       546497.76
2010-2017        2            270165.99       281962.51       552128.50
2010-2017        3            271464.88       283516.91       554981.78
2010-2017        4            269812.03       280272.18       550084.21
2010-2017        5            272277.12       284998.51       557275.63
2010-2017        6            268721.42       281283.02       550004.44
2010-2017        7            265512.34       277058.24       542570.58
2010-2017        8            261048.67       272974.42       534023.08
2010-2017        9            255409.39       267188.48       522597.86
2010-2017       10            249101.19       261220.46       510321.65
2010-2017       11            244590.10       256556.61       501146.72
2010-2017       12            242135.01       254115.88       496250.90
2010-2017       13            239697.15       251296.24       490993.38
2010-2017       14            236177.67       248024.84       484202.51
2010-2017       15            232963.66       245075.30       478038.96
2010-2017       16            229521.31       241460.95       470982.26
2010-2017       17            226238.70       238704.27       464942.97
2010-2017       18            226553.05       238549.93       465102.98
2010-2017       19            225537.12       233701.62       459238.74
2010-2017       20            224306.21       231432.10       455738.31
2010-2017       21            222381.33       226699.82       449081.14
2010-2017       22            225341.06       227105.60       452446.65
2010-2017       23            229821.39       229025.74       458847.12
2010-2017       24            236971.87       232954.86       469926.73
2010-2017       25            244872.35       236965.62       481837.96
2010-2017       26            252435.94       240406.77       492842.70
2010-2017       27            268040.42       251347.83       519388.25
2010-2017       28            277423.26       257121.80       534545.05
2010-2017       29            288638.34       266507.98       555146.31
2010-2017       30            299823.66       280829.30       580652.97
2010-2017       31            307514.14       288399.58       595913.72
2010-2017       32            312189.64       294806.97       606996.62
2010-2017       33            313513.12       298604.07       612117.19
2010-2017       34            313350.94       300741.92       614092.86
2010-2017       35            311359.63       302176.58       613536.21
2010-2017       36            310791.77       303748.45       614540.22
2010-2017       37            304231.84       298494.29       602726.13
2010-2017       38            297041.63       293647.15       590688.78
2010-2017       39            290778.05       287468.31       578246.36
2010-2017       40            286714.46       285358.30       572072.75
2010-2017       41            281590.83       280527.22       562118.05
2010-2017       42            275819.52       275378.20       551197.72
2010-2017       43            270655.04       270470.18       541125.22
2010-2017       44            265654.70       265024.07       530678.77
2010-2017       45            261908.60       261521.68       523430.28
2010-2017       46            256886.07       256629.43       513515.50
2010-2017       47            252406.88       251029.97       503436.85
2010-2017       48            247690.85       245790.65       493481.50
2010-2017       49            244338.86       241311.81       485650.67
2010-2017       50            240865.45       237981.65       478847.09
2010-2017       51            236012.97       232853.52       468866.48
2010-2017       52            231508.85       228231.70       459740.54
2010-2017       53            226687.31       223080.84       449768.15
2010-2017       54            220800.40       218343.73       439144.12
2010-2017       55            215645.80       213180.49       428826.29
2010-2017       56            210104.20       207805.63       417909.82
2010-2017       57            206558.18       205037.70       411595.88
2010-2017       58            201012.54       199597.89       400610.43
2010-2017       59            195645.66       194854.82       390500.48
2010-2017       60            190841.07       190446.07       381287.14
2010-2017       61            186287.40       185567.17       371854.57
2010-2017       62            181922.00       181595.40       363517.39
2010-2017       63            177566.15       177315.95       354882.10
2010-2017       64            172583.31       172773.10       345356.40
2010-2017       65            167093.78       166961.10       334054.89
2010-2017       66            161397.77       160501.05       321898.82
2010-2017       67            155253.50       153842.70       309096.20
2010-2017       68            147919.31       146343.41       294262.72
2010-2017       69            140563.37       138232.39       278795.76
2010-2017       70            133025.07       129464.21       262489.28
2010-2017       71            125858.13       120969.66       246827.79
2010-2017       72            118762.99       113065.09       231828.08
2010-2017       73            112736.91       105287.80       218024.70
2010-2017       74            107334.46        99130.44       206464.90
2010-2017       75            102018.78        92470.69       194489.48
2010-2017       76             97067.87        86061.35       183129.23
2010-2017       77             93089.23        80476.55       173565.79
2010-2017       78             88685.74        74758.95       163444.70
2010-2017       79             84393.79        69340.57       153734.36
2010-2017       80             79595.56        63624.55       143220.12
2010-2017       81             74404.65        57028.95       131433.60
2010-2017       82             69740.89        50906.57       120647.46
2010-2017       83             65059.30        45569.62       110628.92
2010-2017       84             60518.86        40250.09       100768.94
2010-2017       85             54988.83        34542.88        89531.71
2010-2017       86             49728.44        29200.34        78928.79
2010-2017       87             44524.59        24472.37        68996.96
2010-2017       88             39211.78        20195.90        59407.68
2010-2017       89             33928.63        16439.61        50368.24
2010-2017       90             28653.86        12964.32        41618.18
2010-2017       91             23564.19         9873.97        33438.15
2010-2017       92             18754.37         7316.21        26070.58
2010-2017       93             14574.32         5252.81        19827.12
2010-2017       94             11045.50         3669.09        14714.59
2010-2017       95              8143.23         2489.45        10632.68
2010-2017       96              5895.52         1635.85         7531.37
2010-2017       97              4130.92         1028.19         5159.10
2010-2017       98              2791.57          620.94         3412.52
2010-2017       99              1826.90          371.35         2198.25
2010-2017      100              1152.54          211.68         1364.22
2010-2017      101               711.41          114.86          826.27
2010-2017      102               426.85           59.14          485.99
2010-2017      103               247.19           26.76          273.95
2010-2017      104               128.93            9.84          138.77
2010-2017      105                61.29            3.08           64.36
2010-2017      106                28.13            0.70           28.83
2010-2017      107                10.30            0.00           10.30
2010-2017      108                 3.07            0.00            3.07
2010-2017      109                 0.52            0.00            0.52
2010-2017      110+                0.00            0.00            0.00
