Ireland, Life tables (period 1x10), Males	Last modified: 01 Oct 2019;  Methods Protocol: v6 (2017)

  Year          Age         mx       qx    ax      lx      dx      Lx       Tx     ex
1950-1959        0      0.04414  0.04258  0.17  100000    4258   96475  6629516  66.30
1950-1959        1      0.00340  0.00340  0.50   95742     325   95579  6533041  68.24
1950-1959        2      0.00199  0.00199  0.50   95417     189   95322  6437462  67.47
1950-1959        3      0.00133  0.00133  0.50   95227     127   95164  6342139  66.60
1950-1959        4      0.00109  0.00109  0.50   95100     103   95049  6246976  65.69
1950-1959        5      0.00081  0.00080  0.50   94997      76   94959  6151927  64.76
1950-1959        6      0.00063  0.00063  0.50   94921      60   94891  6056968  63.81
1950-1959        7      0.00072  0.00072  0.50   94861      68   94827  5962078  62.85
1950-1959        8      0.00063  0.00063  0.50   94793      59   94763  5867251  61.90
1950-1959        9      0.00052  0.00052  0.50   94733      49   94709  5772488  60.93
1950-1959       10      0.00054  0.00054  0.50   94684      51   94659  5677779  59.97
1950-1959       11      0.00049  0.00049  0.50   94633      46   94610  5583121  59.00
1950-1959       12      0.00052  0.00052  0.50   94587      49   94563  5488510  58.03
1950-1959       13      0.00050  0.00050  0.50   94538      47   94514  5393948  57.06
1950-1959       14      0.00057  0.00057  0.50   94491      54   94464  5299433  56.08
1950-1959       15      0.00070  0.00070  0.50   94437      66   94404  5204970  55.12
1950-1959       16      0.00075  0.00075  0.50   94371      71   94335  5110566  54.15
1950-1959       17      0.00097  0.00097  0.50   94300      91   94254  5016231  53.19
1950-1959       18      0.00110  0.00110  0.50   94208     103   94157  4921977  52.25
1950-1959       19      0.00125  0.00125  0.50   94105     117   94047  4827820  51.30
1950-1959       20      0.00122  0.00122  0.50   93988     115   93931  4733773  50.37
1950-1959       21      0.00150  0.00149  0.50   93873     140   93803  4639842  49.43
1950-1959       22      0.00131  0.00131  0.50   93733     123   93672  4546039  48.50
1950-1959       23      0.00149  0.00149  0.50   93610     139   93540  4452368  47.56
1950-1959       24      0.00157  0.00157  0.50   93471     147   93397  4358827  46.63
1950-1959       25      0.00153  0.00152  0.50   93324     142   93253  4265430  45.71
1950-1959       26      0.00151  0.00151  0.50   93182     141   93112  4172177  44.77
1950-1959       27      0.00180  0.00180  0.50   93041     168   92958  4079065  43.84
1950-1959       28      0.00179  0.00179  0.50   92874     166   92790  3986107  42.92
1950-1959       29      0.00177  0.00176  0.50   92707     163   92626  3893317  42.00
1950-1959       30      0.00220  0.00220  0.50   92544     204   92442  3800691  41.07
1950-1959       31      0.00161  0.00161  0.50   92340     149   92266  3708249  40.16
1950-1959       32      0.00230  0.00230  0.50   92192     212   92086  3615983  39.22
1950-1959       33      0.00212  0.00212  0.50   91980     195   91882  3523898  38.31
1950-1959       34      0.00222  0.00222  0.50   91785     203   91683  3432016  37.39
1950-1959       35      0.00262  0.00262  0.50   91581     240   91461  3340333  36.47
1950-1959       36      0.00256  0.00256  0.50   91341     234   91225  3248871  35.57
1950-1959       37      0.00254  0.00254  0.50   91108     231   90992  3157647  34.66
1950-1959       38      0.00283  0.00283  0.50   90877     257   90748  3066655  33.75
1950-1959       39      0.00279  0.00279  0.50   90620     252   90494  2975906  32.84
1950-1959       40      0.00415  0.00414  0.50   90368     374   90180  2885412  31.93
1950-1959       41      0.00283  0.00282  0.50   89993     254   89866  2795232  31.06
1950-1959       42      0.00425  0.00424  0.50   89739     380   89549  2705366  30.15
1950-1959       43      0.00386  0.00385  0.50   89359     344   89187  2615817  29.27
1950-1959       44      0.00413  0.00412  0.50   89015     367   88831  2526630  28.38
1950-1959       45      0.00535  0.00534  0.50   88648     473   88411  2437799  27.50
1950-1959       46      0.00517  0.00516  0.50   88175     455   87947  2349388  26.64
1950-1959       47      0.00560  0.00559  0.50   87720     490   87475  2261440  25.78
1950-1959       48      0.00680  0.00678  0.50   87230     591   86934  2173965  24.92
1950-1959       49      0.00677  0.00675  0.50   86639     585   86346  2087031  24.09
1950-1959       50      0.01117  0.01111  0.50   86054     956   85576  2000685  23.25
1950-1959       51      0.00705  0.00703  0.50   85098     598   84799  1915108  22.50
1950-1959       52      0.01024  0.01019  0.50   84500     861   84070  1830309  21.66
1950-1959       53      0.01040  0.01034  0.50   83639     865   83207  1746240  20.88
1950-1959       54      0.01273  0.01265  0.50   82774    1047   82251  1663033  20.09
1950-1959       55      0.01310  0.01301  0.50   81727    1064   81195  1580782  19.34
1950-1959       56      0.01555  0.01543  0.50   80664    1245   80041  1499587  18.59
1950-1959       57      0.01479  0.01468  0.50   79419    1166   78836  1419545  17.87
1950-1959       58      0.01807  0.01791  0.50   78252    1401   77552  1340710  17.13
1950-1959       59      0.01714  0.01699  0.50   76851    1306   76198  1263158  16.44
1950-1959       60      0.02786  0.02747  0.50   75545    2075   74507  1186960  15.71
1950-1959       61      0.01789  0.01773  0.50   73470    1303   72818  1112453  15.14
1950-1959       62      0.02488  0.02458  0.50   72167    1774   71280  1039635  14.41
1950-1959       63      0.02476  0.02445  0.50   70393    1721   69533   968355  13.76
1950-1959       64      0.02854  0.02814  0.50   68672    1932   67706   898822  13.09
1950-1959       65      0.03871  0.03797  0.50   66739    2534   65472   831117  12.45
1950-1959       66      0.02967  0.02924  0.50   64205    1877   63266   765644  11.92
1950-1959       67      0.03416  0.03359  0.50   62328    2094   61281   702378  11.27
1950-1959       68      0.04451  0.04354  0.50   60234    2622   58923   641097  10.64
1950-1959       69      0.04467  0.04370  0.50   57612    2518   56353   582173  10.11
1950-1959       70      0.05669  0.05513  0.50   55094    3037   53576   525820   9.54
1950-1959       71      0.04701  0.04593  0.50   52057    2391   50862   472244   9.07
1950-1959       72      0.06424  0.06224  0.50   49666    3091   48121   421383   8.48
1950-1959       73      0.06992  0.06756  0.50   46575    3146   45002   373262   8.01
1950-1959       74      0.08040  0.07729  0.50   43429    3357   41750   328260   7.56
1950-1959       75      0.09097  0.08701  0.50   40072    3487   38329   286510   7.15
1950-1959       76      0.09583  0.09145  0.50   36585    3346   34912   248181   6.78
1950-1959       77      0.09540  0.09105  0.50   33240    3027   31726   213269   6.42
1950-1959       78      0.11749  0.11097  0.50   30213    3353   28537   181543   6.01
1950-1959       79      0.10832  0.10275  0.50   26860    2760   25480   153006   5.70
1950-1959       80      0.15306  0.14218  0.50   24100    3427   22387   127525   5.29
1950-1959       81      0.11731  0.11081  0.50   20674    2291   19528   105138   5.09
1950-1959       82      0.15567  0.14443  0.50   18383    2655   17055    85610   4.66
1950-1959       83      0.16127  0.14924  0.50   15728    2347   14554    68555   4.36
1950-1959       84      0.21409  0.19339  0.50   13381    2588   12087    54000   4.04
1950-1959       85      0.20901  0.18923  0.50   10793    2042    9772    41913   3.88
1950-1959       86      0.24107  0.21514  0.50    8751    1883    7809    32141   3.67
1950-1959       87      0.24337  0.21697  0.50    6868    1490    6123    24332   3.54
1950-1959       88      0.25017  0.22236  0.50    5378    1196    4780    18209   3.39
1950-1959       89      0.26668  0.23531  0.50    4182     984    3690    13429   3.21
1950-1959       90      0.32855  0.28219  0.50    3198     902    2747     9739   3.05
1950-1959       91      0.25922  0.22948  0.50    2296     527    2032     6992   3.05
1950-1959       92      0.29914  0.26022  0.50    1769     460    1539     4960   2.80
1950-1959       93      0.31850  0.27474  0.50    1309     360    1129     3421   2.61
1950-1959       94      0.35427  0.30096  0.50     949     286     806     2293   2.42
1950-1959       95      0.40835  0.33911  0.50     663     225     551     1486   2.24
1950-1959       96      0.43255  0.35563  0.50     438     156     360      935   2.13
1950-1959       97      0.45707  0.37205  0.50     283     105     230      575   2.04
1950-1959       98      0.48181  0.38827  0.50     177      69     143      345   1.94
1950-1959       99      0.50663  0.40423  0.50     109      44      87      202   1.86
1950-1959      100      0.53142  0.41986  0.50      65      27      51      115   1.79
1950-1959      101      0.55606  0.43509  0.50      38      16      29       64   1.72
1950-1959      102      0.58042  0.44987  0.50      21      10      16       35   1.65
1950-1959      103      0.60440  0.46414  0.50      12       5       9       19   1.59
1950-1959      104      0.62789  0.47786  0.50       6       3       5       10   1.54
1950-1959      105      0.65079  0.49101  0.50       3       2       2        5   1.49
1950-1959      106      0.67301  0.50356  0.50       2       1       1        2   1.45
1950-1959      107      0.69448  0.51548  0.50       1       0       1        1   1.41
1950-1959      108      0.71514  0.52678  0.50       0       0       0        1   1.37
1950-1959      109      0.73494  0.53744  0.50       0       0       0        0   1.34
1950-1959      110+     0.75383  1.00000  1.33       0       0       0        0   1.33
1960-1969        0      0.02896  0.02825  0.12  100000    2825   97522  6841713  68.42
1960-1969        1      0.00173  0.00173  0.50   97175     168   97092  6744190  69.40
1960-1969        2      0.00106  0.00106  0.50   97008     103   96956  6647099  68.52
1960-1969        3      0.00077  0.00077  0.50   96905      75   96867  6550142  67.59
1960-1969        4      0.00068  0.00068  0.50   96830      65   96797  6453275  66.65
1960-1969        5      0.00054  0.00054  0.50   96765      52   96739  6356478  65.69
1960-1969        6      0.00054  0.00054  0.50   96713      52   96687  6259739  64.73
1960-1969        7      0.00044  0.00044  0.50   96660      43   96639  6163053  63.76
1960-1969        8      0.00045  0.00045  0.50   96618      43   96596  6066414  62.79
1960-1969        9      0.00047  0.00047  0.50   96574      45   96552  5969818  61.82
1960-1969       10      0.00041  0.00041  0.50   96529      39   96509  5873266  60.84
1960-1969       11      0.00031  0.00031  0.50   96490      30   96475  5776756  59.87
1960-1969       12      0.00041  0.00041  0.50   96460      39   96441  5680281  58.89
1960-1969       13      0.00041  0.00041  0.50   96421      40   96401  5583841  57.91
1960-1969       14      0.00035  0.00035  0.50   96381      33   96364  5487440  56.93
1960-1969       15      0.00053  0.00052  0.50   96347      51   96322  5391076  55.95
1960-1969       16      0.00063  0.00063  0.50   96297      61   96266  5294754  54.98
1960-1969       17      0.00069  0.00069  0.50   96236      66   96203  5198487  54.02
1960-1969       18      0.00078  0.00078  0.50   96170      75   96133  5102284  53.05
1960-1969       19      0.00106  0.00106  0.50   96095     102   96044  5006152  52.10
1960-1969       20      0.00114  0.00114  0.50   95993     109   95939  4910108  51.15
1960-1969       21      0.00098  0.00098  0.50   95884      94   95837  4814169  50.21
1960-1969       22      0.00103  0.00103  0.50   95790      99   95741  4718332  49.26
1960-1969       23      0.00100  0.00100  0.50   95691      95   95644  4622591  48.31
1960-1969       24      0.00095  0.00095  0.50   95596      91   95550  4526947  47.36
1960-1969       25      0.00112  0.00112  0.50   95505     107   95451  4431397  46.40
1960-1969       26      0.00118  0.00118  0.50   95398     113   95342  4335945  45.45
1960-1969       27      0.00121  0.00121  0.50   95285     116   95227  4240604  44.50
1960-1969       28      0.00109  0.00108  0.50   95170     103   95118  4145376  43.56
1960-1969       29      0.00130  0.00130  0.50   95066     123   95005  4050258  42.60
1960-1969       30      0.00126  0.00126  0.50   94943     119   94884  3955253  41.66
1960-1969       31      0.00120  0.00120  0.50   94824     113   94767  3860370  40.71
1960-1969       32      0.00137  0.00137  0.50   94711     130   94646  3765603  39.76
1960-1969       33      0.00150  0.00150  0.50   94581     142   94510  3670957  38.81
1960-1969       34      0.00163  0.00163  0.50   94439     154   94362  3576447  37.87
1960-1969       35      0.00183  0.00183  0.50   94285     172   94199  3482085  36.93
1960-1969       36      0.00184  0.00184  0.50   94113     173   94027  3387886  36.00
1960-1969       37      0.00198  0.00198  0.50   93940     186   93847  3293859  35.06
1960-1969       38      0.00249  0.00249  0.50   93754     233   93637  3200012  34.13
1960-1969       39      0.00231  0.00230  0.50   93521     216   93413  3106375  33.22
1960-1969       40      0.00304  0.00304  0.50   93305     283   93163  3012962  32.29
1960-1969       41      0.00264  0.00263  0.50   93022     245   92899  2919799  31.39
1960-1969       42      0.00338  0.00337  0.50   92777     313   92620  2826899  30.47
1960-1969       43      0.00348  0.00348  0.50   92464     322   92303  2734279  29.57
1960-1969       44      0.00393  0.00392  0.50   92142     361   91962  2641976  28.67
1960-1969       45      0.00500  0.00499  0.50   91781     458   91552  2550014  27.78
1960-1969       46      0.00460  0.00459  0.50   91323     419   91114  2458461  26.92
1960-1969       47      0.00506  0.00504  0.50   90904     458   90675  2367348  26.04
1960-1969       48      0.00581  0.00579  0.50   90445     524   90184  2276673  25.17
1960-1969       49      0.00567  0.00566  0.50   89922     509   89668  2186490  24.32
1960-1969       50      0.00944  0.00939  0.50   89413     840   88993  2096822  23.45
1960-1969       51      0.00643  0.00641  0.50   88573     568   88289  2007829  22.67
1960-1969       52      0.00938  0.00934  0.50   88005     822   87594  1919540  21.81
1960-1969       53      0.00994  0.00989  0.50   87184     862   86753  1831945  21.01
1960-1969       54      0.01137  0.01130  0.50   86322     976   85834  1745193  20.22
1960-1969       55      0.01256  0.01248  0.50   85346    1065   84813  1659359  19.44
1960-1969       56      0.01399  0.01389  0.50   84281    1171   83695  1574546  18.68
1960-1969       57      0.01392  0.01383  0.50   83110    1149   82536  1490850  17.94
1960-1969       58      0.01746  0.01731  0.50   81961    1419   81252  1408315  17.18
1960-1969       59      0.01722  0.01707  0.50   80542    1375   79854  1327063  16.48
1960-1969       60      0.02508  0.02477  0.50   79167    1961   78186  1247209  15.75
1960-1969       61      0.01934  0.01916  0.50   77206    1479   76467  1169022  15.14
1960-1969       62      0.02662  0.02627  0.50   75727    1989   74732  1092556  14.43
1960-1969       63      0.02727  0.02690  0.50   73738    1984   72746  1017823  13.80
1960-1969       64      0.03060  0.03014  0.50   71754    2163   70673   945077  13.17
1960-1969       65      0.03952  0.03875  0.50   69592    2697   68243   874404  12.56
1960-1969       66      0.03238  0.03187  0.50   66895    2132   65829   806161  12.05
1960-1969       67      0.03508  0.03447  0.50   64763    2232   63647   740332  11.43
1960-1969       68      0.04565  0.04463  0.50   62530    2791   61135   676686  10.82
1960-1969       69      0.04540  0.04439  0.50   59739    2652   58413   615551  10.30
1960-1969       70      0.05636  0.05481  0.50   57088    3129   55523   557137   9.76
1960-1969       71      0.04627  0.04522  0.50   53958    2440   52738   501614   9.30
1960-1969       72      0.06372  0.06175  0.50   51518    3181   49928   448876   8.71
1960-1969       73      0.06889  0.06659  0.50   48337    3219   46727   398948   8.25
1960-1969       74      0.07573  0.07296  0.50   45118    3292   43472   352221   7.81
1960-1969       75      0.08649  0.08290  0.50   41826    3467   40092   308749   7.38
1960-1969       76      0.09070  0.08677  0.50   38359    3328   36694   268656   7.00
1960-1969       77      0.09131  0.08732  0.50   35030    3059   33501   231962   6.62
1960-1969       78      0.10756  0.10207  0.50   31971    3263   30340   198461   6.21
1960-1969       79      0.10219  0.09723  0.50   28708    2791   27312   168122   5.86
1960-1969       80      0.14036  0.13115  0.50   25917    3399   24217   140809   5.43
1960-1969       81      0.11204  0.10609  0.50   22518    2389   21323   116592   5.18
1960-1969       82      0.15219  0.14143  0.50   20129    2847   18705    95269   4.73
1960-1969       83      0.15303  0.14215  0.50   17282    2457   16054    76563   4.43
1960-1969       84      0.20178  0.18329  0.50   14825    2717   13467    60510   4.08
1960-1969       85      0.20431  0.18538  0.50   12108    2245   10986    47043   3.89
1960-1969       86      0.23140  0.20740  0.50    9864    2046    8841    36057   3.66
1960-1969       87      0.24436  0.21775  0.50    7818    1702    6967    27216   3.48
1960-1969       88      0.25164  0.22352  0.50    6115    1367    5432    20250   3.31
1960-1969       89      0.26457  0.23366  0.50    4749    1110    4194    14818   3.12
1960-1969       90      0.32383  0.27871  0.50    3639    1014    3132    10624   2.92
1960-1969       91      0.28117  0.24651  0.50    2625     647    2301     7492   2.85
1960-1969       92      0.33010  0.28334  0.50    1978     560    1698     5191   2.62
1960-1969       93      0.33622  0.28783  0.50    1417     408    1213     3493   2.46
1960-1969       94      0.40218  0.33485  0.50    1009     338     840     2280   2.26
1960-1969       95      0.42659  0.35160  0.50     671     236     553     1440   2.14
1960-1969       96      0.45366  0.36978  0.50     435     161     355      886   2.04
1960-1969       97      0.48100  0.38775  0.50     274     106     221      531   1.94
1960-1969       98      0.50846  0.40539  0.50     168      68     134      310   1.85
1960-1969       99      0.53586  0.42263  0.50     100      42      79      176   1.76
1960-1969      100      0.56306  0.43936  0.50      58      25      45       97   1.69
1960-1969      101      0.58987  0.45552  0.50      32      15      25       52   1.62
1960-1969      102      0.61617  0.47105  0.50      18       8      13       27   1.56
1960-1969      103      0.64180  0.48588  0.50       9       5       7       14   1.50
1960-1969      104      0.66665  0.49999  0.50       5       2       4        7   1.45
1960-1969      105      0.69060  0.51334  0.50       2       1       2        3   1.41
1960-1969      106      0.71357  0.52593  0.50       1       1       1        2   1.37
1960-1969      107      0.73549  0.53774  0.50       1       0       0        1   1.33
1960-1969      108      0.75631  0.54878  0.50       0       0       0        0   1.30
1960-1969      109      0.77598  0.55907  0.50       0       0       0        0   1.28
1960-1969      110+     0.79450  1.00000  1.26       0       0       0        0   1.26
1970-1979        0      0.01887  0.01856  0.11  100000    1856   98351  6906217  69.06
1970-1979        1      0.00128  0.00128  0.50   98144     126   98081  6807866  69.37
1970-1979        2      0.00079  0.00079  0.50   98018      77   97979  6709785  68.45
1970-1979        3      0.00072  0.00072  0.50   97941      71   97906  6611806  67.51
1970-1979        4      0.00054  0.00054  0.50   97870      53   97844  6513900  66.56
1970-1979        5      0.00052  0.00052  0.50   97818      51   97792  6416056  65.59
1970-1979        6      0.00050  0.00050  0.50   97767      49   97742  6318264  64.63
1970-1979        7      0.00039  0.00039  0.50   97718      38   97699  6220522  63.66
1970-1979        8      0.00041  0.00041  0.50   97680      40   97660  6122823  62.68
1970-1979        9      0.00035  0.00035  0.50   97640      35   97623  6025162  61.71
1970-1979       10      0.00031  0.00031  0.50   97606      30   97591  5927539  60.73
1970-1979       11      0.00041  0.00041  0.50   97575      40   97556  5829949  59.75
1970-1979       12      0.00036  0.00036  0.50   97536      35   97518  5732393  58.77
1970-1979       13      0.00039  0.00039  0.50   97501      38   97482  5634875  57.79
1970-1979       14      0.00041  0.00041  0.50   97463      40   97443  5537393  56.82
1970-1979       15      0.00046  0.00046  0.50   97422      45   97400  5439951  55.84
1970-1979       16      0.00063  0.00063  0.50   97378      61   97347  5342550  54.86
1970-1979       17      0.00093  0.00093  0.50   97317      91   97271  5245203  53.90
1970-1979       18      0.00112  0.00112  0.50   97226     109   97171  5147932  52.95
1970-1979       19      0.00117  0.00117  0.50   97117     113   97060  5050761  52.01
1970-1979       20      0.00115  0.00115  0.50   97003     112   96947  4953700  51.07
1970-1979       21      0.00131  0.00131  0.50   96892     127   96828  4856753  50.13
1970-1979       22      0.00118  0.00118  0.50   96765     115   96708  4759925  49.19
1970-1979       23      0.00129  0.00129  0.50   96650     125   96588  4663217  48.25
1970-1979       24      0.00117  0.00116  0.50   96526     112   96470  4566629  47.31
1970-1979       25      0.00101  0.00101  0.50   96413      97   96365  4470159  46.36
1970-1979       26      0.00111  0.00111  0.50   96316     107   96262  4373795  45.41
1970-1979       27      0.00121  0.00121  0.50   96209     117   96150  4277532  44.46
1970-1979       28      0.00125  0.00125  0.50   96092     120   96032  4181382  43.51
1970-1979       29      0.00126  0.00126  0.50   95972     121   95912  4085350  42.57
1970-1979       30      0.00116  0.00116  0.50   95851     111   95796  3989438  41.62
1970-1979       31      0.00098  0.00098  0.50   95740      93   95694  3893642  40.67
1970-1979       32      0.00127  0.00127  0.50   95647     122   95586  3797949  39.71
1970-1979       33      0.00143  0.00143  0.50   95525     136   95457  3702362  38.76
1970-1979       34      0.00138  0.00138  0.50   95389     132   95323  3606905  37.81
1970-1979       35      0.00154  0.00154  0.50   95257     147   95184  3511582  36.86
1970-1979       36      0.00154  0.00153  0.50   95111     146   95038  3416398  35.92
1970-1979       37      0.00181  0.00181  0.50   94965     172   94879  3321360  34.97
1970-1979       38      0.00212  0.00211  0.50   94793     200   94693  3226481  34.04
1970-1979       39      0.00206  0.00205  0.50   94593     194   94495  3131788  33.11
1970-1979       40      0.00279  0.00279  0.50   94398     263   94267  3037293  32.18
1970-1979       41      0.00269  0.00268  0.50   94135     253   94009  2943026  31.26
1970-1979       42      0.00365  0.00364  0.50   93882     342   93712  2849017  30.35
1970-1979       43      0.00328  0.00327  0.50   93541     306   93388  2755306  29.46
1970-1979       44      0.00368  0.00368  0.50   93234     343   93063  2661918  28.55
1970-1979       45      0.00468  0.00467  0.50   92892     433   92675  2568855  27.65
1970-1979       46      0.00468  0.00467  0.50   92458     432   92242  2476180  26.78
1970-1979       47      0.00516  0.00515  0.50   92026     474   91790  2383938  25.90
1970-1979       48      0.00584  0.00582  0.50   91553     533   91286  2292148  25.04
1970-1979       49      0.00630  0.00628  0.50   91020     572   90734  2200862  24.18
1970-1979       50      0.00843  0.00840  0.50   90448     760   90069  2110127  23.33
1970-1979       51      0.00753  0.00750  0.50   89689     673   89353  2020059  22.52
1970-1979       52      0.00993  0.00988  0.50   89016     879   88577  1930706  21.69
1970-1979       53      0.01011  0.01006  0.50   88137     887   87694  1842129  20.90
1970-1979       54      0.01196  0.01189  0.50   87250    1037   86732  1754436  20.11
1970-1979       55      0.01239  0.01232  0.50   86213    1062   85682  1667704  19.34
1970-1979       56      0.01429  0.01419  0.50   85152    1208   84548  1582021  18.58
1970-1979       57      0.01484  0.01473  0.50   83944    1237   83325  1497474  17.84
1970-1979       58      0.01762  0.01747  0.50   82707    1445   81985  1414149  17.10
1970-1979       59      0.01741  0.01726  0.50   81262    1402   80561  1332164  16.39
1970-1979       60      0.02301  0.02275  0.50   79860    1817   78952  1251603  15.67
1970-1979       61      0.01977  0.01958  0.50   78043    1528   77279  1172651  15.03
1970-1979       62      0.02501  0.02470  0.50   76515    1890   75570  1095372  14.32
1970-1979       63      0.02678  0.02642  0.50   74625    1972   73639  1019802  13.67
1970-1979       64      0.03020  0.02975  0.50   72653    2161   71573   946163  13.02
1970-1979       65      0.03530  0.03469  0.50   70492    2445   69270   874590  12.41
1970-1979       66      0.03328  0.03273  0.50   68047    2227   66933   805320  11.83
1970-1979       67      0.03975  0.03897  0.50   65819    2565   64537   738387  11.22
1970-1979       68      0.04540  0.04439  0.50   63254    2808   61850   673850  10.65
1970-1979       69      0.04789  0.04677  0.50   60446    2827   59033   612000  10.12
1970-1979       70      0.05755  0.05594  0.50   57619    3223   56008   552967   9.60
1970-1979       71      0.05265  0.05130  0.50   54396    2791   53001   496959   9.14
1970-1979       72      0.06704  0.06487  0.50   51605    3347   49932   443958   8.60
1970-1979       73      0.06997  0.06760  0.50   48258    3262   46627   394027   8.17
1970-1979       74      0.07991  0.07684  0.50   44996    3458   43267   347400   7.72
1970-1979       75      0.08662  0.08303  0.50   41538    3449   39814   304133   7.32
1970-1979       76      0.09492  0.09062  0.50   38089    3452   36363   264319   6.94
1970-1979       77      0.09324  0.08909  0.50   34638    3086   33095   227956   6.58
1970-1979       78      0.11301  0.10696  0.50   31552    3375   29864   194861   6.18
1970-1979       79      0.11090  0.10507  0.50   28177    2961   26697   164997   5.86
1970-1979       80      0.13956  0.13046  0.50   25216    3290   23572   138300   5.48
1970-1979       81      0.11628  0.10989  0.50   21927    2410   20722   114728   5.23
1970-1979       82      0.14869  0.13840  0.50   19517    2701   18167    94007   4.82
1970-1979       83      0.15805  0.14647  0.50   16816    2463   15584    75840   4.51
1970-1979       84      0.19471  0.17743  0.50   14353    2547   13080    60256   4.20
1970-1979       85      0.19305  0.17605  0.50   11806    2079   10767    47176   4.00
1970-1979       86      0.23026  0.20648  0.50    9728    2009    8723    36409   3.74
1970-1979       87      0.23020  0.20644  0.50    7719    1594    6922    27686   3.59
1970-1979       88      0.25212  0.22389  0.50    6126    1371    5440    20763   3.39
1970-1979       89      0.25386  0.22526  0.50    4754    1071    4219    15324   3.22
1970-1979       90      0.29072  0.25382  0.50    3683     935    3216    11105   3.02
1970-1979       91      0.26859  0.23679  0.50    2748     651    2423     7889   2.87
1970-1979       92      0.33407  0.28625  0.50    2098     600    1797     5466   2.61
1970-1979       93      0.36619  0.30952  0.50    1497     463    1265     3669   2.45
1970-1979       94      0.39324  0.32863  0.50    1034     340     864     2404   2.33
1970-1979       95      0.41095  0.34091  0.50     694     237     576     1540   2.22
1970-1979       96      0.43673  0.35846  0.50     457     164     375      964   2.11
1970-1979       97      0.46286  0.37587  0.50     293     110     238      589   2.01
1970-1979       98      0.48919  0.39305  0.50     183      72     147      350   1.91
1970-1979       99      0.51558  0.40991  0.50     111      46      88      203   1.83
1970-1979      100      0.54189  0.42637  0.50      66      28      52      115   1.75
1970-1979      101      0.56796  0.44234  0.50      38      17      29       63   1.68
1970-1979      102      0.59366  0.45778  0.50      21      10      16       34   1.62
1970-1979      103      0.61886  0.47262  0.50      11       5       9       18   1.56
1970-1979      104      0.64344  0.48682  0.50       6       3       5        9   1.50
1970-1979      105      0.66728  0.50034  0.50       3       2       2        4   1.46
1970-1979      106      0.69030  0.51317  0.50       2       1       1        2   1.41
1970-1979      107      0.71240  0.52529  0.50       1       0       1        1   1.37
1970-1979      108      0.73355  0.53670  0.50       0       0       0        0   1.34
1970-1979      109      0.75367  0.54739  0.50       0       0       0        0   1.31
1970-1979      110+     0.77274  1.00000  1.29       0       0       0        0   1.29
1980-1989        0      0.01039  0.01029  0.13  100000    1029   99103  7084660  70.85
1980-1989        1      0.00087  0.00087  0.50   98971      86   98928  6985556  70.58
1980-1989        2      0.00060  0.00060  0.50   98885      59   98855  6886629  69.64
1980-1989        3      0.00042  0.00042  0.50   98826      42   98805  6787773  68.68
1980-1989        4      0.00041  0.00041  0.50   98784      40   98764  6688968  67.71
1980-1989        5      0.00034  0.00034  0.50   98744      34   98727  6590204  66.74
1980-1989        6      0.00029  0.00029  0.50   98710      29   98696  6491478  65.76
1980-1989        7      0.00030  0.00030  0.50   98681      30   98666  6392782  64.78
1980-1989        8      0.00029  0.00029  0.50   98652      28   98638  6294116  63.80
1980-1989        9      0.00033  0.00033  0.50   98624      33   98607  6195478  62.82
1980-1989       10      0.00031  0.00031  0.50   98591      31   98575  6096871  61.84
1980-1989       11      0.00027  0.00027  0.50   98560      27   98546  5998296  60.86
1980-1989       12      0.00022  0.00022  0.50   98533      22   98522  5899749  59.88
1980-1989       13      0.00030  0.00030  0.50   98511      29   98496  5801228  58.89
1980-1989       14      0.00037  0.00037  0.50   98482      37   98463  5702731  57.91
1980-1989       15      0.00046  0.00046  0.50   98445      45   98422  5604268  56.93
1980-1989       16      0.00061  0.00061  0.50   98400      60   98370  5505846  55.95
1980-1989       17      0.00084  0.00084  0.50   98340      83   98298  5407476  54.99
1980-1989       18      0.00098  0.00098  0.50   98257      97   98209  5309177  54.03
1980-1989       19      0.00126  0.00126  0.50   98160     124   98098  5210968  53.09
1980-1989       20      0.00112  0.00112  0.50   98037     110   97982  5112870  52.15
1980-1989       21      0.00122  0.00122  0.50   97927     120   97867  5014888  51.21
1980-1989       22      0.00107  0.00107  0.50   97807     105   97754  4917022  50.27
1980-1989       23      0.00113  0.00113  0.50   97702     111   97647  4819267  49.33
1980-1989       24      0.00109  0.00109  0.50   97591     106   97538  4721621  48.38
1980-1989       25      0.00099  0.00099  0.50   97485      97   97437  4624082  47.43
1980-1989       26      0.00100  0.00100  0.50   97388      98   97340  4526646  46.48
1980-1989       27      0.00100  0.00100  0.50   97291      97   97242  4429306  45.53
1980-1989       28      0.00108  0.00108  0.50   97194     105   97141  4332064  44.57
1980-1989       29      0.00094  0.00094  0.50   97089      91   97043  4234923  43.62
1980-1989       30      0.00111  0.00111  0.50   96997     108   96943  4137880  42.66
1980-1989       31      0.00101  0.00101  0.50   96889      98   96840  4040937  41.71
1980-1989       32      0.00110  0.00110  0.50   96792     106   96738  3944096  40.75
1980-1989       33      0.00118  0.00118  0.50   96685     114   96628  3847358  39.79
1980-1989       34      0.00116  0.00116  0.50   96571     112   96515  3750730  38.84
1980-1989       35      0.00139  0.00139  0.50   96459     134   96393  3654214  37.88
1980-1989       36      0.00134  0.00134  0.50   96326     129   96261  3557822  36.94
1980-1989       37      0.00127  0.00127  0.50   96196     122   96135  3461561  35.98
1980-1989       38      0.00152  0.00151  0.50   96074     145   96001  3365426  35.03
1980-1989       39      0.00169  0.00169  0.50   95929     162   95848  3269424  34.08
1980-1989       40      0.00207  0.00207  0.50   95766     198   95667  3173577  33.14
1980-1989       41      0.00206  0.00206  0.50   95568     197   95470  3077909  32.21
1980-1989       42      0.00269  0.00269  0.50   95372     256   95243  2982440  31.27
1980-1989       43      0.00250  0.00250  0.50   95115     237   94997  2887196  30.35
1980-1989       44      0.00267  0.00267  0.50   94878     253   94751  2792199  29.43
1980-1989       45      0.00341  0.00340  0.50   94625     322   94464  2697448  28.51
1980-1989       46      0.00386  0.00386  0.50   94303     364   94121  2602984  27.60
1980-1989       47      0.00414  0.00413  0.50   93939     388   93745  2508863  26.71
1980-1989       48      0.00469  0.00468  0.50   93551     437   93332  2415118  25.82
1980-1989       49      0.00509  0.00507  0.50   93113     472   92877  2321786  24.94
1980-1989       50      0.00642  0.00640  0.50   92641     593   92345  2228908  24.06
1980-1989       51      0.00624  0.00622  0.50   92048     573   91762  2136564  23.21
1980-1989       52      0.00794  0.00791  0.50   91476     724   91114  2044801  22.35
1980-1989       53      0.00830  0.00827  0.50   90752     750   90377  1953687  21.53
1980-1989       54      0.01033  0.01028  0.50   90002     925   89539  1863311  20.70
1980-1989       55      0.01090  0.01084  0.50   89076     965   88594  1773771  19.91
1980-1989       56      0.01187  0.01180  0.50   88111    1040   87591  1685178  19.13
1980-1989       57      0.01397  0.01387  0.50   87071    1208   86467  1597587  18.35
1980-1989       58      0.01610  0.01597  0.50   85863    1371   85178  1511119  17.60
1980-1989       59      0.01642  0.01629  0.50   84492    1376   83804  1425942  16.88
1980-1989       60      0.01973  0.01954  0.50   83116    1624   82304  1342138  16.15
1980-1989       61      0.01940  0.01921  0.50   81492    1566   80709  1259834  15.46
1980-1989       62      0.02367  0.02339  0.50   79926    1870   78991  1179125  14.75
1980-1989       63      0.02556  0.02524  0.50   78057    1970   77072  1100134  14.09
1980-1989       64      0.02775  0.02737  0.50   76087    2083   75045  1023062  13.45
1980-1989       65      0.03226  0.03174  0.50   74004    2349   72830   948016  12.81
1980-1989       66      0.03412  0.03355  0.50   71655    2404   70453   875187  12.21
1980-1989       67      0.03552  0.03490  0.50   69251    2417   68043   804734  11.62
1980-1989       68      0.04125  0.04042  0.50   66835    2701   65484   736691  11.02
1980-1989       69      0.04325  0.04233  0.50   64133    2715   62776   671207  10.47
1980-1989       70      0.05089  0.04962  0.50   61419    3048   59895   608431   9.91
1980-1989       71      0.05072  0.04947  0.50   58371    2887   56927   548536   9.40
1980-1989       72      0.06144  0.05961  0.50   55483    3307   53830   491609   8.86
1980-1989       73      0.06654  0.06440  0.50   52176    3360   50496   437780   8.39
1980-1989       74      0.07508  0.07237  0.50   48816    3533   47049   387284   7.93
1980-1989       75      0.08225  0.07900  0.50   45283    3577   43494   340234   7.51
1980-1989       76      0.08712  0.08349  0.50   41706    3482   39965   296740   7.12
1980-1989       77      0.09126  0.08728  0.50   38224    3336   36556   256775   6.72
1980-1989       78      0.10359  0.09849  0.50   34888    3436   33170   220219   6.31
1980-1989       79      0.11379  0.10766  0.50   31452    3386   29759   187049   5.95
1980-1989       80      0.12654  0.11901  0.50   28066    3340   26396   157290   5.60
1980-1989       81      0.12279  0.11569  0.50   24725    2860   23295   130895   5.29
1980-1989       82      0.14919  0.13884  0.50   21865    3036   20347   107600   4.92
1980-1989       83      0.15818  0.14658  0.50   18829    2760   17449    87252   4.63
1980-1989       84      0.18500  0.16933  0.50   16069    2721   14709    69803   4.34
1980-1989       85      0.18221  0.16700  0.50   13348    2229   12234    55094   4.13
1980-1989       86      0.21034  0.19033  0.50   11119    2116   10061    42861   3.85
1980-1989       87      0.22728  0.20408  0.50    9003    1837    8084    32800   3.64
1980-1989       88      0.23727  0.21211  0.50    7166    1520    6406    24715   3.45
1980-1989       89      0.25629  0.22718  0.50    5646    1283    5004    18310   3.24
1980-1989       90      0.27900  0.24484  0.50    4363    1068    3829    13305   3.05
1980-1989       91      0.27416  0.24111  0.50    3295     794    2898     9476   2.88
1980-1989       92      0.34096  0.29130  0.50    2500     728    2136     6579   2.63
1980-1989       93      0.35835  0.30390  0.50    1772     539    1503     4443   2.51
1980-1989       94      0.37682  0.31708  0.50    1234     391    1038     2940   2.38
1980-1989       95      0.40249  0.33506  0.50     842     282     701     1902   2.26
1980-1989       96      0.42814  0.35265  0.50     560     198     461     1201   2.14
1980-1989       97      0.45419  0.37014  0.50     363     134     296      739   2.04
1980-1989       98      0.48049  0.38742  0.50     228      88     184      444   1.94
1980-1989       99      0.50690  0.40441  0.50     140      57     112      260   1.85
1980-1989      100      0.53327  0.42102  0.50      83      35      66      148   1.77
1980-1989      101      0.55946  0.43717  0.50      48      21      38       82   1.70
1980-1989      102      0.58532  0.45280  0.50      27      12      21       44   1.64
1980-1989      103      0.61072  0.46785  0.50      15       7      11       23   1.58
1980-1989      104      0.63553  0.48228  0.50       8       4       6       12   1.52
1980-1989      105      0.65964  0.49604  0.50       4       2       3        6   1.47
1980-1989      106      0.68295  0.50910  0.50       2       1       2        3   1.43
1980-1989      107      0.70538  0.52146  0.50       1       1       1        1   1.39
1980-1989      108      0.72686  0.53311  0.50       0       0       0        1   1.35
1980-1989      109      0.74733  0.54404  0.50       0       0       0        0   1.32
1980-1989      110+     0.76676  1.00000  1.30       0       0       0        0   1.30
1990-1999        0      0.00716  0.00712  0.14  100000     712   99384  7287154  72.87
1990-1999        1      0.00049  0.00049  0.50   99288      48   99264  7187770  72.39
1990-1999        2      0.00039  0.00039  0.50   99240      39   99221  7088506  71.43
1990-1999        3      0.00033  0.00033  0.50   99201      33   99185  6989285  70.46
1990-1999        4      0.00021  0.00021  0.50   99168      21   99158  6890100  69.48
1990-1999        5      0.00021  0.00021  0.50   99147      20   99137  6790942  68.49
1990-1999        6      0.00021  0.00021  0.50   99127      21   99116  6691805  67.51
1990-1999        7      0.00021  0.00021  0.50   99106      21   99096  6592689  66.52
1990-1999        8      0.00019  0.00019  0.50   99085      18   99076  6493593  65.54
1990-1999        9      0.00015  0.00015  0.50   99067      15   99059  6394518  64.55
1990-1999       10      0.00016  0.00016  0.50   99051      16   99043  6295459  63.56
1990-1999       11      0.00022  0.00022  0.50   99035      21   99025  6196415  62.57
1990-1999       12      0.00022  0.00022  0.50   99014      22   99003  6097391  61.58
1990-1999       13      0.00025  0.00025  0.50   98992      25   98980  5998388  60.59
1990-1999       14      0.00031  0.00031  0.50   98967      31   98952  5899408  59.61
1990-1999       15      0.00036  0.00036  0.50   98937      35   98919  5800456  58.63
1990-1999       16      0.00054  0.00054  0.50   98901      53   98875  5701537  57.65
1990-1999       17      0.00066  0.00066  0.50   98848      65   98816  5602663  56.68
1990-1999       18      0.00098  0.00098  0.50   98783      97   98735  5503847  55.72
1990-1999       19      0.00116  0.00116  0.50   98686     114   98629  5405112  54.77
1990-1999       20      0.00116  0.00116  0.50   98572     114   98515  5306483  53.83
1990-1999       21      0.00117  0.00117  0.50   98458     115   98400  5207968  52.90
1990-1999       22      0.00126  0.00125  0.50   98343     123   98281  5109567  51.96
1990-1999       23      0.00127  0.00127  0.50   98220     124   98157  5011286  51.02
1990-1999       24      0.00134  0.00134  0.50   98095     132   98029  4913129  50.09
1990-1999       25      0.00125  0.00125  0.50   97964     122   97902  4815099  49.15
1990-1999       26      0.00111  0.00111  0.50   97841     109   97787  4717197  48.21
1990-1999       27      0.00123  0.00123  0.50   97732     120   97672  4619410  47.27
1990-1999       28      0.00121  0.00121  0.50   97612     118   97553  4521738  46.32
1990-1999       29      0.00122  0.00121  0.50   97494     118   97435  4424184  45.38
1990-1999       30      0.00119  0.00119  0.50   97376     116   97318  4326749  44.43
1990-1999       31      0.00110  0.00109  0.50   97260     106   97207  4229431  43.49
1990-1999       32      0.00114  0.00114  0.50   97154     111   97099  4132224  42.53
1990-1999       33      0.00124  0.00124  0.50   97043     120   96983  4035125  41.58
1990-1999       34      0.00121  0.00121  0.50   96923     118   96865  3938142  40.63
1990-1999       35      0.00141  0.00141  0.50   96806     137   96738  3841277  39.68
1990-1999       36      0.00128  0.00128  0.50   96669     123   96608  3744540  38.74
1990-1999       37      0.00116  0.00116  0.50   96546     112   96490  3647932  37.78
1990-1999       38      0.00148  0.00148  0.50   96434     143   96362  3551442  36.83
1990-1999       39      0.00150  0.00150  0.50   96291     145   96218  3455080  35.88
1990-1999       40      0.00164  0.00163  0.50   96146     157   96067  3358862  34.94
1990-1999       41      0.00185  0.00185  0.50   95989     177   95900  3262795  33.99
1990-1999       42      0.00201  0.00201  0.50   95811     193   95715  3166894  33.05
1990-1999       43      0.00219  0.00218  0.50   95619     209   95514  3071179  32.12
1990-1999       44      0.00235  0.00235  0.50   95410     224   95298  2975665  31.19
1990-1999       45      0.00271  0.00270  0.50   95186     257   95057  2880367  30.26
1990-1999       46      0.00311  0.00311  0.50   94929     295   94781  2785309  29.34
1990-1999       47      0.00321  0.00320  0.50   94634     303   94482  2690528  28.43
1990-1999       48      0.00374  0.00373  0.50   94331     352   94155  2596046  27.52
1990-1999       49      0.00390  0.00390  0.50   93979     366   93796  2501891  26.62
1990-1999       50      0.00455  0.00454  0.50   93613     425   93400  2408095  25.72
1990-1999       51      0.00454  0.00453  0.50   93188     422   92977  2314695  24.84
1990-1999       52      0.00578  0.00576  0.50   92766     535   92499  2221718  23.95
1990-1999       53      0.00601  0.00599  0.50   92231     553   91955  2129219  23.09
1990-1999       54      0.00703  0.00700  0.50   91678     642   91357  2037264  22.22
1990-1999       55      0.00805  0.00802  0.50   91036     730   90671  1945907  21.38
1990-1999       56      0.00906  0.00902  0.50   90306     815   89899  1855235  20.54
1990-1999       57      0.01032  0.01027  0.50   89492     919   89032  1765337  19.73
1990-1999       58      0.01148  0.01142  0.50   88573    1011   88067  1676304  18.93
1990-1999       59      0.01247  0.01239  0.50   87561    1085   87019  1588237  18.14
1990-1999       60      0.01415  0.01405  0.50   86476    1215   85869  1501218  17.36
1990-1999       61      0.01516  0.01505  0.50   85262    1283   84620  1415349  16.60
1990-1999       62      0.01817  0.01801  0.50   83979    1512   83223  1330729  15.85
1990-1999       63      0.02001  0.01981  0.50   82467    1634   81650  1247506  15.13
1990-1999       64      0.02231  0.02207  0.50   80833    1784   79941  1165857  14.42
1990-1999       65      0.02457  0.02427  0.50   79049    1919   78090  1085915  13.74
1990-1999       66      0.02716  0.02680  0.50   77131    2067   76097  1007825  13.07
1990-1999       67      0.03096  0.03048  0.50   75064    2288   73920   931728  12.41
1990-1999       68      0.03372  0.03316  0.50   72776    2414   71569   857808  11.79
1990-1999       69      0.03836  0.03764  0.50   70362    2648   69038   786239  11.17
1990-1999       70      0.04319  0.04228  0.50   67714    2863   66283   717200  10.59
1990-1999       71      0.04513  0.04413  0.50   64851    2862   63420   650918  10.04
1990-1999       72      0.05426  0.05283  0.50   61989    3275   60352   587498   9.48
1990-1999       73      0.05574  0.05423  0.50   58715    3184   57122   527146   8.98
1990-1999       74      0.06380  0.06183  0.50   55530    3433   53813   470023   8.46
1990-1999       75      0.06968  0.06734  0.50   52097    3508   50343   416210   7.99
1990-1999       76      0.07744  0.07455  0.50   48589    3622   46777   365867   7.53
1990-1999       77      0.08451  0.08108  0.50   44966    3646   43143   319090   7.10
1990-1999       78      0.09118  0.08720  0.50   41320    3603   39519   275946   6.68
1990-1999       79      0.10350  0.09841  0.50   37717    3712   35861   236428   6.27
1990-1999       80      0.11206  0.10612  0.50   34005    3609   32201   200566   5.90
1990-1999       81      0.12070  0.11383  0.50   30397    3460   28667   168365   5.54
1990-1999       82      0.13494  0.12641  0.50   26937    3405   25234   139698   5.19
1990-1999       83      0.15230  0.14153  0.50   23532    3330   21867   114464   4.86
1990-1999       84      0.16251  0.15030  0.50   20201    3036   18683    92597   4.58
1990-1999       85      0.17819  0.16361  0.50   17165    2808   15761    73914   4.31
1990-1999       86      0.20152  0.18307  0.50   14357    2628   13043    58153   4.05
1990-1999       87      0.20627  0.18698  0.50   11728    2193   10632    45111   3.85
1990-1999       88      0.21885  0.19726  0.50    9535    1881    8595    34479   3.62
1990-1999       89      0.24184  0.21575  0.50    7654    1651    6829    25884   3.38
1990-1999       90      0.26273  0.23222  0.50    6003    1394    5306    19055   3.17
1990-1999       91      0.28300  0.24792  0.50    4609    1143    4038    13749   2.98
1990-1999       92      0.31954  0.27552  0.50    3466     955    2989     9712   2.80
1990-1999       93      0.32075  0.27642  0.50    2511     694    2164     6723   2.68
1990-1999       94      0.35004  0.29790  0.50    1817     541    1546     4559   2.51
1990-1999       95      0.38144  0.32034  0.50    1276     409    1071     3012   2.36
1990-1999       96      0.40663  0.33792  0.50     867     293     721     1941   2.24
1990-1999       97      0.43232  0.35548  0.50     574     204     472     1220   2.13
1990-1999       98      0.45838  0.37291  0.50     370     138     301      748   2.02
1990-1999       99      0.48467  0.39013  0.50     232      91     187      447   1.93
1990-1999      100      0.51105  0.40704  0.50     142      58     113      261   1.84
1990-1999      101      0.53736  0.42356  0.50      84      36      66      148   1.76
1990-1999      102      0.56347  0.43961  0.50      48      21      38       82   1.69
1990-1999      103      0.58923  0.45514  0.50      27      12      21       44   1.63
1990-1999      104      0.61451  0.47008  0.50      15       7      11       23   1.57
1990-1999      105      0.63919  0.48438  0.50       8       4       6       12   1.51
1990-1999      106      0.66315  0.49802  0.50       4       2       3        6   1.46
1990-1999      107      0.68630  0.51096  0.50       2       1       2        3   1.42
1990-1999      108      0.70856  0.52320  0.50       1       1       1        1   1.38
1990-1999      109      0.72987  0.53473  0.50       0       0       0        1   1.35
1990-1999      110+     0.75016  1.00000  1.33       0       0       0        0   1.33
2000-2009        0      0.00497  0.00495  0.14  100000     495   99574  7610692  76.11
2000-2009        1      0.00040  0.00040  0.50   99505      40   99485  7511118  75.48
2000-2009        2      0.00027  0.00027  0.50   99465      27   99451  7411633  74.52
2000-2009        3      0.00018  0.00018  0.50   99437      18   99429  7312182  73.54
2000-2009        4      0.00012  0.00012  0.50   99420      12   99413  7212754  72.55
2000-2009        5      0.00013  0.00013  0.50   99407      13   99401  7113340  71.56
2000-2009        6      0.00012  0.00012  0.50   99395      12   99389  7013939  70.57
2000-2009        7      0.00012  0.00012  0.50   99383      12   99377  6914551  69.57
2000-2009        8      0.00007  0.00007  0.50   99371       7   99367  6815174  68.58
2000-2009        9      0.00017  0.00017  0.50   99364      17   99355  6715807  67.59
2000-2009       10      0.00012  0.00012  0.50   99347      12   99341  6616451  66.60
2000-2009       11      0.00014  0.00014  0.50   99335      14   99328  6517110  65.61
2000-2009       12      0.00015  0.00015  0.50   99321      15   99314  6417782  64.62
2000-2009       13      0.00015  0.00015  0.50   99306      15   99299  6318469  63.63
2000-2009       14      0.00023  0.00023  0.50   99291      23   99280  6219170  62.64
2000-2009       15      0.00035  0.00035  0.50   99268      35   99251  6119890  61.65
2000-2009       16      0.00046  0.00046  0.50   99233      45   99211  6020639  60.67
2000-2009       17      0.00066  0.00066  0.50   99188      65   99155  5921429  59.70
2000-2009       18      0.00096  0.00096  0.50   99123      96   99075  5822274  58.74
2000-2009       19      0.00106  0.00106  0.50   99027     105   98975  5723199  57.79
2000-2009       20      0.00109  0.00109  0.50   98922     107   98868  5624224  56.86
2000-2009       21      0.00110  0.00110  0.50   98815     108   98761  5525355  55.92
2000-2009       22      0.00101  0.00101  0.50   98706     100   98657  5426595  54.98
2000-2009       23      0.00100  0.00100  0.50   98607      99   98557  5327938  54.03
2000-2009       24      0.00097  0.00097  0.50   98508      96   98460  5229381  53.09
2000-2009       25      0.00090  0.00090  0.50   98412      89   98368  5130921  52.14
2000-2009       26      0.00101  0.00101  0.50   98323      99   98274  5032553  51.18
2000-2009       27      0.00105  0.00105  0.50   98224     103   98173  4934279  50.23
2000-2009       28      0.00099  0.00099  0.50   98121      97   98073  4836106  49.29
2000-2009       29      0.00105  0.00105  0.50   98024     103   97973  4738033  48.34
2000-2009       30      0.00108  0.00108  0.50   97921     106   97868  4640061  47.39
2000-2009       31      0.00096  0.00096  0.50   97815      94   97768  4542193  46.44
2000-2009       32      0.00104  0.00104  0.50   97721     102   97670  4444425  45.48
2000-2009       33      0.00113  0.00113  0.50   97619     110   97565  4346755  44.53
2000-2009       34      0.00109  0.00109  0.50   97510     107   97456  4249190  43.58
2000-2009       35      0.00111  0.00111  0.50   97403     108   97349  4151734  42.62
2000-2009       36      0.00119  0.00119  0.50   97295     116   97237  4054385  41.67
2000-2009       37      0.00122  0.00122  0.50   97179     118   97120  3957148  40.72
2000-2009       38      0.00131  0.00131  0.50   97060     127   96997  3860029  39.77
2000-2009       39      0.00141  0.00141  0.50   96934     136   96865  3763032  38.82
2000-2009       40      0.00152  0.00152  0.50   96797     147   96724  3666166  37.87
2000-2009       41      0.00176  0.00176  0.50   96650     170   96565  3569443  36.93
2000-2009       42      0.00186  0.00186  0.50   96480     179   96390  3472878  36.00
2000-2009       43      0.00183  0.00183  0.50   96301     176   96213  3376487  35.06
2000-2009       44      0.00208  0.00208  0.50   96125     200   96025  3280274  34.13
2000-2009       45      0.00223  0.00223  0.50   95925     214   95818  3184249  33.20
2000-2009       46      0.00248  0.00248  0.50   95711     237   95593  3088431  32.27
2000-2009       47      0.00266  0.00266  0.50   95474     254   95347  2992838  31.35
2000-2009       48      0.00300  0.00299  0.50   95220     285   95078  2897491  30.43
2000-2009       49      0.00321  0.00320  0.50   94935     304   94783  2802413  29.52
2000-2009       50      0.00361  0.00360  0.50   94631     341   94461  2707630  28.61
2000-2009       51      0.00410  0.00409  0.50   94291     385   94098  2613169  27.71
2000-2009       52      0.00447  0.00446  0.50   93905     419   93696  2519071  26.83
2000-2009       53      0.00500  0.00499  0.50   93486     466   93253  2425375  25.94
2000-2009       54      0.00537  0.00536  0.50   93020     498   92771  2332122  25.07
2000-2009       55      0.00585  0.00583  0.50   92522     540   92252  2239351  24.20
2000-2009       56      0.00673  0.00671  0.50   91982     617   91673  2147099  23.34
2000-2009       57      0.00694  0.00692  0.50   91365     632   91049  2055426  22.50
2000-2009       58      0.00780  0.00777  0.50   90733     705   90380  1964377  21.65
2000-2009       59      0.00888  0.00884  0.50   90028     796   89630  1873997  20.82
2000-2009       60      0.01004  0.00999  0.50   89232     892   88786  1784367  20.00
2000-2009       61      0.01044  0.01038  0.50   88340     917   87882  1695581  19.19
2000-2009       62      0.01162  0.01155  0.50   87423    1010   86918  1607700  18.39
2000-2009       63      0.01293  0.01285  0.50   86413    1110   85858  1520782  17.60
2000-2009       64      0.01507  0.01495  0.50   85303    1276   84665  1434924  16.82
2000-2009       65      0.01682  0.01668  0.50   84027    1402   83326  1350258  16.07
2000-2009       66      0.01846  0.01829  0.50   82625    1512   81870  1266932  15.33
2000-2009       67      0.01978  0.01958  0.50   81114    1588   80320  1185062  14.61
2000-2009       68      0.02207  0.02183  0.50   79526    1736   78657  1104743  13.89
2000-2009       69      0.02482  0.02452  0.50   77789    1907   76836  1026085  13.19
2000-2009       70      0.02710  0.02674  0.50   75882    2029   74868   949249  12.51
2000-2009       71      0.03100  0.03053  0.50   73853    2255   72726   874382  11.84
2000-2009       72      0.03487  0.03427  0.50   71598    2454   70371   801656  11.20
2000-2009       73      0.03940  0.03864  0.50   69144    2671   67809   731284  10.58
2000-2009       74      0.04301  0.04210  0.50   66473    2799   65074   663476   9.98
2000-2009       75      0.04875  0.04759  0.50   63674    3030   62159   598402   9.40
2000-2009       76      0.05460  0.05315  0.50   60644    3223   59033   536243   8.84
2000-2009       77      0.05963  0.05790  0.50   57421    3325   55759   477210   8.31
2000-2009       78      0.06728  0.06509  0.50   54097    3521   52336   421451   7.79
2000-2009       79      0.07687  0.07402  0.50   50576    3744   48704   369115   7.30
2000-2009       80      0.08431  0.08090  0.50   46832    3789   44938   320411   6.84
2000-2009       81      0.09368  0.08949  0.50   43043    3852   41117   275473   6.40
2000-2009       82      0.10552  0.10023  0.50   39191    3928   37227   234356   5.98
2000-2009       83      0.11249  0.10650  0.50   35263    3755   33385   197128   5.59
2000-2009       84      0.12891  0.12110  0.50   31508    3816   29600   163743   5.20
2000-2009       85      0.13882  0.12981  0.50   27692    3595   25895   134143   4.84
2000-2009       86      0.15743  0.14594  0.50   24097    3517   22339   108249   4.49
2000-2009       87      0.17879  0.16412  0.50   20581    3378   18892    85910   4.17
2000-2009       88      0.19420  0.17701  0.50   17203    3045   15680    67018   3.90
2000-2009       89      0.22133  0.19928  0.50   14158    2821   12747    51338   3.63
2000-2009       90      0.22737  0.20416  0.50   11336    2314   10179    38590   3.40
2000-2009       91      0.26253  0.23207  0.50    9022    2094    7975    28411   3.15
2000-2009       92      0.27556  0.24219  0.50    6928    1678    6089    20436   2.95
2000-2009       93      0.32845  0.28212  0.50    5250    1481    4510    14347   2.73
2000-2009       94      0.32819  0.28193  0.50    3769    1063    3238     9837   2.61
2000-2009       95      0.36108  0.30586  0.50    2706     828    2293     6600   2.44
2000-2009       96      0.38963  0.32610  0.50    1879     613    1572     4307   2.29
2000-2009       97      0.41896  0.34640  0.50    1266     439    1047     2735   2.16
2000-2009       98      0.44888  0.36660  0.50     827     303     676     1688   2.04
2000-2009       99      0.47917  0.38656  0.50     524     203     423     1012   1.93
2000-2009      100      0.50961  0.40613  0.50     322     131     256      589   1.83
2000-2009      101      0.53998  0.42519  0.50     191      81     150      333   1.74
2000-2009      102      0.57006  0.44362  0.50     110      49      85      183   1.66
2000-2009      103      0.59963  0.46132  0.50      61      28      47       97   1.59
2000-2009      104      0.62850  0.47822  0.50      33      16      25       50   1.53
2000-2009      105      0.65647  0.49424  0.50      17       8      13       25   1.47
2000-2009      106      0.68340  0.50935  0.50       9       4       6       12   1.42
2000-2009      107      0.70915  0.52352  0.50       4       2       3        6   1.37
2000-2009      108      0.73362  0.53674  0.50       2       1       1        3   1.34
2000-2009      109      0.75675  0.54901  0.50       1       1       1        1   1.30
2000-2009      110+     0.77847  1.00000  1.28       0       0       1        1   1.28
2010-2017        0      0.00365  0.00364  0.14  100000     364   99688  7910996  79.11
2010-2017        1      0.00028  0.00028  0.50   99636      27   99623  7811308  78.40
2010-2017        2      0.00015  0.00015  0.50   99609      15   99601  7711686  77.42
2010-2017        3      0.00010  0.00010  0.50   99594      10   99589  7612085  76.43
2010-2017        4      0.00010  0.00010  0.50   99583      10   99579  7512496  75.44
2010-2017        5      0.00009  0.00009  0.50   99574       9   99569  7412917  74.45
2010-2017        6      0.00009  0.00009  0.50   99564       8   99560  7313348  73.45
2010-2017        7      0.00007  0.00007  0.50   99556       7   99553  7213788  72.46
2010-2017        8      0.00008  0.00008  0.50   99549       8   99545  7114235  71.46
2010-2017        9      0.00006  0.00006  0.50   99541       6   99538  7014690  70.47
2010-2017       10      0.00008  0.00008  0.50   99535       8   99531  6915152  69.47
2010-2017       11      0.00010  0.00010  0.50   99527      10   99522  6815622  68.48
2010-2017       12      0.00007  0.00007  0.50   99517       7   99513  6716100  67.49
2010-2017       13      0.00011  0.00011  0.50   99510      11   99505  6616586  66.49
2010-2017       14      0.00015  0.00015  0.50   99499      14   99492  6517082  65.50
2010-2017       15      0.00024  0.00024  0.50   99485      24   99473  6417590  64.51
2010-2017       16      0.00029  0.00029  0.50   99461      29   99446  6318117  63.52
2010-2017       17      0.00032  0.00032  0.50   99432      32   99416  6218670  62.54
2010-2017       18      0.00040  0.00040  0.50   99400      40   99380  6119255  61.56
2010-2017       19      0.00057  0.00057  0.50   99360      57   99331  6019875  60.59
2010-2017       20      0.00070  0.00070  0.50   99303      69   99268  5920544  59.62
2010-2017       21      0.00086  0.00086  0.50   99233      85   99191  5821276  58.66
2010-2017       22      0.00073  0.00073  0.50   99148      72   99112  5722085  57.71
2010-2017       23      0.00062  0.00062  0.50   99075      61   99045  5622974  56.75
2010-2017       24      0.00085  0.00085  0.50   99014      84   98972  5523929  55.79
2010-2017       25      0.00079  0.00079  0.50   98930      78   98891  5424957  54.84
2010-2017       26      0.00079  0.00079  0.50   98851      78   98812  5326066  53.88
2010-2017       27      0.00077  0.00077  0.50   98773      76   98735  5227254  52.92
2010-2017       28      0.00078  0.00078  0.50   98697      77   98659  5128519  51.96
2010-2017       29      0.00075  0.00075  0.50   98620      74   98583  5029860  51.00
2010-2017       30      0.00079  0.00079  0.50   98546      78   98507  4931277  50.04
2010-2017       31      0.00069  0.00069  0.50   98469      68   98434  4832770  49.08
2010-2017       32      0.00088  0.00087  0.50   98400      86   98357  4734335  48.11
2010-2017       33      0.00091  0.00091  0.50   98314      89   98270  4635978  47.15
2010-2017       34      0.00089  0.00089  0.50   98225      88   98181  4537708  46.20
2010-2017       35      0.00092  0.00092  0.50   98137      90   98092  4439527  45.24
2010-2017       36      0.00103  0.00103  0.50   98047     101   97996  4341435  44.28
2010-2017       37      0.00094  0.00094  0.50   97946      92   97899  4243439  43.32
2010-2017       38      0.00110  0.00110  0.50   97853     107   97800  4145539  42.36
2010-2017       39      0.00112  0.00112  0.50   97746     109   97691  4047740  41.41
2010-2017       40      0.00137  0.00137  0.50   97637     134   97570  3950049  40.46
2010-2017       41      0.00140  0.00140  0.50   97503     136   97435  3852479  39.51
2010-2017       42      0.00140  0.00140  0.50   97366     136   97298  3755044  38.57
2010-2017       43      0.00161  0.00161  0.50   97230     157   97152  3657746  37.62
2010-2017       44      0.00160  0.00160  0.50   97073     155   96996  3560594  36.68
2010-2017       45      0.00179  0.00178  0.50   96918     173   96832  3463599  35.74
2010-2017       46      0.00213  0.00213  0.50   96745     206   96642  3366767  34.80
2010-2017       47      0.00214  0.00213  0.50   96539     206   96436  3270125  33.87
2010-2017       48      0.00251  0.00250  0.50   96333     241   96213  3173689  32.94
2010-2017       49      0.00256  0.00255  0.50   96092     245   95969  3077476  32.03
2010-2017       50      0.00286  0.00285  0.50   95847     273   95710  2981506  31.11
2010-2017       51      0.00325  0.00325  0.50   95573     310   95418  2885796  30.19
2010-2017       52      0.00353  0.00353  0.50   95263     336   95095  2790378  29.29
2010-2017       53      0.00384  0.00383  0.50   94927     364   94745  2695283  28.39
2010-2017       54      0.00425  0.00425  0.50   94563     401   94363  2600538  27.50
2010-2017       55      0.00445  0.00444  0.50   94162     418   93953  2506175  26.62
2010-2017       56      0.00512  0.00511  0.50   93744     479   93504  2412222  25.73
2010-2017       57      0.00505  0.00504  0.50   93264     470   93029  2318718  24.86
2010-2017       58      0.00625  0.00623  0.50   92794     578   92505  2225689  23.99
2010-2017       59      0.00671  0.00669  0.50   92216     616   91908  2133184  23.13
2010-2017       60      0.00696  0.00694  0.50   91599     636   91282  2041276  22.28
2010-2017       61      0.00816  0.00813  0.50   90964     739   90594  1949995  21.44
2010-2017       62      0.00907  0.00903  0.50   90225     815   89817  1859400  20.61
2010-2017       63      0.00977  0.00973  0.50   89410     870   88975  1769583  19.79
2010-2017       64      0.01115  0.01109  0.50   88541     982   88050  1680607  18.98
2010-2017       65      0.01197  0.01190  0.50   87558    1042   87037  1592558  18.19
2010-2017       66      0.01312  0.01304  0.50   86516    1128   85952  1505520  17.40
2010-2017       67      0.01423  0.01413  0.50   85389    1206   84785  1419568  16.62
2010-2017       68      0.01615  0.01602  0.50   84182    1348   83508  1334783  15.86
2010-2017       69      0.01713  0.01699  0.50   82834    1407   82130  1251275  15.11
2010-2017       70      0.01987  0.01968  0.50   81427    1602   80626  1169144  14.36
2010-2017       71      0.02206  0.02181  0.50   79824    1741   78954  1088519  13.64
2010-2017       72      0.02421  0.02392  0.50   78083    1868   77149  1009565  12.93
2010-2017       73      0.02712  0.02675  0.50   76216    2039   75196   932415  12.23
2010-2017       74      0.03006  0.02962  0.50   74177    2197   73078   857219  11.56
2010-2017       75      0.03397  0.03340  0.50   71980    2404   70778   784141  10.89
2010-2017       76      0.03812  0.03741  0.50   69576    2603   68274   713364  10.25
2010-2017       77      0.04363  0.04270  0.50   66973    2859   65543   645090   9.63
2010-2017       78      0.04987  0.04865  0.50   64113    3119   62554   579547   9.04
2010-2017       79      0.05348  0.05208  0.50   60994    3177   59405   516993   8.48
2010-2017       80      0.06090  0.05910  0.50   57817    3417   56109   457588   7.91
2010-2017       81      0.07075  0.06834  0.50   54400    3717   52541   401479   7.38
2010-2017       82      0.08019  0.07710  0.50   50682    3907   48729   348938   6.88
2010-2017       83      0.08839  0.08465  0.50   46775    3960   44795   300209   6.42
2010-2017       84      0.09645  0.09201  0.50   42815    3939   40846   255414   5.97
2010-2017       85      0.11059  0.10479  0.50   38876    4074   36839   214568   5.52
2010-2017       86      0.12863  0.12086  0.50   34802    4206   32699   177729   5.11
2010-2017       87      0.14739  0.13727  0.50   30596    4200   28496   145030   4.74
2010-2017       88      0.16107  0.14907  0.50   26396    3935   24429   116534   4.41
2010-2017       89      0.17263  0.15891  0.50   22461    3569   20677    92105   4.10
2010-2017       90      0.20225  0.18367  0.50   18892    3470   17157    71429   3.78
2010-2017       91      0.21866  0.19711  0.50   15422    3040   13902    54272   3.52
2010-2017       92      0.24220  0.21604  0.50   12382    2675   11045    40370   3.26
2010-2017       93      0.27395  0.24095  0.50    9707    2339    8538    29325   3.02
2010-2017       94      0.29163  0.25451  0.50    7368    1875    6431    20788   2.82
2010-2017       95      0.32670  0.28083  0.50    5493    1543    4722    14357   2.61
2010-2017       96      0.35678  0.30277  0.50    3950    1196    3352     9635   2.44
2010-2017       97      0.38804  0.32498  0.50    2754     895    2307     6283   2.28
2010-2017       98      0.42024  0.34727  0.50    1859     646    1536     3976   2.14
2010-2017       99      0.45313  0.36943  0.50    1214     448     989     2440   2.01
2010-2017      100      0.48644  0.39128  0.50     765     299     616     1451   1.90
2010-2017      101      0.51987  0.41262  0.50     466     192     370      835   1.79
2010-2017      102      0.55313  0.43329  0.50     274     119     214      465   1.70
2010-2017      103      0.58591  0.45316  0.50     155      70     120      251   1.62
2010-2017      104      0.61795  0.47209  0.50      85      40      65      131   1.55
2010-2017      105      0.64900  0.49000  0.50      45      22      34       66   1.48
2010-2017      106      0.67884  0.50681  0.50      23      12      17       33   1.42
2010-2017      107      0.70728  0.52250  0.50      11       6       8       15   1.38
2010-2017      108      0.73419  0.53704  0.50       5       3       4        7   1.33
2010-2017      109      0.75947  0.55045  0.50       2       1       2        3   1.30
2010-2017      110+     0.78305  1.00000  1.28       1       1       1        1   1.28
