England and Wales, Civilian National Population, Life tables (cohort 1x10), Total	Last modified: 10 Jul 2020;  Methods Protocol: v6 (2017)

  Year          Age         mx       qx    ax      lx      dx      Lx       Tx     ex
1841-1849        0      0.17199  0.15364  0.31  100000   15364   89333  4139605  41.40
1841-1849        1      0.06637  0.06413  0.47   84636    5428   81782  4050272  47.86
1841-1849        2      0.03668  0.03601  0.50   79208    2853   77776  3968490  50.10
1841-1849        3      0.02474  0.02444  0.50   76355    1866   75416  3890715  50.96
1841-1849        4      0.01851  0.01834  0.50   74489    1366   73804  3815299  51.22
1841-1849        5      0.01431  0.01421  0.50   73123    1039   72604  3741494  51.17
1841-1849        6      0.01099  0.01093  0.50   72084     788   71688  3668890  50.90
1841-1849        7      0.00825  0.00821  0.50   71296     585   71002  3597202  50.45
1841-1849        8      0.00639  0.00637  0.50   70711     451   70485  3526199  49.87
1841-1849        9      0.00536  0.00535  0.50   70260     376   70072  3455715  49.18
1841-1849       10      0.00494  0.00493  0.50   69884     344   69713  3385642  48.45
1841-1849       11      0.00471  0.00470  0.50   69540     327   69377  3315929  47.68
1841-1849       12      0.00469  0.00468  0.50   69213     324   69052  3246552  46.91
1841-1849       13      0.00486  0.00485  0.50   68890     334   68724  3177499  46.12
1841-1849       14      0.00520  0.00519  0.50   68556     356   68379  3108775  45.35
1841-1849       15      0.00570  0.00568  0.51   68200     388   68008  3040396  44.58
1841-1849       16      0.00621  0.00619  0.51   67812     420   67605  2972388  43.83
1841-1849       17      0.00668  0.00665  0.51   67392     448   67170  2904783  43.10
1841-1849       18      0.00709  0.00707  0.51   66944     473   66710  2837612  42.39
1841-1849       19      0.00748  0.00745  0.51   66471     495   66226  2770902  41.69
1841-1849       20      0.00783  0.00780  0.50   65975     515   65718  2704676  41.00
1841-1849       21      0.00820  0.00817  0.50   65461     535   65194  2638958  40.31
1841-1849       22      0.00854  0.00851  0.50   64926     552   64650  2573764  39.64
1841-1849       23      0.00871  0.00867  0.50   64373     558   64094  2509113  38.98
1841-1849       24      0.00874  0.00870  0.50   63815     555   63538  2445019  38.31
1841-1849       25      0.00875  0.00872  0.50   63260     551   62984  2381481  37.65
1841-1849       26      0.00880  0.00876  0.50   62709     549   62434  2318497  36.97
1841-1849       27      0.00889  0.00885  0.50   62159     550   61884  2256063  36.29
1841-1849       28      0.00900  0.00896  0.50   61609     552   61333  2194179  35.61
1841-1849       29      0.00910  0.00905  0.50   61057     553   60780  2132846  34.93
1841-1849       30      0.00913  0.00909  0.50   60504     550   60228  2072066  34.25
1841-1849       31      0.00922  0.00918  0.50   59954     550   59679  2011838  33.56
1841-1849       32      0.00945  0.00941  0.50   59404     559   59125  1952159  32.86
1841-1849       33      0.00975  0.00970  0.50   58845     571   58560  1893035  32.17
1841-1849       34      0.01004  0.00999  0.50   58274     582   57983  1834475  31.48
1841-1849       35      0.01035  0.01030  0.50   57692     594   57397  1776492  30.79
1841-1849       36      0.01066  0.01060  0.50   57098     605   56797  1719096  30.11
1841-1849       37      0.01094  0.01088  0.50   56492     615   56186  1662299  29.43
1841-1849       38      0.01121  0.01115  0.50   55878     623   55567  1606113  28.74
1841-1849       39      0.01148  0.01142  0.50   55254     631   54940  1550546  28.06
1841-1849       40      0.01185  0.01178  0.50   54624     643   54305  1495605  27.38
1841-1849       41      0.01234  0.01226  0.50   53980     662   53652  1441301  26.70
1841-1849       42      0.01284  0.01276  0.50   53318     680   52981  1387648  26.03
1841-1849       43      0.01333  0.01324  0.50   52638     697   52293  1334667  25.36
1841-1849       44      0.01378  0.01368  0.50   51941     711   51588  1282375  24.69
1841-1849       45      0.01420  0.01410  0.50   51230     722   50872  1230787  24.02
1841-1849       46      0.01468  0.01457  0.50   50508     736   50143  1179914  23.36
1841-1849       47      0.01522  0.01511  0.50   49772     752   49399  1129771  22.70
1841-1849       48      0.01587  0.01575  0.50   49020     772   48638  1080372  22.04
1841-1849       49      0.01654  0.01640  0.50   48248     791   47856  1031734  21.38
1841-1849       50      0.01717  0.01703  0.50   47457     808   47056   983878  20.73
1841-1849       51      0.01790  0.01774  0.50   46649     828   46238   936822  20.08
1841-1849       52      0.01884  0.01866  0.50   45821     855   45397   890584  19.44
1841-1849       53      0.01995  0.01976  0.51   44966     888   44526   845186  18.80
1841-1849       54      0.02113  0.02091  0.50   44077     922   43620   800660  18.16
1841-1849       55      0.02232  0.02208  0.51   43156     953   42684   757040  17.54
1841-1849       56      0.02372  0.02345  0.50   42203     990   41713   714356  16.93
1841-1849       57      0.02524  0.02493  0.50   41213    1028   40704   672643  16.32
1841-1849       58      0.02679  0.02644  0.50   40186    1063   39658   631939  15.73
1841-1849       59      0.02819  0.02780  0.50   39123    1088   38583   592281  15.14
1841-1849       60      0.02979  0.02936  0.51   38035    1117   37483   553698  14.56
1841-1849       61      0.03108  0.03061  0.50   36919    1130   36358   516216  13.98
1841-1849       62      0.03344  0.03290  0.51   35789    1177   35206   479857  13.41
1841-1849       63      0.03561  0.03499  0.51   34611    1211   34012   444651  12.85
1841-1849       64      0.03824  0.03753  0.51   33400    1254   32780   410639  12.29
1841-1849       65      0.04187  0.04102  0.51   32146    1319   31497   377859  11.75
1841-1849       66      0.04173  0.04088  0.51   30828    1260   30204   346362  11.24
1841-1849       67      0.04459  0.04363  0.51   29567    1290   28929   316158  10.69
1841-1849       68      0.05035  0.04912  0.50   28277    1389   27589   287229  10.16
1841-1849       69      0.05521  0.05373  0.50   26888    1445   26170   259640   9.66
1841-1849       70      0.06084  0.05905  0.50   25443    1503   24697   233470   9.18
1841-1849       71      0.05969  0.05797  0.50   23941    1388   23251   208773   8.72
1841-1849       72      0.07354  0.07096  0.50   22553    1600   21760   185522   8.23
1841-1849       73      0.07813  0.07521  0.50   20953    1576   20170   163763   7.82
1841-1849       74      0.08506  0.08161  0.50   19377    1581   18590   143593   7.41
1841-1849       75      0.09151  0.08754  0.50   17796    1558   17024   125003   7.02
1841-1849       76      0.09905  0.09441  0.50   16238    1533   15477   107979   6.65
1841-1849       77      0.10422  0.09913  0.51   14705    1458   13986    92502   6.29
1841-1849       78      0.11467  0.10853  0.51   13247    1438   12538    78516   5.93
1841-1849       79      0.12383  0.11673  0.51   11809    1379   11133    65978   5.59
1841-1849       80      0.13475  0.12635  0.51   10431    1318    9780    54845   5.26
1841-1849       81      0.13841  0.12957  0.51    9113    1181    8531    45064   4.95
1841-1849       82      0.16140  0.14951  0.51    7932    1186    7348    36534   4.61
1841-1849       83      0.17616  0.16209  0.51    6746    1093    6207    29186   4.33
1841-1849       84      0.19881  0.18104  0.51    5653    1023    5147    22978   4.07
1841-1849       85      0.20947  0.18980  0.51    4629     879    4194    17831   3.85
1841-1849       86      0.22943  0.20601  0.50    3751     773    3368    13637   3.64
1841-1849       87      0.24514  0.21865  0.51    2978     651    2656    10269   3.45
1841-1849       88      0.25641  0.22745  0.50    2327     529    2064     7613   3.27
1841-1849       89      0.27707  0.24376  0.51    1798     438    1581     5549   3.09
1841-1849       90      0.29983  0.26101  0.50    1359     355    1183     3967   2.92
1841-1849       91      0.30674  0.26611  0.50    1005     267     872     2784   2.77
1841-1849       92      0.33712  0.28860  0.50     737     213     631     1912   2.59
1841-1849       93      0.36249  0.30720  0.50     524     161     444     1281   2.44
1841-1849       94      0.39785  0.33199  0.50     363     121     303      837   2.30
1841-1849       95      0.41311  0.34223  0.50     243      83     201      534   2.20
1841-1849       96      0.43495  0.35717  0.50     160      57     131      332   2.08
1841-1849       97      0.47618  0.38456  0.50     103      39      83      201   1.96
1841-1849       98      0.51829  0.41129  0.50      63      26      50      118   1.87
1841-1849       99      0.53710  0.42378  0.50      37      16      29       68   1.84
1841-1849      100      0.52736  0.41600  0.49      21       9      17       39   1.82
1841-1849      101      0.50431  0.40139  0.49      13       5      10       22   1.76
1841-1849      102      0.59495  0.45684  0.49       7       3       6       12   1.61
1841-1849      103      0.63299  0.47740  0.49       4       2       3        6   1.56
1841-1849      104      0.55094  0.43166  0.50       2       1       2        3   1.54
1841-1849      105      0.71249  0.52346  0.49       1       1       1        2   1.32
1841-1849      106      0.58085  0.44900  0.49       1       0       0        1   1.24
1841-1849      107      1.18721  0.73107  0.47       0       0       0        0   0.84
1841-1849      108      1.02273  0.67265  0.49       0       0       0        0   0.84
1841-1849      109      1.83264  1.00000  0.55       0       0       0        0   0.55
1841-1849      110+           .        .     .       0       0       0        0      .
1850-1859        0      0.17287  0.15434  0.31  100000   15434   89284  4305140  43.05
1850-1859        1      0.06599  0.06378  0.48   84566    5394   81735  4215856  49.85
1850-1859        2      0.03527  0.03465  0.50   79172    2744   77795  4134121  52.22
1850-1859        3      0.02406  0.02378  0.50   76429    1817   75521  4056326  53.07
1850-1859        4      0.01789  0.01773  0.50   74611    1323   73948  3980805  53.35
1850-1859        5      0.01344  0.01335  0.50   73288     978   72799  3906857  53.31
1850-1859        6      0.01026  0.01020  0.50   72310     738   71941  3834058  53.02
1850-1859        7      0.00774  0.00771  0.50   71572     551   71296  3762117  52.56
1850-1859        8      0.00584  0.00582  0.50   71020     413   70813  3690822  51.97
1850-1859        9      0.00473  0.00472  0.50   70607     333   70440  3620009  51.27
1850-1859       10      0.00440  0.00439  0.51   70274     308   70121  3549569  50.51
1850-1859       11      0.00432  0.00432  0.51   69965     302   69816  3479448  49.73
1850-1859       12      0.00433  0.00433  0.50   69663     301   69514  3409632  48.94
1850-1859       13      0.00442  0.00441  0.50   69362     306   69210  3340118  48.15
1850-1859       14      0.00466  0.00465  0.50   69056     321   68897  3270908  47.37
1850-1859       15      0.00506  0.00505  0.51   68735     347   68564  3202011  46.58
1850-1859       16      0.00547  0.00545  0.50   68388     373   68204  3133447  45.82
1850-1859       17      0.00582  0.00580  0.50   68015     395   67820  3065244  45.07
1850-1859       18      0.00614  0.00612  0.51   67621     414   67416  2997424  44.33
1850-1859       19      0.00643  0.00641  0.50   67207     431   66993  2930008  43.60
1850-1859       20      0.00666  0.00664  0.50   66776     444   66554  2863015  42.88
1850-1859       21      0.00679  0.00677  0.50   66332     449   66107  2796461  42.16
1850-1859       22      0.00685  0.00683  0.50   65883     450   65658  2730354  41.44
1850-1859       23      0.00695  0.00692  0.50   65433     453   65207  2664697  40.72
1850-1859       24      0.00704  0.00702  0.50   64980     456   64752  2599490  40.00
1850-1859       25      0.00707  0.00704  0.50   64524     455   64296  2534738  39.28
1850-1859       26      0.00712  0.00709  0.50   64069     454   63842  2470442  38.56
1850-1859       27      0.00721  0.00719  0.50   63615     457   63386  2406600  37.83
1850-1859       28      0.00735  0.00732  0.50   63158     462   62926  2343214  37.10
1850-1859       29      0.00749  0.00747  0.50   62696     468   62461  2280288  36.37
1850-1859       30      0.00770  0.00767  0.50   62227     477   61989  2217827  35.64
1850-1859       31      0.00800  0.00797  0.50   61750     492   61504  2155838  34.91
1850-1859       32      0.00828  0.00825  0.50   61258     505   61005  2094333  34.19
1850-1859       33      0.00859  0.00855  0.50   60753     520   60493  2033328  33.47
1850-1859       34      0.00889  0.00885  0.50   60233     533   59966  1972835  32.75
1850-1859       35      0.00916  0.00912  0.50   59700     545   59429  1912868  32.04
1850-1859       36      0.00944  0.00940  0.50   59156     556   58879  1853439  31.33
1850-1859       37      0.00975  0.00971  0.50   58600     569   58317  1794560  30.62
1850-1859       38      0.01012  0.01007  0.50   58031     585   57740  1736244  29.92
1850-1859       39      0.01057  0.01051  0.50   57446     604   57147  1678503  29.22
1850-1859       40      0.01098  0.01092  0.50   56842     621   56534  1621357  28.52
1850-1859       41      0.01127  0.01120  0.50   56222     630   55908  1564822  27.83
1850-1859       42      0.01158  0.01152  0.50   55592     640   55274  1508914  27.14
1850-1859       43      0.01188  0.01181  0.50   54951     649   54629  1453640  26.45
1850-1859       44      0.01223  0.01215  0.50   54303     660   53975  1399011  25.76
1850-1859       45      0.01263  0.01255  0.50   53643     673   53309  1345036  25.07
1850-1859       46      0.01304  0.01296  0.50   52970     686   52629  1291727  24.39
1850-1859       47      0.01354  0.01345  0.50   52283     703   51935  1239098  23.70
1850-1859       48      0.01415  0.01405  0.50   51580     725   51221  1187163  23.02
1850-1859       49      0.01474  0.01464  0.50   50855     744   50486  1135943  22.34
1850-1859       50      0.01527  0.01515  0.50   50111     759   49733  1085457  21.66
1850-1859       51      0.01554  0.01542  0.50   49352     761   48973  1035723  20.99
1850-1859       52      0.01657  0.01643  0.50   48591     799   48195   986750  20.31
1850-1859       53      0.01719  0.01705  0.50   47792     815   47388   938555  19.64
1850-1859       54      0.01848  0.01831  0.50   46978     860   46551   891167  18.97
1850-1859       55      0.01879  0.01861  0.50   46117     858   45692   844616  18.31
1850-1859       56      0.02077  0.02056  0.50   45259     930   44797   798924  17.65
1850-1859       57      0.02118  0.02096  0.50   44329     929   43867   754126  17.01
1850-1859       58      0.02344  0.02317  0.50   43399    1005   42900   710259  16.37
1850-1859       59      0.02500  0.02469  0.50   42394    1047   41872   667360  15.74
1850-1859       60      0.02706  0.02670  0.50   41347    1104   40797   625488  15.13
1850-1859       61      0.02567  0.02535  0.50   40243    1020   39735   584691  14.53
1850-1859       62      0.03091  0.03044  0.50   39223    1194   38629   544956  13.89
1850-1859       63      0.03232  0.03181  0.50   38029    1210   37427   506327  13.31
1850-1859       64      0.03505  0.03445  0.50   36819    1269   36188   468900  12.74
1850-1859       65      0.03821  0.03749  0.50   35551    1333   34888   432712  12.17
1850-1859       66      0.03669  0.03603  0.50   34218    1233   33605   397824  11.63
1850-1859       67      0.04046  0.03966  0.50   32985    1308   32335   364219  11.04
1850-1859       68      0.04684  0.04577  0.50   31677    1450   30958   331884  10.48
1850-1859       69      0.05035  0.04913  0.51   30227    1485   29494   300926   9.96
1850-1859       70      0.05441  0.05299  0.51   28742    1523   27990   271432   9.44
1850-1859       71      0.05580  0.05431  0.51   27219    1478   26490   243443   8.94
1850-1859       72      0.06762  0.06544  0.51   25741    1684   24909   216952   8.43
1850-1859       73      0.07376  0.07117  0.51   24056    1712   23212   192044   7.98
1850-1859       74      0.08136  0.07822  0.51   22344    1748   21481   168832   7.56
1850-1859       75      0.08803  0.08437  0.51   20596    1738   19740   147351   7.15
1850-1859       76      0.09696  0.09255  0.51   18859    1745   18000   127612   6.77
1850-1859       77      0.10353  0.09850  0.51   17113    1686   16283   109612   6.41
1850-1859       78      0.11563  0.10940  0.51   15428    1688   14596    93329   6.05
1850-1859       79      0.12321  0.11615  0.51   13740    1596   12952    78734   5.73
1850-1859       80      0.13209  0.12404  0.51   12144    1506   11404    65782   5.42
1850-1859       81      0.13803  0.12923  0.51   10638    1375    9959    54378   5.11
1850-1859       82      0.15755  0.14616  0.51    9263    1354    8594    44419   4.80
1850-1859       83      0.16852  0.15558  0.51    7909    1230    7302    35825   4.53
1850-1859       84      0.18795  0.17200  0.51    6679    1149    6112    28523   4.27
1850-1859       85      0.19772  0.18009  0.50    5530     996    5037    22411   4.05
1850-1859       86      0.21574  0.19492  0.51    4534     884    4097    17375   3.83
1850-1859       87      0.23131  0.20759  0.51    3650     758    3276    13278   3.64
1850-1859       88      0.23877  0.21353  0.50    2893     618    2587    10002   3.46
1850-1859       89      0.26282  0.23261  0.51    2275     529    2013     7415   3.26
1850-1859       90      0.27730  0.24370  0.50    1746     425    1534     5402   3.09
1850-1859       91      0.28856  0.25247  0.50    1320     333    1155     3868   2.93
1850-1859       92      0.31372  0.27145  0.50     987     268     854     2713   2.75
1850-1859       93      0.33768  0.28911  0.50     719     208     616     1859   2.58
1850-1859       94      0.36344  0.30782  0.50     511     157     433     1243   2.43
1850-1859       95      0.39061  0.32679  0.50     354     116     296      810   2.29
1850-1859       96      0.42512  0.35055  0.50     238      84     196      514   2.16
1850-1859       97      0.44172  0.36161  0.50     155      56     127      317   2.05
1850-1859       98      0.47961  0.38684  0.50      99      38      80      191   1.93
1850-1859       99      0.51702  0.41039  0.50      61      25      48      111   1.84
1850-1859      100      0.52184  0.41238  0.49      36      15      28       63   1.77
1850-1859      101      0.54168  0.42500  0.49      21       9      16       35   1.66
1850-1859      102      0.60905  0.46486  0.49      12       6       9       18   1.53
1850-1859      103      0.69899  0.51599  0.49       6       3       5        9   1.43
1850-1859      104      0.65741  0.49198  0.49       3       2       2        4   1.43
1850-1859      105      0.70986  0.52224  0.49       2       1       1        2   1.35
1850-1859      106      0.85139  0.59562  0.50       1       0       1        1   1.28
1850-1859      107      0.67628  0.50201  0.49       0       0       0        0   1.44
1850-1859      108      0.65040  0.49598  0.52       0       0       0        0   1.41
1850-1859      109      0.86622  0.60000  0.49       0       0       0        0   1.29
1850-1859      110+     0.67416  1.00000  1.48       0       0       0        0   1.48
1860-1869        0      0.17213  0.15376  0.31  100000   15376   89325  4538311  45.38
1860-1869        1      0.06700  0.06471  0.47   84624    5476   81741  4448985  52.57
1860-1869        2      0.03395  0.03338  0.50   79148    2642   77816  4367244  55.18
1860-1869        3      0.02195  0.02171  0.49   76506    1661   75664  4289429  56.07
1860-1869        4      0.01541  0.01529  0.50   74845    1144   74268  4213765  56.30
1860-1869        5      0.01137  0.01131  0.50   73701     833   73284  4139497  56.17
1860-1869        6      0.00870  0.00867  0.50   72867     631   72551  4066213  55.80
1860-1869        7      0.00660  0.00658  0.50   72236     475   71998  3993662  55.29
1860-1869        8      0.00508  0.00507  0.50   71761     364   71579  3921663  54.65
1860-1869        9      0.00414  0.00413  0.50   71397     295   71249  3850085  53.93
1860-1869       10      0.00371  0.00370  0.50   71102     263   70971  3778836  53.15
1860-1869       11      0.00349  0.00348  0.50   70839     247   70716  3707865  52.34
1860-1869       12      0.00343  0.00342  0.50   70592     242   70472  3637148  51.52
1860-1869       13      0.00353  0.00353  0.50   70351     248   70228  3566676  50.70
1860-1869       14      0.00377  0.00376  0.50   70103     264   69972  3496448  49.88
1860-1869       15      0.00409  0.00408  0.50   69839     285   69698  3426476  49.06
1860-1869       16      0.00441  0.00440  0.51   69554     306   69402  3356779  48.26
1860-1869       17      0.00470  0.00469  0.51   69248     325   69087  3287376  47.47
1860-1869       18      0.00495  0.00494  0.50   68923     340   68755  3218289  46.69
1860-1869       19      0.00514  0.00512  0.50   68583     351   68409  3149534  45.92
1860-1869       20      0.00529  0.00528  0.50   68231     360   68052  3081126  45.16
1860-1869       21      0.00545  0.00543  0.50   67871     369   67687  3013074  44.39
1860-1869       22      0.00558  0.00556  0.50   67503     375   67315  2945387  43.63
1860-1869       23      0.00568  0.00567  0.50   67127     380   66937  2878071  42.87
1860-1869       24      0.00578  0.00576  0.50   66747     384   66555  2811134  42.12
1860-1869       25      0.00586  0.00584  0.50   66363     388   66168  2744579  41.36
1860-1869       26      0.00594  0.00593  0.50   65975     391   65779  2678411  40.60
1860-1869       27      0.00606  0.00604  0.50   65584     396   65386  2612632  39.84
1860-1869       28      0.00621  0.00619  0.50   65188     403   64986  2547246  39.08
1860-1869       29      0.00640  0.00638  0.50   64785     413   64578  2482260  38.32
1860-1869       30      0.00659  0.00657  0.50   64371     423   64160  2417682  37.56
1860-1869       31      0.00674  0.00671  0.50   63949     429   63734  2353521  36.80
1860-1869       32      0.00694  0.00692  0.50   63519     439   63300  2289787  36.05
1860-1869       33      0.00713  0.00710  0.50   63080     448   62856  2226487  35.30
1860-1869       34      0.00737  0.00735  0.50   62632     460   62402  2163631  34.55
1860-1869       35      0.00767  0.00764  0.50   62172     475   61936  2101229  33.80
1860-1869       36      0.00793  0.00790  0.50   61697     487   61455  2039294  33.05
1860-1869       37      0.00821  0.00818  0.50   61210     501   60961  1977839  32.31
1860-1869       38      0.00849  0.00845  0.50   60709     513   60453  1916878  31.57
1860-1869       39      0.00870  0.00866  0.50   60196     521   59936  1856425  30.84
1860-1869       40      0.00885  0.00881  0.50   59674     526   59412  1796490  30.10
1860-1869       41      0.00881  0.00877  0.50   59148     519   58890  1737077  29.37
1860-1869       42      0.00927  0.00922  0.50   58630     541   58361  1678187  28.62
1860-1869       43      0.00928  0.00924  0.50   58089     537   57822  1619827  27.89
1860-1869       44      0.00958  0.00953  0.50   57552     549   57279  1562005  27.14
1860-1869       45      0.01026  0.01021  0.50   57003     582   56715  1504726  26.40
1860-1869       46      0.01036  0.01031  0.50   56422     581   56133  1448010  25.66
1860-1869       47      0.01086  0.01080  0.50   55840     603   55540  1391878  24.93
1860-1869       48      0.01179  0.01172  0.50   55237     647   54916  1336337  24.19
1860-1869       49      0.01279  0.01270  0.50   54590     694   54243  1281422  23.47
1860-1869       50      0.01361  0.01351  0.50   53896     728   53532  1227178  22.77
1860-1869       51      0.01237  0.01229  0.50   53168     654   52841  1173646  22.07
1860-1869       52      0.01505  0.01493  0.50   52514     784   52123  1120804  21.34
1860-1869       53      0.01506  0.01494  0.50   51730     773   51344  1068682  20.66
1860-1869       54      0.01601  0.01588  0.50   50957     809   50552  1017338  19.96
1860-1869       55      0.01526  0.01514  0.50   50148     759   49768   966786  19.28
1860-1869       56      0.01738  0.01723  0.50   49389     851   48963   917018  18.57
1860-1869       57      0.01757  0.01742  0.50   48538     845   48116   868055  17.88
1860-1869       58      0.01974  0.01955  0.50   47692     932   47228   819939  17.19
1860-1869       59      0.02035  0.02015  0.50   46760     942   46293   772711  16.52
1860-1869       60      0.02201  0.02177  0.50   45818     998   45323   726418  15.85
1860-1869       61      0.02193  0.02169  0.50   44820     972   44339   681095  15.20
1860-1869       62      0.02628  0.02594  0.50   43848    1138   43283   636756  14.52
1860-1869       63      0.02865  0.02825  0.50   42711    1207   42112   593472  13.90
1860-1869       64      0.03120  0.03073  0.50   41504    1275   40871   551360  13.28
1860-1869       65      0.03504  0.03444  0.50   40229    1386   39542   510489  12.69
1860-1869       66      0.03476  0.03417  0.51   38843    1327   38186   470946  12.12
1860-1869       67      0.03915  0.03840  0.51   37516    1441   36803   432760  11.54
1860-1869       68      0.04332  0.04241  0.50   36075    1530   35317   395957  10.98
1860-1869       69      0.04731  0.04622  0.50   34545    1597   33753   360640  10.44
1860-1869       70      0.05165  0.05037  0.51   32949    1660   32130   326886   9.92
1860-1869       71      0.05395  0.05255  0.50   31289    1644   30475   294756   9.42
1860-1869       72      0.06350  0.06157  0.50   29645    1825   28740   264281   8.91
1860-1869       73      0.06856  0.06631  0.50   27820    1845   26906   235541   8.47
1860-1869       74      0.07477  0.07209  0.50   25975    1873   25047   208635   8.03
1860-1869       75      0.08049  0.07740  0.51   24103    1866   23180   183587   7.62
1860-1869       76      0.08847  0.08476  0.51   22237    1885   21305   160407   7.21
1860-1869       77      0.09233  0.08830  0.51   20352    1797   19464   139103   6.83
1860-1869       78      0.10269  0.09772  0.51   18555    1813   17658   119639   6.45
1860-1869       79      0.11200  0.10613  0.51   16742    1777   15864   101981   6.09
1860-1869       80      0.11655  0.11020  0.51   14965    1649   14149    86117   5.75
1860-1869       81      0.12239  0.11542  0.51   13316    1537   12558    71968   5.40
1860-1869       82      0.14083  0.13167  0.51   11779    1551   11013    59410   5.04
1860-1869       83      0.15588  0.14472  0.51   10228    1480    9496    48397   4.73
1860-1869       84      0.17273  0.15915  0.51    8748    1392    8060    38901   4.45
1860-1869       85      0.18522  0.16965  0.50    7356    1248    6737    30841   4.19
1860-1869       86      0.20645  0.18727  0.50    6108    1144    5540    24104   3.95
1860-1869       87      0.21924  0.19768  0.50    4964     981    4476    18563   3.74
1860-1869       88      0.23350  0.20927  0.50    3983     833    3569    14088   3.54
1860-1869       89      0.25601  0.22711  0.50    3149     715    2794    10518   3.34
1860-1869       90      0.26984  0.23779  0.50    2434     579    2145     7724   3.17
1860-1869       91      0.28098  0.24640  0.50    1855     457    1627     5580   3.01
1860-1869       92      0.30858  0.26743  0.50    1398     374    1212     3953   2.83
1860-1869       93      0.33234  0.28510  0.50    1024     292     879     2741   2.68
1860-1869       94      0.35432  0.30103  0.50     732     220     622     1862   2.54
1860-1869       95      0.36987  0.31187  0.50     512     160     432     1240   2.42
1860-1869       96      0.40578  0.33708  0.50     352     119     293      809   2.30
1860-1869       97      0.41328  0.34229  0.50     233      80     193      516   2.21
1860-1869       98      0.44741  0.36538  0.50     154      56     125      323   2.10
1860-1869       99      0.43950  0.36011  0.50      97      35      80      198   2.03
1860-1869      100      0.49627  0.39635  0.49      62      25      50      118   1.89
1860-1869      101      0.53158  0.41893  0.49      38      16      30       68   1.80
1860-1869      102      0.50606  0.40281  0.49      22       9      17       38   1.75
1860-1869      103      0.58583  0.45174  0.49      13       6      10       21   1.59
1860-1869      104      0.60110  0.46221  0.50       7       3       6       11   1.50
1860-1869      105      0.76235  0.54888  0.49       4       2       3        5   1.35
1860-1869      106      0.63974  0.48250  0.49       2       1       1        2   1.40
1860-1869      107      0.74541  0.54309  0.50       1       0       1        1   1.24
1860-1869      108      0.83635  0.58336  0.48       0       0       0        0   1.13
1860-1869      109      1.05955  0.68156  0.48       0       0       0        0   1.04
1860-1869      110+     0.80699  1.00000  1.24       0       0       0        0   1.24
1870-1879        0      0.16693  0.14959  0.31  100000   14959   89615  4848630  48.49
1870-1879        1      0.05999  0.05815  0.47   85041    4945   82433  4759016  55.96
1870-1879        2      0.02703  0.02667  0.50   80096    2136   79022  4676583  58.39
1870-1879        3      0.01780  0.01764  0.50   77960    1375   77269  4597560  58.97
1870-1879        4      0.01304  0.01296  0.50   76585     992   76084  4520291  59.02
1870-1879        5      0.00942  0.00938  0.50   75592     709   75237  4444208  58.79
1870-1879        6      0.00706  0.00704  0.50   74884     527   74619  4368971  58.34
1870-1879        7      0.00530  0.00529  0.50   74357     393   74160  4294352  57.75
1870-1879        8      0.00404  0.00404  0.50   73964     299   73814  4220192  57.06
1870-1879        9      0.00329  0.00328  0.50   73665     242   73544  4146378  56.29
1870-1879       10      0.00297  0.00297  0.50   73423     218   73315  4072834  55.47
1870-1879       11      0.00283  0.00283  0.50   73206     207   73103  3999518  54.63
1870-1879       12      0.00281  0.00281  0.50   72998     205   72897  3926416  53.79
1870-1879       13      0.00292  0.00291  0.50   72793     212   72688  3853519  52.94
1870-1879       14      0.00314  0.00313  0.50   72581     227   72468  3780831  52.09
1870-1879       15      0.00344  0.00343  0.51   72354     248   72231  3708362  51.25
1870-1879       16      0.00371  0.00370  0.50   72106     267   71974  3636131  50.43
1870-1879       17      0.00394  0.00393  0.51   71839     282   71699  3564157  49.61
1870-1879       18      0.00414  0.00413  0.51   71556     295   71410  3492458  48.81
1870-1879       19      0.00429  0.00428  0.51   71261     305   71110  3421048  48.01
1870-1879       20      0.00440  0.00439  0.50   70956     312   70800  3349938  47.21
1870-1879       21      0.00449  0.00448  0.50   70644     316   70486  3279138  46.42
1870-1879       22      0.00459  0.00458  0.50   70327     322   70167  3208652  45.62
1870-1879       23      0.00465  0.00464  0.50   70006     325   69843  3138485  44.83
1870-1879       24      0.00471  0.00470  0.50   69681     327   69517  3068642  44.04
1870-1879       25      0.00476  0.00475  0.50   69353     329   69188  2999125  43.24
1870-1879       26      0.00483  0.00482  0.50   69024     332   68858  2929937  42.45
1870-1879       27      0.00493  0.00491  0.50   68692     337   68523  2861079  41.65
1870-1879       28      0.00505  0.00504  0.50   68354     344   68182  2792557  40.85
1870-1879       29      0.00516  0.00515  0.50   68010     350   67834  2724375  40.06
1870-1879       30      0.00525  0.00523  0.50   67659     354   67482  2656541  39.26
1870-1879       31      0.00528  0.00526  0.50   67305     354   67128  2589059  38.47
1870-1879       32      0.00547  0.00546  0.50   66951     365   66768  2521931  37.67
1870-1879       33      0.00552  0.00551  0.50   66586     367   66402  2455163  36.87
1870-1879       34      0.00575  0.00574  0.50   66219     380   66029  2388761  36.07
1870-1879       35      0.00601  0.00600  0.50   65839     395   65643  2322732  35.28
1870-1879       36      0.00625  0.00623  0.50   65444     408   65241  2257090  34.49
1870-1879       37      0.00646  0.00644  0.50   65036     419   64827  2191849  33.70
1870-1879       38      0.00723  0.00721  0.50   64617     466   64386  2127022  32.92
1870-1879       39      0.00770  0.00767  0.50   64151     492   63904  2062636  32.15
1870-1879       40      0.00790  0.00787  0.50   63659     501   63408  1998731  31.40
1870-1879       41      0.00741  0.00738  0.50   63158     466   62924  1935324  30.64
1870-1879       42      0.00857  0.00853  0.50   62692     535   62423  1872399  29.87
1870-1879       43      0.00809  0.00806  0.50   62157     501   61905  1809976  29.12
1870-1879       44      0.00820  0.00817  0.50   61656     504   61403  1748070  28.35
1870-1879       45      0.00870  0.00867  0.50   61152     530   60886  1686668  27.58
1870-1879       46      0.00862  0.00858  0.50   60622     520   60361  1625782  26.82
1870-1879       47      0.00904  0.00900  0.50   60102     541   59831  1565421  26.05
1870-1879       48      0.00958  0.00953  0.50   59561     568   59276  1505590  25.28
1870-1879       49      0.00989  0.00984  0.50   58993     581   58704  1446314  24.52
1870-1879       50      0.01042  0.01037  0.50   58412     606   58111  1387609  23.76
1870-1879       51      0.01016  0.01010  0.50   57807     584   57517  1329498  23.00
1870-1879       52      0.01198  0.01191  0.50   57223     682   56883  1271982  22.23
1870-1879       53      0.01248  0.01241  0.50   56541     701   56192  1215099  21.49
1870-1879       54      0.01362  0.01352  0.50   55840     755   55463  1158906  20.75
1870-1879       55      0.01329  0.01320  0.50   55084     727   54722  1103443  20.03
1870-1879       56      0.01543  0.01531  0.50   54357     832   53943  1048721  19.29
1870-1879       57      0.01614  0.01601  0.50   53525     857   53099   994778  18.59
1870-1879       58      0.01826  0.01810  0.50   52668     953   52193   941679  17.88
1870-1879       59      0.01936  0.01917  0.50   51715     991   51221   889486  17.20
1870-1879       60      0.02059  0.02038  0.50   50724    1034   50212   838265  16.53
1870-1879       61      0.02128  0.02105  0.50   49690    1046   49170   788053  15.86
1870-1879       62      0.02510  0.02479  0.50   48644    1206   48043   738884  15.19
1870-1879       63      0.02728  0.02691  0.50   47438    1277   46802   690840  14.56
1870-1879       64      0.02962  0.02919  0.50   46161    1348   45490   644038  13.95
1870-1879       65      0.03157  0.03108  0.50   44813    1393   44121   598548  13.36
1870-1879       66      0.03181  0.03132  0.50   43421    1360   42745   554426  12.77
1870-1879       67      0.03588  0.03525  0.50   42061    1482   41324   511682  12.17
1870-1879       68      0.03881  0.03808  0.50   40578    1545   39810   470358  11.59
1870-1879       69      0.04254  0.04166  0.50   39033    1626   38225   430548  11.03
1870-1879       70      0.04519  0.04419  0.50   37407    1653   36585   392323  10.49
1870-1879       71      0.04631  0.04527  0.50   35754    1619   34952   355739   9.95
1870-1879       72      0.05527  0.05379  0.50   34135    1836   33224   320787   9.40
1870-1879       73      0.06064  0.05887  0.50   32299    1901   31355   287563   8.90
1870-1879       74      0.06686  0.06471  0.50   30398    1967   29421   256208   8.43
1870-1879       75      0.07239  0.06989  0.50   28431    1987   27446   226787   7.98
1870-1879       76      0.08067  0.07757  0.50   26444    2051   25426   199341   7.54
1870-1879       77      0.08575  0.08225  0.50   24392    2006   23396   173915   7.13
1870-1879       78      0.09664  0.09223  0.50   22386    2065   21362   150519   6.72
1870-1879       79      0.10707  0.10166  0.50   20322    2066   19296   129157   6.36
1870-1879       80      0.11246  0.10651  0.50   18256    1944   17290   109861   6.02
1870-1879       81      0.11874  0.11213  0.50   16311    1829   15402    92572   5.68
1870-1879       82      0.13388  0.12554  0.50   14482    1818   13580    77169   5.33
1870-1879       83      0.14661  0.13667  0.50   12664    1731   11806    63589   5.02
1870-1879       84      0.16267  0.15050  0.50   10933    1645   10116    51783   4.74
1870-1879       85      0.17292  0.15919  0.50    9288    1479    8550    41668   4.49
1870-1879       86      0.18851  0.17232  0.50    7809    1346    7139    33117   4.24
1870-1879       87      0.20190  0.18345  0.50    6464    1186    5873    25979   4.02
1870-1879       88      0.21344  0.19296  0.50    5278    1018    4771    20106   3.81
1870-1879       89      0.23115  0.20729  0.50    4259     883    3820    15334   3.60
1870-1879       90      0.24479  0.21810  0.50    3377     736    3008    11515   3.41
1870-1879       91      0.25731  0.22798  0.50    2640     602    2339     8506   3.22
1870-1879       92      0.28347  0.24832  0.50    2038     506    1785     6167   3.03
1870-1879       93      0.30148  0.26204  0.50    1532     401    1332     4382   2.86
1870-1879       94      0.32281  0.27810  0.50    1131     314     974     3050   2.70
1870-1879       95      0.34865  0.29673  0.50     816     242     695     2076   2.54
1870-1879       96      0.37572  0.31611  0.50     574     181     483     1381   2.41
1870-1879       97      0.39522  0.32973  0.50     393     129     328      898   2.29
1870-1879       98      0.42290  0.34873  0.50     263      92     217      571   2.17
1870-1879       99      0.43744  0.35868  0.50     171      61     141      354   2.07
1870-1879      100      0.47133  0.38023  0.49     110      42      89      213   1.94
1870-1879      101      0.52354  0.41317  0.49      68      28      54      125   1.83
1870-1879      102      0.52054  0.41147  0.49      40      16      32       71   1.78
1870-1879      103      0.54622  0.42747  0.49      24      10      18       39   1.68
1870-1879      104      0.57968  0.44672  0.49      13       6      10       21   1.56
1870-1879      105      0.67176  0.50113  0.49       7       4       6       11   1.43
1870-1879      106      0.63635  0.48047  0.49       4       2       3        5   1.37
1870-1879      107      0.72901  0.53219  0.49       2       1       1        2   1.19
1870-1879      108      1.01418  0.67276  0.50       1       1       1        1   0.98
1870-1879      109      0.97385  0.65283  0.50       0       0       0        0   0.97
1870-1879      110+     1.17633  1.00000  0.85       0       0       0        0   0.85
1880-1889        0      0.15738  0.14188  0.31  100000   14188   90150  5115342  51.15
1880-1889        1      0.05548  0.05391  0.48   85812    4626   83388  5025193  58.56
1880-1889        2      0.02298  0.02272  0.50   81185    1844   80256  4941805  60.87
1880-1889        3      0.01455  0.01444  0.50   79341    1146   78764  4861549  61.27
1880-1889        4      0.01037  0.01032  0.50   78195     807   77788  4782785  61.16
1880-1889        5      0.00739  0.00736  0.50   77389     570   77103  4704996  60.80
1880-1889        6      0.00567  0.00565  0.50   76819     434   76602  4627893  60.24
1880-1889        7      0.00428  0.00428  0.50   76385     327   76221  4551291  59.58
1880-1889        8      0.00328  0.00327  0.50   76058     249   75934  4475070  58.84
1880-1889        9      0.00269  0.00268  0.50   75810     203   75708  4399136  58.03
1880-1889       10      0.00244  0.00244  0.50   75606     184   75515  4323429  57.18
1880-1889       11      0.00234  0.00233  0.50   75422     176   75335  4247914  56.32
1880-1889       12      0.00234  0.00234  0.50   75246     176   75159  4172579  55.45
1880-1889       13      0.00241  0.00241  0.50   75070     181   74980  4097420  54.58
1880-1889       14      0.00257  0.00256  0.50   74889     192   74794  4022440  53.71
1880-1889       15      0.00280  0.00280  0.50   74697     209   74594  3947646  52.85
1880-1889       16      0.00302  0.00302  0.51   74488     225   74377  3873052  52.00
1880-1889       17      0.00322  0.00322  0.51   74264     239   74145  3798675  51.15
1880-1889       18      0.00339  0.00339  0.50   74025     251   73900  3724530  50.31
1880-1889       19      0.00352  0.00351  0.50   73774     259   73645  3650630  49.48
1880-1889       20      0.00358  0.00358  0.50   73515     263   73383  3576984  48.66
1880-1889       21      0.00363  0.00362  0.50   73252     265   73119  3503601  47.83
1880-1889       22      0.00366  0.00366  0.50   72987     267   72853  3430483  47.00
1880-1889       23      0.00372  0.00372  0.50   72720     270   72584  3357630  46.17
1880-1889       24      0.00379  0.00378  0.50   72450     274   72312  3285045  45.34
1880-1889       25      0.00389  0.00389  0.50   72175     281   72035  3212733  44.51
1880-1889       26      0.00412  0.00411  0.50   71895     295   71747  3140698  43.68
1880-1889       27      0.00439  0.00439  0.50   71599     314   71442  3068951  42.86
1880-1889       28      0.00494  0.00493  0.51   71286     351   71113  2997509  42.05
1880-1889       29      0.00576  0.00575  0.50   70934     408   70729  2926396  41.25
1880-1889       30      0.00608  0.00606  0.49   70527     427   70311  2855667  40.49
1880-1889       31      0.00559  0.00558  0.49   70100     391   69902  2785356  39.73
1880-1889       32      0.00620  0.00618  0.49   69708     431   69491  2715455  38.95
1880-1889       33      0.00594  0.00593  0.49   69278     410   69070  2645964  38.19
1880-1889       34      0.00603  0.00601  0.49   68867     414   68658  2576894  37.42
1880-1889       35      0.00600  0.00598  0.49   68453     410   68246  2508237  36.64
1880-1889       36      0.00585  0.00583  0.50   68044     397   67843  2439991  35.86
1880-1889       37      0.00575  0.00574  0.50   67647     388   67451  2372147  35.07
1880-1889       38      0.00595  0.00593  0.49   67259     399   67056  2304696  34.27
1880-1889       39      0.00564  0.00562  0.50   66860     376   66672  2237640  33.47
1880-1889       40      0.00571  0.00570  0.50   66484     379   66295  2170968  32.65
1880-1889       41      0.00558  0.00556  0.50   66105     368   65921  2104674  31.84
1880-1889       42      0.00649  0.00647  0.50   65737     425   65525  2038752  31.01
1880-1889       43      0.00631  0.00629  0.50   65312     411   65107  1973228  30.21
1880-1889       44      0.00651  0.00649  0.50   64901     421   64691  1908120  29.40
1880-1889       45      0.00703  0.00700  0.50   64480     452   64255  1843429  28.59
1880-1889       46      0.00728  0.00726  0.50   64029     465   63797  1779174  27.79
1880-1889       47      0.00780  0.00777  0.50   63564     494   63318  1715377  26.99
1880-1889       48      0.00838  0.00835  0.50   63070     527   62807  1652060  26.19
1880-1889       49      0.00905  0.00900  0.50   62544     563   62262  1589252  25.41
1880-1889       50      0.00952  0.00947  0.50   61981     587   61689  1526990  24.64
1880-1889       51      0.00947  0.00942  0.50   61394     579   61105  1465301  23.87
1880-1889       52      0.01122  0.01116  0.50   60815     679   60476  1404196  23.09
1880-1889       53      0.01164  0.01157  0.50   60136     696   59789  1343720  22.34
1880-1889       54      0.01252  0.01244  0.50   59440     739   59071  1283931  21.60
1880-1889       55      0.01242  0.01234  0.50   58701     724   58340  1224859  20.87
1880-1889       56      0.01383  0.01374  0.50   57977     796   57579  1166520  20.12
1880-1889       57      0.01472  0.01461  0.50   57180     836   56763  1108941  19.39
1880-1889       58      0.01635  0.01622  0.50   56345     914   55888  1052178  18.67
1880-1889       59      0.01767  0.01751  0.50   55431     971   54946   996290  17.97
1880-1889       60      0.01828  0.01811  0.50   54460     986   53966   941344  17.29
1880-1889       61      0.01870  0.01853  0.50   53474     991   52980   887378  16.59
1880-1889       62      0.02176  0.02153  0.50   52483    1130   51919   834398  15.90
1880-1889       63      0.02390  0.02362  0.50   51353    1213   50748   782479  15.24
1880-1889       64      0.02596  0.02562  0.50   50140    1285   49499   731731  14.59
1880-1889       65      0.02775  0.02737  0.50   48855    1337   48189   682232  13.96
1880-1889       66      0.02886  0.02845  0.50   47518    1352   46845   634043  13.34
1880-1889       67      0.03293  0.03240  0.50   46166    1496   45421   587198  12.72
1880-1889       68      0.03606  0.03543  0.50   44671    1583   43882   541777  12.13
1880-1889       69      0.04000  0.03922  0.50   43088    1690   42245   497894  11.56
1880-1889       70      0.04275  0.04186  0.50   41398    1733   40535   455649  11.01
1880-1889       71      0.04494  0.04396  0.50   39665    1744   38796   415115  10.47
1880-1889       72      0.05179  0.05048  0.50   37921    1914   36968   376319   9.92
1880-1889       73      0.05729  0.05570  0.50   36007    2006   35008   339351   9.42
1880-1889       74      0.06295  0.06104  0.50   34001    2075   32967   304342   8.95
1880-1889       75      0.06745  0.06526  0.50   31926    2084   30889   271375   8.50
1880-1889       76      0.07410  0.07147  0.50   29843    2133   28781   240487   8.06
1880-1889       77      0.07860  0.07564  0.50   27710    2096   26666   211706   7.64
1880-1889       78      0.08688  0.08328  0.50   25614    2133   24553   185039   7.22
1880-1889       79      0.09426  0.09003  0.50   23481    2114   22428   160487   6.83
1880-1889       80      0.10185  0.09694  0.50   21367    2071   20336   138059   6.46
1880-1889       81      0.10840  0.10285  0.50   19296    1984   18307   117723   6.10
1880-1889       82      0.12085  0.11399  0.50   17311    1973   16328    99416   5.74
1880-1889       83      0.13056  0.12258  0.50   15338    1880   14401    83088   5.42
1880-1889       84      0.14309  0.13358  0.50   13458    1798   12563    68687   5.10
1880-1889       85      0.15360  0.14266  0.50   11660    1663   10830    56123   4.81
1880-1889       86      0.16939  0.15619  0.50    9997    1561    9218    45293   4.53
1880-1889       87      0.18180  0.16667  0.50    8435    1406    7733    36076   4.28
1880-1889       88      0.19573  0.17829  0.50    7029    1253    6403    28343   4.03
1880-1889       89      0.21139  0.19122  0.50    5776    1105    5225    21939   3.80
1880-1889       90      0.22993  0.20614  0.50    4672     963    4188    16714   3.58
1880-1889       91      0.24597  0.21895  0.50    3709     812    3301    12526   3.38
1880-1889       92      0.26825  0.23640  0.50    2897     685    2553     9225   3.18
1880-1889       93      0.28794  0.25157  0.50    2212     556    1933     6672   3.02
1880-1889       94      0.30656  0.26565  0.50    1655     440    1435     4740   2.86
1880-1889       95      0.32682  0.28052  0.49    1216     341    1043     3305   2.72
1880-1889       96      0.34996  0.29737  0.49     875     260     743     2262   2.59
1880-1889       97      0.36406  0.30752  0.50     615     189     519     1518   2.47
1880-1889       98      0.38317  0.32112  0.50     426     137     357      999   2.35
1880-1889       99      0.39679  0.33072  0.50     289      96     241      643   2.22
1880-1889      100      0.44770  0.36416  0.49     193      70     157      402   2.08
1880-1889      101      0.46803  0.37757  0.49     123      46      99      245   1.99
1880-1889      102      0.48801  0.39054  0.49      77      30      61      145   1.90
1880-1889      103      0.50445  0.40120  0.49      47      19      37       84   1.81
1880-1889      104      0.55872  0.43495  0.49      28      12      22       47   1.69
1880-1889      105      0.58955  0.45315  0.49      16       7      12       25   1.61
1880-1889      106      0.61211  0.46670  0.49       9       4       7       13   1.53
1880-1889      107      0.60743  0.46385  0.49       5       2       4        7   1.45
1880-1889      108      0.76920  0.55130  0.49       2       1       2        3   1.27
1880-1889      109      0.90497  0.61729  0.49       1       1       1        1   1.24
1880-1889      110+     0.68672  1.00000  1.46       0       0       1        1   1.46
1890-1899        0      0.17171  0.15342  0.31  100000   15342   89349  5231188  52.31
1890-1899        1      0.05133  0.04997  0.47   84658    4231   82425  5141839  60.74
1890-1899        2      0.01965  0.01946  0.50   80427    1565   79638  5059415  62.91
1890-1899        3      0.01246  0.01238  0.49   78862     976   78369  4979776  63.15
1890-1899        4      0.00883  0.00879  0.50   77886     685   77541  4901407  62.93
1890-1899        5      0.00625  0.00623  0.50   77202     481   76960  4823866  62.48
1890-1899        6      0.00471  0.00469  0.50   76720     360   76540  4746906  61.87
1890-1899        7      0.00357  0.00356  0.50   76360     272   76224  4670366  61.16
1890-1899        8      0.00278  0.00278  0.50   76089     212   75983  4594142  60.38
1890-1899        9      0.00231  0.00231  0.50   75877     175   75789  4518159  59.55
1890-1899       10      0.00211  0.00210  0.50   75702     159   75623  4442370  58.68
1890-1899       11      0.00200  0.00200  0.50   75543     151   75467  4366747  57.81
1890-1899       12      0.00197  0.00197  0.50   75391     148   75317  4291280  56.92
1890-1899       13      0.00206  0.00206  0.50   75243     155   75166  4215962  56.03
1890-1899       14      0.00224  0.00224  0.50   75088     168   75005  4140796  55.15
1890-1899       15      0.00245  0.00245  0.51   74920     183   74829  4065792  54.27
1890-1899       16      0.00272  0.00272  0.51   74737     203   74636  3990962  53.40
1890-1899       17      0.00300  0.00299  0.51   74534     223   74423  3916326  52.54
1890-1899       18      0.00361  0.00360  0.51   74310     268   74180  3841903  51.70
1890-1899       19      0.00431  0.00430  0.50   74043     318   73884  3767723  50.89
1890-1899       20      0.00440  0.00439  0.50   73724     323   73561  3693839  50.10
1890-1899       21      0.00482  0.00481  0.49   73401     353   73222  3620278  49.32
1890-1899       22      0.00486  0.00485  0.50   73048     354   72869  3547055  48.56
1890-1899       23      0.00511  0.00510  0.49   72693     371   72506  3474186  47.79
1890-1899       24      0.00523  0.00522  0.49   72322     377   72132  3401681  47.03
1890-1899       25      0.00519  0.00517  0.49   71945     372   71756  3329549  46.28
1890-1899       26      0.00506  0.00505  0.49   71573     361   71389  3257793  45.52
1890-1899       27      0.00495  0.00494  0.49   71212     352   71033  3186404  44.75
1890-1899       28      0.00454  0.00453  0.48   70860     321   70694  3115371  43.97
1890-1899       29      0.00382  0.00381  0.49   70539     269   70403  3044677  43.16
1890-1899       30      0.00370  0.00370  0.50   70270     260   70140  2974274  42.33
1890-1899       31      0.00356  0.00355  0.50   70011     249   69886  2904135  41.48
1890-1899       32      0.00382  0.00381  0.50   69762     266   69628  2834249  40.63
1890-1899       33      0.00372  0.00371  0.50   69496     258   69367  2764621  39.78
1890-1899       34      0.00390  0.00389  0.50   69238     269   69103  2695254  38.93
1890-1899       35      0.00400  0.00399  0.50   68969     275   68831  2626151  38.08
1890-1899       36      0.00413  0.00412  0.50   68694     283   68552  2557320  37.23
1890-1899       37      0.00415  0.00414  0.50   68410     283   68269  2488768  36.38
1890-1899       38      0.00448  0.00447  0.50   68127     305   67975  2420499  35.53
1890-1899       39      0.00450  0.00449  0.50   67823     305   67670  2352524  34.69
1890-1899       40      0.00468  0.00467  0.50   67518     315   67361  2284855  33.84
1890-1899       41      0.00467  0.00466  0.50   67203     313   67047  2217494  33.00
1890-1899       42      0.00538  0.00536  0.50   66890     359   66711  2150447  32.15
1890-1899       43      0.00523  0.00522  0.50   66531     347   66358  2083736  31.32
1890-1899       44      0.00543  0.00541  0.50   66184     358   66005  2017378  30.48
1890-1899       45      0.00586  0.00584  0.50   65826     384   65634  1951373  29.64
1890-1899       46      0.00614  0.00612  0.50   65441     401   65241  1885739  28.82
1890-1899       47      0.00656  0.00654  0.50   65041     425   64828  1820498  27.99
1890-1899       48      0.00693  0.00691  0.50   64616     446   64392  1755670  27.17
1890-1899       49      0.00756  0.00753  0.50   64169     483   63928  1691277  26.36
1890-1899       50      0.00780  0.00776  0.50   63686     495   63438  1627349  25.55
1890-1899       51      0.00781  0.00778  0.50   63191     491   62946  1563912  24.75
1890-1899       52      0.00889  0.00885  0.50   62700     555   62422  1500966  23.94
1890-1899       53      0.00946  0.00942  0.50   62145     585   61852  1438544  23.15
1890-1899       54      0.01016  0.01011  0.50   61560     622   61248  1376692  22.36
1890-1899       55      0.01036  0.01031  0.50   60937     628   60624  1315444  21.59
1890-1899       56      0.01186  0.01179  0.50   60309     711   59954  1254820  20.81
1890-1899       57      0.01288  0.01279  0.50   59598     762   59217  1194866  20.05
1890-1899       58      0.01435  0.01424  0.50   58835     838   58417  1135649  19.30
1890-1899       59      0.01560  0.01548  0.50   57997     898   57548  1077232  18.57
1890-1899       60      0.01661  0.01648  0.50   57099     941   56630  1019684  17.86
1890-1899       61      0.01764  0.01749  0.50   56159     982   55668   963054  17.15
1890-1899       62      0.02022  0.02001  0.50   55177    1104   54626   907386  16.45
1890-1899       63      0.02240  0.02215  0.50   54072    1198   53475   852760  15.77
1890-1899       64      0.02449  0.02419  0.50   52874    1279   52236   799286  15.12
1890-1899       65      0.02633  0.02599  0.50   51595    1341   50927   747050  14.48
1890-1899       66      0.02769  0.02731  0.50   50254    1373   49570   696123  13.85
1890-1899       67      0.03152  0.03103  0.50   48882    1517   48125   646553  13.23
1890-1899       68      0.03414  0.03356  0.50   47365    1590   46572   598428  12.63
1890-1899       69      0.03755  0.03686  0.50   45775    1687   44934   551856  12.06
1890-1899       70      0.04070  0.03990  0.50   44088    1759   43213   506922  11.50
1890-1899       71      0.04330  0.04239  0.50   42329    1794   41435   463709  10.95
1890-1899       72      0.04894  0.04778  0.50   40535    1937   39570   422274  10.42
1890-1899       73      0.05315  0.05178  0.50   38598    1999   37601   382704   9.92
1890-1899       74      0.05805  0.05641  0.50   36599    2065   35571   345103   9.43
1890-1899       75      0.06254  0.06065  0.50   34535    2095   33493   309532   8.96
1890-1899       76      0.06852  0.06626  0.50   32440    2150   31370   276040   8.51
1890-1899       77      0.07320  0.07063  0.50   30291    2139   29226   244669   8.08
1890-1899       78      0.07978  0.07673  0.50   28151    2160   27075   215443   7.65
1890-1899       79      0.08694  0.08333  0.50   25991    2166   24913   188368   7.25
1890-1899       80      0.09451  0.09026  0.50   23825    2151   22754   163455   6.86
1890-1899       81      0.10135  0.09648  0.50   21675    2091   20633   140702   6.49
1890-1899       82      0.11153  0.10565  0.50   19584    2069   18552   120069   6.13
1890-1899       83      0.12104  0.11414  0.50   17514    1999   16517   101517   5.80
1890-1899       84      0.13118  0.12312  0.50   15515    1910   14562    85000   5.48
1890-1899       85      0.14141  0.13207  0.50   13605    1797   12706    70438   5.18
1890-1899       86      0.15399  0.14296  0.50   11808    1688   10963    57732   4.89
1890-1899       87      0.16351  0.15114  0.50   10120    1530    9355    46769   4.62
1890-1899       88      0.17562  0.16143  0.50    8591    1387    7897    37414   4.36
1890-1899       89      0.19128  0.17458  0.50    7204    1258    6575    29518   4.10
1890-1899       90      0.20602  0.18668  0.50    5946    1110    5388    22943   3.86
1890-1899       91      0.22057  0.19856  0.50    4836     960    4354    17555   3.63
1890-1899       92      0.24034  0.21443  0.50    3876     831    3458    13201   3.41
1890-1899       93      0.26064  0.23051  0.50    3045     702    2693     9743   3.20
1890-1899       94      0.27946  0.24505  0.50    2343     574    2054     7051   3.01
1890-1899       95      0.30151  0.26164  0.49    1769     463    1535     4996   2.82
1890-1899       96      0.32995  0.28279  0.49    1306     369    1119     3461   2.65
1890-1899       97      0.35208  0.29893  0.49     937     280     795     2342   2.50
1890-1899       98      0.36770  0.31008  0.49     657     204     554     1547   2.36
1890-1899       99      0.40643  0.33712  0.49     453     153     376      993   2.19
1890-1899      100      0.43929  0.35852  0.49     300     108     245      617   2.05
1890-1899      101      0.47407  0.38136  0.49     193      73     155      372   1.93
1890-1899      102      0.50848  0.40350  0.49     119      48      95      217   1.82
1890-1899      103      0.53664  0.42084  0.49      71      30      56      123   1.72
1890-1899      104      0.58638  0.45044  0.49      41      19      32       67   1.62
1890-1899      105      0.60823  0.46368  0.49      23      10      17       35   1.55
1890-1899      106      0.65925  0.49228  0.49      12       6       9       18   1.47
1890-1899      107      0.63444  0.47706  0.48       6       3       5        9   1.43
1890-1899      108      0.64520  0.48345  0.48       3       2       2        4   1.30
1890-1899      109      0.94350  0.63662  0.49       2       1       1        2   1.06
1890-1899      110+     0.94075  1.00000  1.06       1       1       1        1   1.06
1900-1909        0      0.14328  0.13032  0.31  100000   13032   90952  5676104  56.76
1900-1909        1      0.03864  0.03787  0.47   86968    3294   85238  5585152  64.22
1900-1909        2      0.01490  0.01479  0.50   83674    1237   83050  5499914  65.73
1900-1909        3      0.00913  0.00909  0.50   82437     749   82059  5416864  65.71
1900-1909        4      0.00658  0.00656  0.50   81688     536   81417  5334806  65.31
1900-1909        5      0.00516  0.00515  0.50   81151     418   80943  5253388  64.74
1900-1909        6      0.00390  0.00389  0.50   80734     314   80576  5172445  64.07
1900-1909        7      0.00303  0.00302  0.50   80419     243   80298  5091869  63.32
1900-1909        8      0.00255  0.00254  0.50   80176     204   80075  5011571  62.51
1900-1909        9      0.00239  0.00239  0.50   79973     191   79876  4931496  61.66
1900-1909       10      0.00228  0.00228  0.50   79782     182   79691  4851620  60.81
1900-1909       11      0.00215  0.00215  0.50   79600     171   79515  4771929  59.95
1900-1909       12      0.00211  0.00211  0.50   79429     167   79346  4692414  59.08
1900-1909       13      0.00223  0.00222  0.50   79262     176   79174  4613069  58.20
1900-1909       14      0.00247  0.00246  0.50   79086     195   78988  4533895  57.33
1900-1909       15      0.00273  0.00273  0.50   78891     215   78783  4454907  56.47
1900-1909       16      0.00297  0.00297  0.50   78676     233   78559  4376124  55.62
1900-1909       17      0.00316  0.00315  0.50   78443     247   78318  4297565  54.79
1900-1909       18      0.00328  0.00327  0.49   78195     256   78065  4219247  53.96
1900-1909       19      0.00302  0.00302  0.50   77940     235   77823  4141182  53.13
1900-1909       20      0.00308  0.00307  0.50   77705     239   77585  4063359  52.29
1900-1909       21      0.00313  0.00312  0.50   77466     242   77345  3985774  51.45
1900-1909       22      0.00311  0.00311  0.50   77224     240   77104  3908430  50.61
1900-1909       23      0.00316  0.00315  0.50   76984     243   76863  3831326  49.77
1900-1909       24      0.00317  0.00317  0.50   76742     243   76620  3754463  48.92
1900-1909       25      0.00310  0.00309  0.50   76499     237   76380  3677843  48.08
1900-1909       26      0.00307  0.00307  0.50   76262     234   76144  3601464  47.22
1900-1909       27      0.00310  0.00310  0.50   76028     236   75910  3525320  46.37
1900-1909       28      0.00306  0.00306  0.50   75793     232   75676  3449410  45.51
1900-1909       29      0.00307  0.00307  0.50   75561     232   75444  3373734  44.65
1900-1909       30      0.00299  0.00299  0.50   75329     225   75216  3298290  43.78
1900-1909       31      0.00297  0.00296  0.50   75104     222   74992  3223074  42.91
1900-1909       32      0.00318  0.00318  0.50   74882     238   74762  3148081  42.04
1900-1909       33      0.00317  0.00316  0.50   74644     236   74524  3073320  41.17
1900-1909       34      0.00321  0.00320  0.50   74407     238   74287  2998795  40.30
1900-1909       35      0.00336  0.00335  0.50   74169     249   74044  2924508  39.43
1900-1909       36      0.00334  0.00333  0.50   73920     246   73797  2850464  38.56
1900-1909       37      0.00335  0.00335  0.50   73674     246   73550  2776667  37.69
1900-1909       38      0.00347  0.00346  0.50   73428     254   73300  2703117  36.81
1900-1909       39      0.00352  0.00352  0.50   73174     257   73044  2629817  35.94
1900-1909       40      0.00347  0.00347  0.49   72916     253   72788  2556773  35.06
1900-1909       41      0.00342  0.00342  0.50   72663     248   72538  2483984  34.18
1900-1909       42      0.00376  0.00376  0.50   72415     272   72278  2411446  33.30
1900-1909       43      0.00376  0.00375  0.50   72143     271   72007  2339168  32.42
1900-1909       44      0.00391  0.00391  0.50   71872     281   71731  2267161  31.54
1900-1909       45      0.00423  0.00423  0.50   71591     303   71440  2195430  30.67
1900-1909       46      0.00455  0.00454  0.50   71289     324   71126  2123991  29.79
1900-1909       47      0.00490  0.00489  0.50   70965     347   70791  2052864  28.93
1900-1909       48      0.00537  0.00536  0.50   70618     379   70428  1982073  28.07
1900-1909       49      0.00591  0.00589  0.50   70240     414   70032  1911645  27.22
1900-1909       50      0.00631  0.00629  0.50   69826     439   69606  1841613  26.37
1900-1909       51      0.00666  0.00663  0.50   69386     460   69155  1772007  25.54
1900-1909       52      0.00758  0.00755  0.50   68926     521   68665  1702852  24.71
1900-1909       53      0.00833  0.00829  0.50   68405     567   68121  1634187  23.89
1900-1909       54      0.00915  0.00911  0.50   67838     618   67529  1566066  23.09
1900-1909       55      0.00974  0.00969  0.50   67220     652   66894  1498537  22.29
1900-1909       56      0.01104  0.01098  0.50   66569     731   66203  1431644  21.51
1900-1909       57      0.01209  0.01202  0.50   65838     791   65441  1365441  20.74
1900-1909       58      0.01351  0.01342  0.50   65047     873   64609  1300000  19.99
1900-1909       59      0.01476  0.01465  0.50   64174     940   63703  1235391  19.25
1900-1909       60      0.01606  0.01593  0.50   63234    1007   62730  1171687  18.53
1900-1909       61      0.01729  0.01714  0.50   62227    1067   61692  1108957  17.82
1900-1909       62      0.01950  0.01931  0.50   61160    1181   60568  1047265  17.12
1900-1909       63      0.02113  0.02091  0.50   59979    1254   59350   986697  16.45
1900-1909       64      0.02330  0.02303  0.50   58725    1352   58047   927347  15.79
1900-1909       65      0.02524  0.02493  0.50   57372    1430   56657   869299  15.15
1900-1909       66      0.02709  0.02672  0.50   55942    1495   55195   812642  14.53
1900-1909       67      0.02997  0.02953  0.50   54447    1608   53643   757447  13.91
1900-1909       68      0.03239  0.03187  0.50   52839    1684   51997   703804  13.32
1900-1909       69      0.03537  0.03476  0.50   51155    1778   50265   651807  12.74
1900-1909       70      0.03801  0.03730  0.50   49377    1842   48456   601542  12.18
1900-1909       71      0.04087  0.04005  0.50   47535    1904   46584   553086  11.64
1900-1909       72      0.04490  0.04391  0.50   45632    2004   44629   506502  11.10
1900-1909       73      0.04868  0.04752  0.50   43628    2073   42591   461873  10.59
1900-1909       74      0.05280  0.05144  0.50   41554    2138   40484   419282  10.09
1900-1909       75      0.05673  0.05517  0.50   39417    2174   38331   378797   9.61
1900-1909       76      0.06149  0.05965  0.50   37242    2222   36132   340466   9.14
1900-1909       77      0.06584  0.06375  0.50   35021    2232   33905   304334   8.69
1900-1909       78      0.07093  0.06850  0.50   32788    2246   31666   270429   8.25
1900-1909       79      0.07683  0.07398  0.50   30542    2260   29413   238764   7.82
1900-1909       80      0.08377  0.08040  0.50   28283    2274   27146   209351   7.40
1900-1909       81      0.08999  0.08612  0.50   26009    2240   24889   182205   7.01
1900-1909       82      0.09747  0.09294  0.50   23769    2209   22664   157317   6.62
1900-1909       83      0.10552  0.10023  0.50   21560    2161   20480   134653   6.25
1900-1909       84      0.11456  0.10836  0.50   19399    2102   18348   114173   5.89
1900-1909       85      0.12397  0.11671  0.50   17297    2019   16284    95825   5.54
1900-1909       86      0.13481  0.12627  0.50   15278    1929   14311    79541   5.21
1900-1909       87      0.14639  0.13639  0.50   13349    1821   12436    65231   4.89
1900-1909       88      0.15884  0.14713  0.50   11528    1696   10678    52794   4.58
1900-1909       89      0.17386  0.15993  0.50    9832    1572    9044    42116   4.28
1900-1909       90      0.19095  0.17420  0.50    8260    1439    7535    33072   4.00
1900-1909       91      0.20697  0.18742  0.50    6821    1278    6177    25537   3.74
1900-1909       92      0.22819  0.20468  0.50    5542    1134    4972    19360   3.49
1900-1909       93      0.25133  0.22310  0.50    4408     983    3913    14388   3.26
1900-1909       94      0.27265  0.23976  0.50    3425     821    3011    10475   3.06
1900-1909       95      0.29688  0.25803  0.49    2603     672    2263     7464   2.87
1900-1909       96      0.32029  0.27553  0.49    1932     532    1662     5201   2.69
1900-1909       97      0.34509  0.29371  0.49    1399     411    1191     3540   2.53
1900-1909       98      0.37362  0.31421  0.49     988     311     831     2348   2.38
1900-1909       99      0.39533  0.32932  0.49     678     223     565     1517   2.24
1900-1909      100      0.42801  0.35092  0.49     455     160     373      952   2.10
1900-1909      101      0.46607  0.37609  0.49     295     111     238      580   1.96
1900-1909      102      0.49803  0.39653  0.49     184      73     147      342   1.86
1900-1909      103      0.53515  0.41976  0.49     111      47      87      195   1.76
1900-1909      104      0.55407  0.43149  0.49      64      28      50      108   1.67
1900-1909      105      0.61518  0.46721  0.49      37      17      28       58   1.57
1900-1909      106      0.59065  0.45301  0.49      20       9      15       30   1.53
1900-1909      107      0.64651  0.48535  0.49      11       5       8       15   1.39
1900-1909      108      0.76207  0.54595  0.48       5       3       4        7   1.24
1900-1909      109      0.72115  0.52271  0.47       2       1       2        3   1.16
1900-1909      110+     1.08808  1.00000  0.92       1       1       1        1   0.92
1910-1919        0      0.10963  0.10187  0.31  100000   10187   92926  6114707  61.15
1910-1919        1      0.03098  0.03048  0.47   89813    2737   88360  6021781  67.05
1910-1919        2      0.01329  0.01320  0.49   87076    1149   86492  5933421  68.14
1910-1919        3      0.00838  0.00835  0.49   85927     717   85561  5846930  68.05
1910-1919        4      0.00609  0.00607  0.49   85210     517   84945  5761369  67.61
1910-1919        5      0.00488  0.00486  0.49   84693     412   84483  5676424  67.02
1910-1919        6      0.00356  0.00355  0.49   84281     299   84129  5591941  66.35
1910-1919        7      0.00277  0.00277  0.49   83982     233   83863  5507813  65.58
1910-1919        8      0.00222  0.00222  0.49   83749     186   83654  5423949  64.76
1910-1919        9      0.00180  0.00180  0.50   83563     150   83487  5340296  63.91
1910-1919       10      0.00161  0.00161  0.50   83413     134   83346  5256808  63.02
1910-1919       11      0.00151  0.00151  0.50   83278     126   83216  5173463  62.12
1910-1919       12      0.00150  0.00150  0.50   83153     124   83091  5090247  61.22
1910-1919       13      0.00158  0.00158  0.50   83028     131   82963  5007156  60.31
1910-1919       14      0.00173  0.00173  0.50   82897     144   82826  4924193  59.40
1910-1919       15      0.00194  0.00194  0.50   82754     160   82674  4841368  58.50
1910-1919       16      0.00218  0.00218  0.50   82593     180   82504  4758694  57.62
1910-1919       17      0.00235  0.00234  0.50   82413     193   82317  4676190  56.74
1910-1919       18      0.00249  0.00249  0.50   82220     204   82118  4593873  55.87
1910-1919       19      0.00259  0.00259  0.50   82016     213   81910  4511754  55.01
1910-1919       20      0.00267  0.00267  0.50   81803     218   81694  4429844  54.15
1910-1919       21      0.00281  0.00280  0.50   81585     229   81470  4348150  53.30
1910-1919       22      0.00285  0.00285  0.50   81356     232   81240  4266680  52.44
1910-1919       23      0.00292  0.00291  0.50   81125     236   81005  4185440  51.59
1910-1919       24      0.00294  0.00294  0.50   80888     238   80769  4104435  50.74
1910-1919       25      0.00291  0.00291  0.49   80651     234   80532  4023666  49.89
1910-1919       26      0.00286  0.00285  0.50   80416     229   80301  3943134  49.03
1910-1919       27      0.00270  0.00270  0.49   80187     217   80078  3862834  48.17
1910-1919       28      0.00263  0.00263  0.49   79970     210   79864  3782756  47.30
1910-1919       29      0.00255  0.00255  0.49   79760     203   79657  3702892  46.43
1910-1919       30      0.00250  0.00249  0.49   79557     198   79456  3623235  45.54
1910-1919       31      0.00224  0.00224  0.49   79359     178   79268  3543778  44.66
1910-1919       32      0.00216  0.00215  0.49   79181     170   79094  3464510  43.75
1910-1919       33      0.00207  0.00206  0.49   79010     163   78928  3385416  42.85
1910-1919       34      0.00201  0.00200  0.49   78847     158   78767  3306488  41.94
1910-1919       35      0.00197  0.00197  0.50   78689     155   78611  3227721  41.02
1910-1919       36      0.00192  0.00192  0.49   78534     151   78458  3149110  40.10
1910-1919       37      0.00196  0.00196  0.49   78383     154   78306  3070652  39.17
1910-1919       38      0.00205  0.00205  0.50   78230     160   78149  2992346  38.25
1910-1919       39      0.00215  0.00215  0.50   78070     168   77985  2914197  37.33
1910-1919       40      0.00226  0.00225  0.50   77902     175   77814  2836212  36.41
1910-1919       41      0.00237  0.00237  0.50   77726     184   77634  2758398  35.49
1910-1919       42      0.00269  0.00269  0.50   77543     208   77438  2680764  34.57
1910-1919       43      0.00287  0.00287  0.50   77334     222   77223  2603326  33.66
1910-1919       44      0.00313  0.00313  0.50   77112     241   76991  2526103  32.76
1910-1919       45      0.00347  0.00347  0.50   76871     266   76738  2449111  31.86
1910-1919       46      0.00385  0.00384  0.50   76605     294   76457  2372374  30.97
1910-1919       47      0.00434  0.00433  0.50   76310     330   76145  2295916  30.09
1910-1919       48      0.00467  0.00466  0.50   75980     354   75803  2219772  29.22
1910-1919       49      0.00529  0.00528  0.50   75626     399   75426  2143969  28.35
1910-1919       50      0.00584  0.00582  0.50   75227     438   75007  2068542  27.50
1910-1919       51      0.00630  0.00628  0.50   74789     470   74554  1993535  26.66
1910-1919       52      0.00715  0.00712  0.50   74319     529   74054  1918981  25.82
1910-1919       53      0.00786  0.00782  0.50   73790     577   73501  1844927  25.00
1910-1919       54      0.00868  0.00864  0.50   73212     632   72896  1771426  24.20
1910-1919       55      0.00935  0.00931  0.50   72580     676   72242  1698531  23.40
1910-1919       56      0.01032  0.01026  0.50   71904     738   71535  1626289  22.62
1910-1919       57      0.01135  0.01128  0.50   71166     803   70764  1554755  21.85
1910-1919       58      0.01250  0.01242  0.50   70363     874   69925  1483991  21.09
1910-1919       59      0.01358  0.01348  0.50   69490     937   69019  1414066  20.35
1910-1919       60      0.01484  0.01473  0.50   68553    1010   68047  1345046  19.62
1910-1919       61      0.01608  0.01595  0.50   67543    1077   67003  1277000  18.91
1910-1919       62      0.01751  0.01735  0.50   66466    1153   65887  1209997  18.20
1910-1919       63      0.01893  0.01875  0.50   65312    1225   64698  1144109  17.52
1910-1919       64      0.02075  0.02054  0.50   64088    1316   63427  1079411  16.84
1910-1919       65      0.02232  0.02207  0.50   62771    1386   62077  1015984  16.19
1910-1919       66      0.02408  0.02380  0.50   61386    1461   60653   953907  15.54
1910-1919       67      0.02631  0.02597  0.50   59925    1556   59145   893253  14.91
1910-1919       68      0.02831  0.02792  0.50   58369    1629   57552   834108  14.29
1910-1919       69      0.03044  0.02998  0.50   56739    1701   55886   776557  13.69
1910-1919       70      0.03315  0.03261  0.50   55038    1795   54139   720671  13.09
1910-1919       71      0.03548  0.03486  0.50   53243    1856   52313   666532  12.52
1910-1919       72      0.03875  0.03802  0.50   51387    1954   50408   614219  11.95
1910-1919       73      0.04183  0.04097  0.50   49434    2025   48418   563811  11.41
1910-1919       74      0.04523  0.04422  0.50   47409    2097   46357   515393  10.87
1910-1919       75      0.04853  0.04738  0.50   45312    2147   44236   469036  10.35
1910-1919       76      0.05245  0.05111  0.50   43165    2206   42060   424799   9.84
1910-1919       77      0.05650  0.05495  0.50   40959    2251   39832   382739   9.34
1910-1919       78      0.06113  0.05931  0.50   38709    2296   37559   342907   8.86
1910-1919       79      0.06639  0.06425  0.50   36413    2340   35240   305348   8.39
1910-1919       80      0.07343  0.07082  0.50   34073    2413   32864   270107   7.93
1910-1919       81      0.07912  0.07610  0.50   31660    2409   30452   237244   7.49
1910-1919       82      0.08678  0.08316  0.50   29251    2433   28032   206791   7.07
1910-1919       83      0.09447  0.09020  0.50   26818    2419   25606   178759   6.67
1910-1919       84      0.10279  0.09775  0.50   24399    2385   23204   153153   6.28
1910-1919       85      0.11246  0.10644  0.50   22014    2343   20836   129949   5.90
1910-1919       86      0.12209  0.11503  0.50   19671    2263   18533   109113   5.55
1910-1919       87      0.13285  0.12454  0.50   17408    2168   16319    90580   5.20
1910-1919       88      0.14540  0.13551  0.50   15240    2065   14203    74262   4.87
1910-1919       89      0.15927  0.14746  0.50   13175    1943   12198    60058   4.56
1910-1919       90      0.17327  0.15934  0.50   11232    1790   10329    47860   4.26
1910-1919       91      0.19001  0.17339  0.50    9443    1637    8617    37531   3.97
1910-1919       92      0.20921  0.18926  0.50    7805    1477    7061    28914   3.70
1910-1919       93      0.22875  0.20510  0.50    6328    1298    5674    21853   3.45
1910-1919       94      0.24864  0.22096  0.50    5030    1111    4470    16180   3.22
1910-1919       95      0.27537  0.24166  0.49    3919     947    3439    11710   2.99
1910-1919       96      0.30263  0.26242  0.49    2972     780    2577     8271   2.78
1910-1919       97      0.32764  0.28102  0.49    2192     616    1880     5694   2.60
1910-1919       98      0.35586  0.30149  0.49    1576     475    1335     3814   2.42
1910-1919       99      0.38805  0.32413  0.49    1101     357     920     2479   2.25
1910-1919      100      0.42193  0.34650  0.48     744     258     611     1559   2.10
1910-1919      101      0.46626  0.37596  0.48     486     183     392      948   1.95
1910-1919      102      0.49535  0.39465  0.48     303     120     242      556   1.83
1910-1919      103      0.52829  0.41519  0.48     184      76     144      314   1.71
1910-1919      104      0.58099  0.44726  0.49     107      48      83      170   1.58
1910-1919      105      0.63277  0.47605  0.48      59      28      45       87   1.47
1910-1919      106      0.66853  0.49514  0.48      31      15      23       43   1.37
1910-1919      107      0.72868  0.52596  0.47      16       8      11       20   1.25
1910-1919      108      0.84118  0.57993  0.46       7       4       5        8   1.12
1910-1919      109      0.83339  0.57576  0.46       3       2       2        3   1.03
1910-1919      110+     1.24158  1.00000  0.81       1       1       1        1   0.81
1920-1927        0      0.07913  0.07500  0.30  100000    7500   94782  6617458  66.17
1920-1927        1      0.02058  0.02036  0.48   92500    1883   91519  6522676  70.52
1920-1927        2      0.00852  0.00848  0.49   90617     768   90223  6431157  70.97
1920-1927        3      0.00505  0.00503  0.49   89848     452   89619  6340935  70.57
1920-1927        4      0.00378  0.00378  0.49   89396     338   89225  6251316  69.93
1920-1927        5      0.00339  0.00339  0.49   89058     302   88906  6162091  69.19
1920-1927        6      0.00263  0.00263  0.50   88757     233   88639  6073185  68.43
1920-1927        7      0.00211  0.00211  0.50   88524     187   88429  5984546  67.60
1920-1927        8      0.00176  0.00176  0.49   88337     155   88258  5896116  66.75
1920-1927        9      0.00152  0.00152  0.49   88181     134   88113  5807858  65.86
1920-1927       10      0.00133  0.00133  0.50   88047     117   87988  5719745  64.96
1920-1927       11      0.00124  0.00124  0.50   87930     109   87875  5631757  64.05
1920-1927       12      0.00123  0.00123  0.50   87821     108   87768  5543881  63.13
1920-1927       13      0.00130  0.00130  0.50   87714     114   87657  5456114  62.20
1920-1927       14      0.00144  0.00144  0.50   87600     126   87537  5368457  61.28
1920-1927       15      0.00168  0.00168  0.50   87474     147   87400  5280920  60.37
1920-1927       16      0.00184  0.00184  0.50   87327     161   87246  5193520  59.47
1920-1927       17      0.00203  0.00203  0.50   87166     177   87077  5106274  58.58
1920-1927       18      0.00223  0.00222  0.50   86989     193   86891  5019197  57.70
1920-1927       19      0.00249  0.00249  0.50   86795     216   86687  4932305  56.83
1920-1927       20      0.00247  0.00247  0.49   86579     213   86470  4845619  55.97
1920-1927       21      0.00240  0.00240  0.49   86366     207   86260  4759149  55.10
1920-1927       22      0.00223  0.00222  0.49   86159     192   86061  4672889  54.24
1920-1927       23      0.00197  0.00197  0.49   85967     169   85881  4586827  53.36
1920-1927       24      0.00179  0.00179  0.49   85798     154   85719  4500946  52.46
1920-1927       25      0.00161  0.00160  0.49   85644     137   85574  4415227  51.55
1920-1927       26      0.00148  0.00148  0.49   85507     127   85442  4329653  50.64
1920-1927       27      0.00137  0.00137  0.49   85380     117   85320  4244211  49.71
1920-1927       28      0.00133  0.00133  0.49   85263     113   85205  4158891  48.78
1920-1927       29      0.00128  0.00128  0.49   85150     109   85094  4073687  47.84
1920-1927       30      0.00123  0.00123  0.49   85041     105   84987  3988593  46.90
1920-1927       31      0.00117  0.00117  0.49   84936      99   84886  3903606  45.96
1920-1927       32      0.00124  0.00124  0.49   84837     105   84784  3818720  45.01
1920-1927       33      0.00122  0.00122  0.49   84732     103   84680  3733936  44.07
1920-1927       34      0.00129  0.00129  0.49   84629     109   84574  3649256  43.12
1920-1927       35      0.00141  0.00141  0.50   84520     119   84460  3564682  42.18
1920-1927       36      0.00147  0.00147  0.50   84401     124   84339  3480222  41.23
1920-1927       37      0.00159  0.00159  0.50   84277     134   84210  3395884  40.29
1920-1927       38      0.00180  0.00180  0.50   84143     151   84067  3311674  39.36
1920-1927       39      0.00193  0.00193  0.50   83992     162   83910  3227607  38.43
1920-1927       40      0.00211  0.00211  0.50   83830     177   83741  3143697  37.50
1920-1927       41      0.00229  0.00229  0.50   83653     191   83557  3059956  36.58
1920-1927       42      0.00266  0.00266  0.50   83462     222   83350  2976399  35.66
1920-1927       43      0.00288  0.00288  0.50   83240     240   83120  2893049  34.76
1920-1927       44      0.00312  0.00311  0.50   83001     259   82870  2809929  33.85
1920-1927       45      0.00351  0.00351  0.50   82742     290   82596  2727059  32.96
1920-1927       46      0.00390  0.00390  0.50   82452     321   82290  2644462  32.07
1920-1927       47      0.00434  0.00433  0.50   82131     356   81952  2562172  31.20
1920-1927       48      0.00479  0.00478  0.50   81775     391   81578  2480220  30.33
1920-1927       49      0.00541  0.00539  0.50   81384     439   81163  2398642  29.47
1920-1927       50      0.00589  0.00588  0.50   80945     476   80705  2317480  28.63
1920-1927       51      0.00638  0.00636  0.50   80469     512   80212  2236774  27.80
1920-1927       52      0.00700  0.00698  0.50   79958     558   79676  2156562  26.97
1920-1927       53      0.00763  0.00760  0.50   79400     603   79096  2076886  26.16
1920-1927       54      0.00830  0.00827  0.49   78797     651   78468  1997791  25.35
1920-1927       55      0.00902  0.00897  0.50   78145     701   77791  1919323  24.56
1920-1927       56      0.00967  0.00962  0.49   77444     745   77067  1841532  23.78
1920-1927       57      0.01061  0.01055  0.49   76699     810   76290  1764464  23.01
1920-1927       58      0.01156  0.01150  0.49   75889     872   75448  1688175  22.25
1920-1927       59      0.01255  0.01247  0.49   75017     935   74544  1612726  21.50
1920-1927       60      0.01362  0.01353  0.49   74081    1002   73575  1538183  20.76
1920-1927       61      0.01473  0.01462  0.50   73079    1068   72540  1464608  20.04
1920-1927       62      0.01595  0.01582  0.49   72011    1139   71435  1392068  19.33
1920-1927       63      0.01719  0.01705  0.49   70872    1208   70261  1320633  18.63
1920-1927       64      0.01865  0.01848  0.49   69664    1287   69013  1250372  17.95
1920-1927       65      0.02017  0.01997  0.50   68376    1365   67687  1181359  17.28
1920-1927       66      0.02154  0.02131  0.50   67011    1428   66290  1113671  16.62
1920-1927       67      0.02339  0.02311  0.49   65583    1516   64818  1047381  15.97
1920-1927       68      0.02498  0.02467  0.49   64068    1581   63269   982563  15.34
1920-1927       69      0.02703  0.02666  0.49   62487    1666   61645   919294  14.71
1920-1927       70      0.02924  0.02882  0.50   60821    1753   59937   857649  14.10
1920-1927       71      0.03155  0.03106  0.50   59068    1835   58142   797713  13.50
1920-1927       72      0.03404  0.03347  0.49   57234    1916   56266   739570  12.92
1920-1927       73      0.03670  0.03603  0.49   55318    1993   54311   683304  12.35
1920-1927       74      0.03941  0.03865  0.50   53325    2061   52285   628993  11.80
1920-1927       75      0.04233  0.04145  0.50   51264    2125   50193   576708  11.25
1920-1927       76      0.04558  0.04456  0.50   49139    2190   48035   526516  10.71
1920-1927       77      0.04893  0.04775  0.50   46950    2242   45819   478481  10.19
1920-1927       78      0.05264  0.05128  0.50   44708    2293   43551   432662   9.68
1920-1927       79      0.05681  0.05522  0.50   42415    2342   41233   389111   9.17
1920-1927       80      0.06106  0.05923  0.50   40073    2374   38877   347877   8.68
1920-1927       81      0.06659  0.06442  0.50   37699    2429   36475   309001   8.20
1920-1927       82      0.07208  0.06955  0.50   35270    2453   34033   272526   7.73
1920-1927       83      0.07808  0.07512  0.50   32817    2465   31574   238492   7.27
1920-1927       84      0.08521  0.08170  0.50   30352    2480   29104   206919   6.82
1920-1927       85      0.09321  0.08902  0.50   27872    2481   26620   177815   6.38
1920-1927       86      0.10259  0.09754  0.50   25391    2477   24141   151195   5.95
1920-1927       87      0.11319  0.10708  0.50   22914    2454   21678   127054   5.54
1920-1927       88      0.12566  0.11818  0.50   20460    2418   19241   105376   5.15
1920-1927       89      0.14003  0.13081  0.50   18043    2360   16855    86134   4.77
1920-1927       90      0.15786  0.14619  0.49   15682    2293   14523    69280   4.42
1920-1927       91      0.17592  0.16156  0.49   13390    2163   12297    54757   4.09
1920-1927       92      0.19726  0.17936  0.49   11226    2014   10208    42460   3.78
1920-1927       93      0.21855  0.19677  0.49    9213    1813    8295    32252   3.50
1920-1927       94      0.24361  0.21695  0.50    7400    1605    6590    23957   3.24
1920-1927       95      0.27164  0.23866  0.49    5795    1383    5091    17367   3.00
1920-1927       96      0.30197  0.26180  0.49    4412    1155    3825    12276   2.78
1920-1927       97      0.32785  0.28103  0.49    3257     915    2792     8451   2.60
1920-1927       98      0.35655  0.30206  0.49    2341     707    1984     5660   2.42
1920-1927       99      0.38946  0.32494  0.49    1634     531    1363     3676   2.25
1920-1927      100      0.42175  0.34626  0.48    1103     382     906     2312   2.10
1920-1927      101      0.46665  0.37616  0.48     721     271     581     1407   1.95
1920-1927      102      0.49468  0.39421  0.48     450     177     359      825   1.83
1920-1927      103      0.52829  0.41519  0.48     273     113     214      467   1.71
1920-1927      104      0.58222  0.44797  0.49     159      71     123      253   1.59
1920-1927      105      0.63035  0.47470  0.48      88      42      66      130   1.48
1920-1927      106      0.66300  0.49235  0.48      46      23      34       64   1.38
1920-1927      107      0.72938  0.52694  0.47      23      12      17       29   1.25
1920-1927      108      0.84118  0.57993  0.46      11       6       8       12   1.12
1920-1927      109      0.83339  0.57576  0.46       5       3       3        5   1.03
1920-1927      110+     1.24158  1.00000  0.81       2       2       2        2   0.81
