England and Wales, Civilian National Population, Life tables (cohort 5x10), Females	Last modified: 10 Jul 2020;  Methods Protocol: v6 (2017)

  Year          Age         mx       qx    ax      lx      dx      Lx       Tx     ex
1841-1849        0      0.15274  0.13826  0.31  100000   13826   90517  4310409  43.10
1841-1849      1-4      0.03682  0.13453  1.43   86174   11593  314844  4219892  48.97
1841-1849      5-9      0.00898  0.04371  1.99   74581    3260  363084  3905048  52.36
1841-1849     10-14     0.00491  0.02426  2.54   71321    1730  352356  3541964  49.66
1841-1849     15-19     0.00683  0.03360  2.61   69591    2338  342374  3189607  45.83
1841-1849     20-24     0.00823  0.04033  2.53   67252    2712  329549  2847234  42.34
1841-1849     25-29     0.00861  0.04216  2.50   64540    2721  315899  2517684  39.01
1841-1849     30-34     0.00913  0.04464  2.53   61819    2760  302269  2201786  35.62
1841-1849     35-39     0.01025  0.04996  2.52   59059    2951  287990  1899517  32.16
1841-1849     40-44     0.01160  0.05641  2.54   56109    3165  272759  1611527  28.72
1841-1849     45-49     0.01343  0.06500  2.55   52943    3441  256277  1338768  25.29
1841-1849     50-54     0.01665  0.08003  2.58   49502    3962  237910  1082491  21.87
1841-1849     55-59     0.02211  0.10495  2.58   45540    4780  216127   844581  18.55
1841-1849     60-64     0.02965  0.13831  2.58   40761    5638  190148   628453  15.42
1841-1849     65-69     0.04096  0.18624  2.57   35123    6541  159695   438305  12.48
1841-1849     70-74     0.06288  0.27274  2.57   28582    7795  123977   278610   9.75
1841-1849     75-79     0.09579  0.38546  2.47   20786    8012   83644   154633   7.44
1841-1849     80-84     0.14482  0.52733  2.42   12774    6736   46515    70990   5.56
1841-1849     85-89     0.22092  0.68213  2.20    6038    4119   18643    24475   4.05
1841-1849     90-94     0.31021  0.80654  2.02    1919    1548    4990     5832   3.04
1841-1849     95-99     0.43235  0.90425  1.78     371     336     777      842   2.27
1841-1849    100-104    0.53812  0.93961  1.54      36      33      62       65   1.83
1841-1849    105-109    0.71665  1.00000  1.40       2       2       3        3   1.40
1841-1849    110+             .        .    .       0       0       0        0      .
1850-1859        0      0.15390  0.13920  0.31  100000   13920   90452  4484829  44.85
1850-1859      1-4      0.03612  0.13214  1.42   86080   11375  314939  4394377  51.05
1850-1859      5-9      0.00834  0.04067  1.95   74705    3038  364247  4079438  54.61
1850-1859     10-14     0.00440  0.02174  2.55   71667    1558  354517  3715191  51.84
1850-1859     15-19     0.00586  0.02890  2.60   70109    2026  345680  3360673  47.94
1850-1859     20-24     0.00676  0.03326  2.52   68083    2264  334790  3014993  44.28
1850-1859     25-29     0.00716  0.03519  2.52   65818    2316  323342  2680203  40.72
1850-1859     30-34     0.00803  0.03939  2.55   63502    2502  311369  2356861  37.11
1850-1859     35-39     0.00917  0.04484  2.54   61000    2735  298273  2045492  33.53
1850-1859     40-44     0.01043  0.05083  2.52   58265    2962  283992  1747219  29.99
1850-1859     45-49     0.01196  0.05810  2.55   55303    3213  268654  1463227  26.46
1850-1859     50-54     0.01446  0.06987  2.57   52090    3639  251613  1194573  22.93
1850-1859     55-59     0.01877  0.08978  2.60   48451    4350  231803   942960  19.46
1850-1859     60-64     0.02571  0.12111  2.61   44101    5341  207730   711157  16.13
1850-1859     65-69     0.03655  0.16800  2.59   38760    6512  178133   503427  12.99
1850-1859     70-74     0.05832  0.25593  2.61   32248    8253  141523   325294  10.09
1850-1859     75-79     0.09286  0.37644  2.49   23995    9033   97266   183772   7.66
1850-1859     80-84     0.13874  0.51032  2.41   14962    7636   55037    86506   5.78
1850-1859     85-89     0.20622  0.65617  2.23    7327    4808   23312    31469   4.30
1850-1859     90-94     0.28710  0.77870  2.06    2519    1962    6833     8156   3.24
1850-1859     95-99     0.40865  0.88914  1.82     557     496    1213     1324   2.37
1850-1859    100-104    0.55177  0.95192  1.56      62      59     107      111   1.79
1850-1859    105-109    0.76322  0.98961  1.26       3       3       4        4   1.31
1850-1859    110+       0.67416  1.00000  1.48       0       0       0        0   1.48
1860-1869        0      0.15359  0.13895  0.31  100000   13895   90470  4738822  47.39
1860-1869      1-4      0.03477  0.12738  1.36   86105   10968  315421  4648352  53.98
1860-1869      5-9      0.00698  0.03417  1.97   75137    2567  367902  4332931  57.67
1860-1869     10-14     0.00357  0.01769  2.53   72570    1284  359681  3965028  54.64
1860-1869     15-19     0.00469  0.02319  2.60   71286    1653  352465  3605347  50.58
1860-1869     20-24     0.00550  0.02714  2.53   69633    1890  343492  3252882  46.71
1860-1869     25-29     0.00591  0.02913  2.52   67743    1973  333829  2909390  42.95
1860-1869     30-34     0.00657  0.03231  2.53   65769    2125  323603  2575560  39.16
1860-1869     35-39     0.00748  0.03671  2.54   63645    2337  312476  2251958  35.38
1860-1869     40-44     0.00821  0.04023  2.52   61308    2466  300429  1939482  31.64
1860-1869     45-49     0.00976  0.04769  2.59   58842    2806  287456  1639053  27.86
1860-1869     50-54     0.01241  0.06027  2.59   56035    3377  272025  1351596  24.12
1860-1869     55-59     0.01542  0.07435  2.61   52658    3915  253924  1079571  20.50
1860-1869     60-64     0.02221  0.10557  2.66   48743    5146  231678   825647  16.94
1860-1869     65-69     0.03397  0.15706  2.60   43598    6847  201564   593969  13.62
1860-1869     70-74     0.05371  0.23783  2.59   36750    8740  162721   392404  10.68
1860-1869     75-79     0.08247  0.34197  2.51   28010    9579  116155   229683   8.20
1860-1869     80-84     0.12424  0.47249  2.47   18431    8709   70093   113528   6.16
1860-1869     85-89     0.19566  0.63741  2.27    9723    6197   31675    43435   4.47
1860-1869     90-94     0.27917  0.76991  2.09    3525    2714    9723    11760   3.34
1860-1869     95-99     0.38488  0.86847  1.84     811     704    1830     2037   2.51
1860-1869    100-104    0.50480  0.93264  1.62     107     100     197      207   1.94
1860-1869    105-109    0.73615  0.98479  1.28       7       7      10       10   1.36
1860-1869    110+       0.80699  1.00000  1.24       0       0       0        0   1.24
1870-1879        0      0.14865  0.13490  0.31  100000   13490   90747  5090160  50.90
1870-1879      1-4      0.02930  0.10870  1.33   86510    9404  320900  4999413  57.79
1870-1879      5-9      0.00572  0.02810  1.97   77107    2167  378979  4678512  60.68
1870-1879     10-14     0.00300  0.01488  2.53   74940    1115  371944  4299534  57.37
1870-1879     15-19     0.00384  0.01900  2.59   73825    1403  365744  3927590  53.20
1870-1879     20-24     0.00432  0.02137  2.51   72422    1548  358263  3561845  49.18
1870-1879     25-29     0.00460  0.02275  2.53   70874    1613  350391  3203582  45.20
1870-1879     30-34     0.00503  0.02483  2.53   69262    1720  342059  2853191  41.19
1870-1879     35-39     0.00587  0.02893  2.60   67542    1954  333022  2511132  37.18
1870-1879     40-44     0.00677  0.03330  2.53   65588    2184  322536  2178110  33.21
1870-1879     45-49     0.00783  0.03840  2.58   63404    2435  311132  1855574  29.27
1870-1879     50-54     0.01005  0.04907  2.62   60969    2992  297738  1544442  25.33
1870-1879     55-59     0.01375  0.06658  2.65   57977    3860  280803  1246704  21.50
1870-1879     60-64     0.02025  0.09664  2.65   54117    5230  258290   965901  17.85
1870-1879     65-69     0.02948  0.13769  2.61   48887    6731  228324   707611  14.47
1870-1879     70-74     0.04589  0.20698  2.63   42156    8725  190114   479287  11.37
1870-1879     75-79     0.07503  0.31690  2.55   33431   10594  141201   289173   8.65
1870-1879     80-84     0.11695  0.45116  2.47   22836   10303   88099   147971   6.48
1870-1879     85-89     0.17956  0.60372  2.29   12534    7567   42140    59872   4.78
1870-1879     90-94     0.25623  0.73850  2.13    4967    3668   14315    17732   3.57
1870-1879     95-99     0.36499  0.85479  1.89    1299    1110    3042     3416   2.63
1870-1879    100-104    0.49302  0.92858  1.64     189     175     355      375   1.99
1870-1879    105-109    0.68588  0.98474  1.38      13      13      19       20   1.45
1870-1879    110+       1.17633  1.00000  0.85       0       0       0        0   0.85
1880-1889        0      0.14007  0.12779  0.31  100000   12779   91235  5408778  54.09
1880-1889      1-4      0.02562  0.09581  1.28   87221    8356  326143  5317544  60.97
1880-1889      5-9      0.00469  0.02311  2.00   78864    1823  388850  4991401  63.29
1880-1889     10-14     0.00246  0.01221  2.51   77041     940  382865  4602551  59.74
1880-1889     15-19     0.00304  0.01510  2.59   76101    1149  377736  4219686  55.45
1880-1889     20-24     0.00342  0.01694  2.52   74952    1269  371619  3841950  51.26
1880-1889     25-29     0.00396  0.01963  2.64   73683    1446  364995  3470331  47.10
1880-1889     30-34     0.00488  0.02411  2.50   72237    1742  356825  3105336  42.99
1880-1889     35-39     0.00500  0.02469  2.49   70495    1740  348106  2748511  38.99
1880-1889     40-44     0.00524  0.02588  2.55   68755    1780  339417  2400405  34.91
1880-1889     45-49     0.00667  0.03282  2.62   66975    2198  329643  2060988  30.77
1880-1889     50-54     0.00883  0.04325  2.61   64777    2801  317191  1731345  26.73
1880-1889     55-59     0.01152  0.05605  2.63   61976    3474  301660  1414155  22.82
1880-1889     60-64     0.01626  0.07829  2.64   58502    4580  281722  1112494  19.02
1880-1889     65-69     0.02503  0.11820  2.66   53922    6373  254676   830772  15.41
1880-1889     70-74     0.04064  0.18546  2.64   47548    8818  216974   576096  12.12
1880-1889     75-79     0.06616  0.28478  2.56   38730   11029  166704   359122   9.27
1880-1889     80-84     0.10448  0.41358  2.48   27701   11457  109652   192418   6.95
1880-1889     85-89     0.16315  0.56884  2.34   16244    9240   56638    82766   5.10
1880-1889     90-94     0.24439  0.72096  2.16    7004    5050   20662    26128   3.73
1880-1889     95-99     0.34054  0.83136  1.92    1954    1625    4771     5466   2.80
1880-1889    100-104    0.46424  0.91597  1.70     330     302     650      695   2.11
1880-1889    105-109    0.61757  0.97009  1.47      28      27      44       45   1.61
1880-1889    110+       0.68672  1.00000  1.46       1       1       1        1   1.46
1890-1899        0      0.15294  0.13842  0.31  100000   13842   90506  5555814  55.56
1890-1899      1-4      0.02295  0.08633  1.24   86158    7438  324134  5465308  63.43
1890-1899      5-9      0.00398  0.01964  2.01   78720    1546  388975  5141175  65.31
1890-1899     10-14     0.00214  0.01064  2.53   77174     821  383842  4752199  61.58
1890-1899     15-19     0.00288  0.01429  2.66   76353    1091  379217  4368357  57.21
1890-1899     20-24     0.00385  0.01905  2.56   75262    1434  372811  3989140  53.00
1890-1899     25-29     0.00412  0.02041  2.42   73828    1507  365251  3616329  48.98
1890-1899     30-34     0.00353  0.01752  2.51   72321    1267  358453  3251078  44.95
1890-1899     35-39     0.00387  0.01917  2.55   71055    1362  351931  2892625  40.71
1890-1899     40-44     0.00440  0.02177  2.55   69693    1518  344743  2540693  36.46
1890-1899     45-49     0.00548  0.02702  2.60   68175    1842  336460  2195951  32.21
1890-1899     50-54     0.00685  0.03367  2.59   66333    2234  326289  1859491  28.03
1890-1899     55-59     0.00927  0.04538  2.65   64099    2909  313663  1533202  23.92
1890-1899     60-64     0.01404  0.06796  2.67   61190    4159  296253  1219539  19.93
1890-1899     65-69     0.02229  0.10594  2.66   57032    6042  271010   923287  16.19
1890-1899     70-74     0.03668  0.16876  2.64   50990    8605  234610   652277  12.79
1890-1899     75-79     0.05954  0.26009  2.57   42385   11024  185168   417667   9.85
1890-1899     80-84     0.09535  0.38495  2.50   31361   12072  126609   232499   7.41
1890-1899     85-89     0.14713  0.53020  2.37   19288   10227   69507   105891   5.49
1890-1899     90-94     0.22067  0.68315  2.21    9062    6191   28053    36384   4.02
1890-1899     95-99     0.32474  0.82057  1.99    2871    2356    7255     8330   2.90
1890-1899    100-104    0.46915  0.92166  1.71     515     475    1012     1075   2.09
1890-1899    105-109    0.63432  0.97381  1.44      40      39      62       63   1.56
1890-1899    110+       0.90346  1.00000  1.11       1       1       1        1   1.11
1900-1909        0      0.12711  0.11692  0.31  100000   11692   91981  6014723  60.15
1900-1909      1-4      0.01710  0.06531  1.25   88308    5768  337347  5922743  67.07
1900-1909      5-9      0.00341  0.01688  2.08   82541    1393  408636  5585396  67.67
1900-1909     10-14     0.00229  0.01140  2.57   81147     925  403487  5176760  63.79
1900-1909     15-19     0.00292  0.01447  2.50   80222    1161  398205  4773273  59.50
1900-1909     20-24     0.00296  0.01469  2.53   79061    1161  392431  4375069  55.34
1900-1909     25-29     0.00299  0.01482  2.49   77899    1155  386602  3982638  51.13
1900-1909     30-34     0.00286  0.01421  2.49   76745    1091  380991  3596036  46.86
1900-1909     35-39     0.00293  0.01457  2.51   75654    1102  375529  3215045  42.50
1900-1909     40-44     0.00312  0.01549  2.55   74552    1155  369936  2839516  38.09
1900-1909     45-49     0.00401  0.01987  2.63   73398    1458  363535  2469580  33.65
1900-1909     50-54     0.00556  0.02745  2.64   71939    1975  355035  2106045  29.28
1900-1909     55-59     0.00814  0.03996  2.67   69964    2796  343302  1751010  25.03
1900-1909     60-64     0.01278  0.06205  2.66   67168    4168  326085  1407708  20.96
1900-1909     65-69     0.02027  0.09674  2.65   63001    6094  300683  1081623  17.17
1900-1909     70-74     0.03233  0.15015  2.63   56906    8544  264259   780939  13.72
1900-1909     75-79     0.05113  0.22746  2.58   48362   11001  215157   516680  10.68
1900-1909     80-84     0.08133  0.33842  2.52   37361   12644  155458   301523   8.07
1900-1909     85-89     0.12918  0.48476  2.43   24718   11982   92758   146064   5.91
1900-1909     90-94     0.20771  0.66253  2.27   12736    8438   40623    53306   4.19
1900-1909     95-99     0.31874  0.81489  2.00    4298    3502   10988    12683   2.95
1900-1909    100-104    0.45854  0.91610  1.72     796     729    1589     1695   2.13
1900-1909    105-109    0.62291  0.96671  1.43      67      65     104      106   1.58
1900-1909    110+       1.04775  1.00000  0.95       2       2       2        2   0.95
1910-1919        0      0.09598  0.09005  0.31  100000    9005   93824  6452461  64.52
1910-1919      1-4      0.01441  0.05549  1.30   90995    5049  350352  6358637  69.88
1910-1919      5-9      0.00301  0.01492  1.98   85946    1282  425858  6008285  69.91
1910-1919     10-14     0.00156  0.00777  2.56   84663     658  421709  5582428  65.94
1910-1919     15-19     0.00220  0.01093  2.61   84005     918  417830  5160719  61.43
1910-1919     20-24     0.00255  0.01268  2.51   83087    1053  412813  4742888  57.08
1910-1919     25-29     0.00239  0.01187  2.44   82034     974  407673  4330076  52.78
1910-1919     30-34     0.00198  0.00984  2.40   81060     798  403226  3922403  48.39
1910-1919     35-39     0.00182  0.00905  2.53   80262     726  399515  3519177  43.85
1910-1919     40-44     0.00228  0.01136  2.64   79536     903  395551  3119663  39.22
1910-1919     45-49     0.00345  0.01712  2.67   78633    1346  390028  2724112  34.64
1910-1919     50-54     0.00525  0.02594  2.66   77287    2005  381734  2334084  30.20
1910-1919     55-59     0.00788  0.03871  2.66   75282    2914  369578  1952350  25.93
1910-1919     60-64     0.01206  0.05865  2.65   72368    4245  351852  1582772  21.87
1910-1919     65-69     0.01837  0.08800  2.63   68123    5995  326425  1230920  18.07
1910-1919     70-74     0.02850  0.13346  2.62   62129    8292  290919   904495  14.56
1910-1919     75-79     0.04426  0.19999  2.59   53837   10767  243267   613576  11.40
1910-1919     80-84     0.07246  0.30770  2.55   43070   13253  182895   370309   8.60
1910-1919     85-89     0.11793  0.45349  2.45   29817   13522  114662   187415   6.29
1910-1919     90-94     0.18928  0.62678  2.31   16295   10214   53959    72753   4.46
1910-1919     95-99     0.29999  0.79686  2.06    6082    4846   16155    18794   3.09
1910-1919    100-104    0.45535  0.91618  1.74    1235    1132    2486     2639   2.14
1910-1919    105-109    0.66957  0.97632  1.37     104     101     151      153   1.48
1910-1919    110+       1.18910  1.00000  0.84       2       2       2        2   0.84
1920-1927        0      0.06820  0.06514  0.31  100000    6514   95514  6944150  69.44
1920-1927      1-4      0.00910  0.03553  1.27   93486    3322  364879  6848635  73.26
1920-1927      5-9      0.00218  0.01083  2.09   90164     976  447983  6483756  71.91
1920-1927     10-14     0.00125  0.00621  2.55   89188     554  444584  6035773  67.67
1920-1927     15-19     0.00183  0.00913  2.63   88635     809  441258  5591189  63.08
1920-1927     20-24     0.00193  0.00960  2.36   87826     843  436904  5149931  58.64
1920-1927     25-29     0.00130  0.00650  2.34   86983     565  433411  4713027  54.18
1920-1927     30-34     0.00108  0.00536  2.52   86418     464  430940  4279616  49.52
1920-1927     35-39     0.00139  0.00695  2.66   85954     597  428373  3848676  44.78
1920-1927     40-44     0.00216  0.01074  2.68   85357     916  424657  3420303  40.07
1920-1927     45-49     0.00346  0.01714  2.68   84440    1448  418848  2995646  35.48
1920-1927     50-54     0.00522  0.02576  2.63   82993    2138  409901  2576798  31.05
1920-1927     55-59     0.00763  0.03745  2.64   80855    3028  397115  2166897  26.80
1920-1927     60-64     0.01153  0.05611  2.63   77827    4366  378797  1769782  22.74
1920-1927     65-69     0.01711  0.08222  2.62   73460    6040  352910  1390985  18.94
1920-1927     70-74     0.02599  0.12233  2.61   67420    8248  317389  1038075  15.40
1920-1927     75-79     0.03953  0.18041  2.59   59173   10675  270085   720686  12.18
1920-1927     80-84     0.06156  0.26757  2.56   48497   12977  210797   450601   9.29
1920-1927     85-89     0.10107  0.40377  2.51   35521   14342  141902   239804   6.75
1920-1927     90-94     0.17801  0.60535  2.36   21178   12820   72018    97902   4.62
1920-1927     95-99     0.29925  0.79665  2.07    8358    6659   22251    25884   3.10
1920-1927    100-104    0.45510  0.91616  1.74    1700    1557    3422     3633   2.14
1920-1927    105-109    0.66658  0.97613  1.38     142     139     209      212   1.48
1920-1927    110+       1.18910  1.00000  0.84       3       3       3        3   0.84
