England and Wales, Civilian National Population, Life tables (cohort 1x10), Females	Last modified: 10 Jul 2020;  Methods Protocol: v6 (2017)

  Year          Age         mx       qx    ax      lx      dx      Lx       Tx     ex
1841-1849        0      0.15274  0.13826  0.31  100000   13826   90517  4310409  43.10
1841-1849        1      0.06478  0.06265  0.47   86174    5399   83337  4219892  48.97
1841-1849        2      0.03653  0.03587  0.50   80775    2898   79321  4136555  51.21
1841-1849        3      0.02488  0.02457  0.50   77877    1913   76915  4057235  52.10
1841-1849        4      0.01838  0.01821  0.50   75964    1383   75271  3980319  52.40
1841-1849        5      0.01411  0.01401  0.50   74581    1045   74060  3905048  52.36
1841-1849        6      0.01083  0.01077  0.50   73536     792   73139  3830988  52.10
1841-1849        7      0.00816  0.00812  0.50   72744     591   72448  3757848  51.66
1841-1849        8      0.00632  0.00630  0.50   72153     455   71926  3685400  51.08
1841-1849        9      0.00528  0.00527  0.50   71698     378   71511  3613474  50.40
1841-1849       10      0.00488  0.00487  0.50   71321     347   71149  3541964  49.66
1841-1849       11      0.00468  0.00467  0.50   70974     332   70809  3470815  48.90
1841-1849       12      0.00470  0.00469  0.51   70642     331   70478  3400006  48.13
1841-1849       13      0.00493  0.00492  0.51   70311     346   70140  3329528  47.35
1841-1849       14      0.00536  0.00535  0.51   69965     374   69780  3259388  46.59
1841-1849       15      0.00592  0.00591  0.51   69591     411   69388  3189607  45.83
1841-1849       16      0.00646  0.00644  0.51   69180     446   68960  3120220  45.10
1841-1849       17      0.00691  0.00689  0.51   68734     474   68500  3051260  44.39
1841-1849       18      0.00728  0.00726  0.51   68260     495   68015  2982760  43.70
1841-1849       19      0.00759  0.00756  0.51   67765     513   67511  2914745  43.01
1841-1849       20      0.00784  0.00781  0.50   67252     525   66992  2847234  42.34
1841-1849       21      0.00810  0.00807  0.50   66727     538   66461  2780242  41.67
1841-1849       22      0.00834  0.00830  0.50   66189     550   65916  2713781  41.00
1841-1849       23      0.00843  0.00840  0.50   65639     551   65365  2647865  40.34
1841-1849       24      0.00846  0.00842  0.50   65088     548   64816  2582500  39.68
1841-1849       25      0.00849  0.00846  0.50   64540     546   64269  2517684  39.01
1841-1849       26      0.00854  0.00851  0.50   63994     544   63723  2453416  38.34
1841-1849       27      0.00860  0.00857  0.50   63450     544   63179  2389693  37.66
1841-1849       28      0.00868  0.00865  0.50   62906     544   62636  2326513  36.98
1841-1849       29      0.00875  0.00872  0.50   62362     544   62092  2263878  36.30
1841-1849       30      0.00880  0.00876  0.50   61819     542   61549  2201786  35.62
1841-1849       31      0.00889  0.00885  0.50   61277     542   61007  2140237  34.93
1841-1849       32      0.00909  0.00905  0.50   60735     549   60462  2079230  34.23
1841-1849       33      0.00933  0.00929  0.50   60185     559   59907  2018769  33.54
1841-1849       34      0.00956  0.00951  0.50   59626     567   59344  1958861  32.85
1841-1849       35      0.00981  0.00976  0.50   59059     577   58773  1899517  32.16
1841-1849       36      0.01005  0.01000  0.50   58483     585   58192  1840744  31.48
1841-1849       37      0.01027  0.01022  0.50   57898     592   57604  1782552  30.79
1841-1849       38      0.01047  0.01041  0.50   57306     597   57010  1724948  30.10
1841-1849       39      0.01065  0.01059  0.50   56709     601   56411  1667939  29.41
1841-1849       40      0.01091  0.01085  0.50   56109     609   55807  1611527  28.72
1841-1849       41      0.01126  0.01120  0.50   55500     621   55192  1555721  28.03
1841-1849       42      0.01162  0.01155  0.50   54878     634   54564  1500529  27.34
1841-1849       43      0.01198  0.01191  0.50   54244     646   53924  1445965  26.66
1841-1849       44      0.01229  0.01222  0.50   53598     655   53273  1392041  25.97
1841-1849       45      0.01259  0.01251  0.50   52943     662   52615  1338768  25.29
1841-1849       46      0.01293  0.01284  0.50   52281     671   51948  1286153  24.60
1841-1849       47      0.01334  0.01325  0.50   51610     684   51271  1234206  23.91
1841-1849       48      0.01388  0.01378  0.50   50926     702   50578  1182935  23.23
1841-1849       49      0.01448  0.01437  0.50   50224     722   49866  1132357  22.55
1841-1849       50      0.01506  0.01495  0.50   49502     740   49135  1082491  21.87
1841-1849       51      0.01570  0.01558  0.50   48762     760   48385  1033356  21.19
1841-1849       52      0.01654  0.01641  0.50   48002     788   47612   984971  20.52
1841-1849       53      0.01754  0.01739  0.50   47215     821   46808   937359  19.85
1841-1849       54      0.01856  0.01839  0.50   46393     853   45970   890551  19.20
1841-1849       55      0.01957  0.01939  0.50   45540     883   45103   844581  18.55
1841-1849       56      0.02081  0.02060  0.50   44657     920   44202   799478  17.90
1841-1849       57      0.02216  0.02192  0.50   43737     959   43263   755276  17.27
1841-1849       58      0.02353  0.02326  0.50   42779     995   42285   712013  16.64
1841-1849       59      0.02479  0.02449  0.50   41784    1023   41275   669729  16.03
1841-1849       60      0.02626  0.02592  0.51   40761    1057   40238   628453  15.42
1841-1849       61      0.02740  0.02703  0.50   39704    1073   39172   588215  14.82
1841-1849       62      0.02963  0.02920  0.51   38631    1128   38073   549043  14.21
1841-1849       63      0.03154  0.03105  0.51   37503    1165   36927   510970  13.62
1841-1849       64      0.03401  0.03344  0.51   36338    1215   35737   474043  13.05
1841-1849       65      0.03698  0.03632  0.51   35123    1276   34495   438305  12.48
1841-1849       66      0.03689  0.03623  0.51   33847    1226   33241   403811  11.93
1841-1849       67      0.03953  0.03877  0.51   32621    1265   31996   370570  11.36
1841-1849       68      0.04472  0.04375  0.50   31356    1372   30676   338574  10.80
1841-1849       69      0.04790  0.04679  0.50   29985    1403   29287   307898  10.27
1841-1849       70      0.05378  0.05238  0.50   28582    1497   27837   278610   9.75
1841-1849       71      0.05299  0.05163  0.50   27085    1398   26390   250773   9.26
1841-1849       72      0.06523  0.06319  0.50   25686    1623   24882   224383   8.74
1841-1849       73      0.07002  0.06767  0.50   24063    1628   23254   199501   8.29
1841-1849       74      0.07628  0.07349  0.50   22435    1649   21614   176248   7.86
1841-1849       75      0.08273  0.07947  0.50   20786    1652   19968   154633   7.44
1841-1849       76      0.09015  0.08629  0.50   19134    1651   18315   134665   7.04
1841-1849       77      0.09521  0.09094  0.51   17483    1590   16700   116350   6.66
1841-1849       78      0.10541  0.10021  0.51   15893    1593   15108    99650   6.27
1841-1849       79      0.11264  0.10675  0.51   14301    1527   13552    84542   5.91
1841-1849       80      0.12401  0.11687  0.51   12774    1493   12038    70990   5.56
1841-1849       81      0.12667  0.11924  0.51   11281    1345   10619    58951   5.23
1841-1849       82      0.14783  0.13781  0.51    9936    1369    9262    48332   4.86
1841-1849       83      0.16296  0.15087  0.51    8567    1292    7931    39070   4.56
1841-1849       84      0.18552  0.16996  0.51    7274    1236    6664    31139   4.28
1841-1849       85      0.19515  0.17798  0.51    6038    1075    5507    24475   4.05
1841-1849       86      0.21366  0.19324  0.51    4963     959    4489    18968   3.82
1841-1849       87      0.22940  0.20608  0.51    4004     825    3597    14479   3.62
1841-1849       88      0.24135  0.21554  0.50    3179     685    2839    10882   3.42
1841-1849       89      0.25985  0.23037  0.51    2494     575    2211     8043   3.23
1841-1849       90      0.28363  0.24871  0.51    1919     477    1683     5832   3.04
1841-1849       91      0.29097  0.25422  0.50    1442     367    1260     4149   2.88
1841-1849       92      0.32299  0.27822  0.50    1075     299     926     2889   2.69
1841-1849       93      0.34771  0.29657  0.50     776     230     662     1963   2.53
1841-1849       94      0.38054  0.31992  0.50     546     175     459     1301   2.38
1841-1849       95      0.39848  0.33216  0.50     371     123     310      842   2.27
1841-1849       96      0.41480  0.34355  0.50     248      85     205      532   2.15
1841-1849       97      0.46009  0.37413  0.50     163      61     132      327   2.01
1841-1849       98      0.50915  0.40576  0.50     102      41      81      194   1.91
1841-1849       99      0.51916  0.41275  0.50      61      25      48      113   1.87
1841-1849      100      0.54604  0.42768  0.49      36      15      28       65   1.83
1841-1849      101      0.47867  0.38502  0.49      20       8      16       37   1.83
1841-1849      102      0.56506  0.43909  0.49      13       5      10       21   1.67
1841-1849      103      0.64792  0.48610  0.49       7       3       5       11   1.59
1841-1849      104      0.50753  0.40473  0.50       4       1       3        6   1.63
1841-1849      105      0.66101  0.49547  0.49       2       1       2        3   1.40
1841-1849      106      0.52931  0.41898  0.50       1       0       1        1   1.28
1841-1849      107      1.18721  0.73107  0.47       1       0       0        1   0.84
1841-1849      108      1.02273  0.67265  0.49       0       0       0        0   0.84
1841-1849      109      1.83264  1.00000  0.55       0       0       0        0   0.55
1841-1849      110+           .        .     .       0       0       0        0      .
1850-1859        0      0.15390  0.13920  0.31  100000   13920   90452  4484829  44.85
1850-1859        1      0.06450  0.06239  0.48   86080    5370   83262  4394377  51.05
1850-1859        2      0.03520  0.03459  0.50   80710    2792   79310  4311115  53.42
1850-1859        3      0.02417  0.02388  0.50   77918    1861   76988  4231805  54.31
1850-1859        4      0.01793  0.01777  0.50   76057    1352   75379  4154817  54.63
1850-1859        5      0.01347  0.01338  0.50   74705    1000   74206  4079438  54.61
1850-1859        6      0.01022  0.01017  0.50   73705     749   73332  4005231  54.34
1850-1859        7      0.00760  0.00757  0.50   72956     552   72680  3931900  53.89
1850-1859        8      0.00566  0.00565  0.50   72404     409   72199  3859220  53.30
1850-1859        9      0.00456  0.00455  0.50   71995     328   71831  3787021  52.60
1850-1859       10      0.00426  0.00425  0.51   71667     304   71517  3715191  51.84
1850-1859       11      0.00424  0.00423  0.51   71363     302   71214  3643673  51.06
1850-1859       12      0.00431  0.00430  0.51   71061     306   70910  3572459  50.27
1850-1859       13      0.00444  0.00443  0.50   70755     314   70600  3501550  49.49
1850-1859       14      0.00473  0.00472  0.51   70441     333   70277  3430950  48.71
1850-1859       15      0.00518  0.00517  0.51   70109     362   69930  3360673  47.94
1850-1859       16      0.00559  0.00558  0.50   69747     389   69554  3290744  47.18
1850-1859       17      0.00592  0.00590  0.50   69358     409   69155  3221190  46.44
1850-1859       18      0.00620  0.00618  0.51   68948     426   68737  3152035  45.72
1850-1859       19      0.00643  0.00641  0.51   68522     439   68305  3083298  45.00
1850-1859       20      0.00659  0.00657  0.50   68083     447   67860  3014993  44.28
1850-1859       21      0.00667  0.00665  0.50   67636     450   67412  2947133  43.57
1850-1859       22      0.00674  0.00672  0.50   67186     451   66961  2879721  42.86
1850-1859       23      0.00686  0.00684  0.50   66735     456   66508  2812760  42.15
1850-1859       24      0.00696  0.00694  0.50   66278     460   66049  2746252  41.44
1850-1859       25      0.00699  0.00696  0.50   65818     458   65590  2680203  40.72
1850-1859       26      0.00703  0.00701  0.50   65360     458   65132  2614613  40.00
1850-1859       27      0.00713  0.00711  0.50   64902     461   64673  2549481  39.28
1850-1859       28      0.00727  0.00725  0.50   64441     467   64208  2484808  38.56
1850-1859       29      0.00741  0.00738  0.50   63974     472   63739  2420600  37.84
1850-1859       30      0.00757  0.00754  0.50   63502     479   63264  2356861  37.11
1850-1859       31      0.00780  0.00777  0.50   63023     490   62779  2293597  36.39
1850-1859       32      0.00803  0.00800  0.50   62533     500   62284  2230818  35.67
1850-1859       33      0.00828  0.00825  0.50   62033     512   61779  2168533  34.96
1850-1859       34      0.00851  0.00847  0.50   61522     521   61262  2106754  34.24
1850-1859       35      0.00871  0.00868  0.50   61000     529   60737  2045492  33.53
1850-1859       36      0.00891  0.00887  0.50   60471     536   60205  1984755  32.82
1850-1859       37      0.00913  0.00909  0.50   59935     545   59664  1924550  32.11
1850-1859       38      0.00940  0.00935  0.50   59390     555   59115  1864886  31.40
1850-1859       39      0.00972  0.00968  0.50   58835     569   58553  1805771  30.69
1850-1859       40      0.01002  0.00997  0.50   58265     581   57977  1747219  29.99
1850-1859       41      0.01021  0.01016  0.50   57684     586   57393  1689242  29.28
1850-1859       42      0.01043  0.01038  0.50   57099     593   56804  1631848  28.58
1850-1859       43      0.01063  0.01057  0.50   56506     597   56209  1575044  27.87
1850-1859       44      0.01088  0.01082  0.50   55909     605   55608  1518835  27.17
1850-1859       45      0.01117  0.01111  0.50   55303     614   54999  1463227  26.46
1850-1859       46      0.01149  0.01143  0.50   54689     625   54379  1408228  25.75
1850-1859       47      0.01190  0.01183  0.50   54064     640   53747  1353849  25.04
1850-1859       48      0.01240  0.01232  0.50   53425     658   53098  1300102  24.34
1850-1859       49      0.01290  0.01281  0.50   52766     676   52430  1247004  23.63
1850-1859       50      0.01332  0.01323  0.50   52090     689   51748  1194573  22.93
1850-1859       51      0.01356  0.01347  0.50   51401     692   51057  1142826  22.23
1850-1859       52      0.01442  0.01432  0.50   50709     726   50349  1091769  21.53
1850-1859       53      0.01503  0.01492  0.50   49983     746   49613  1041420  20.84
1850-1859       54      0.01609  0.01596  0.50   49237     786   48847   991807  20.14
1850-1859       55      0.01621  0.01608  0.50   48451     779   48065   942960  19.46
1850-1859       56      0.01802  0.01786  0.50   47672     851   47249   894895  18.77
1850-1859       57      0.01829  0.01813  0.50   46821     849   46399   847646  18.10
1850-1859       58      0.02023  0.02002  0.50   45972     921   45514   801247  17.43
1850-1859       59      0.02132  0.02109  0.50   45051     950   44576   755734  16.77
1850-1859       60      0.02298  0.02272  0.50   44101    1002   43601   711157  16.13
1850-1859       61      0.02183  0.02160  0.50   43099     931   42635   667556  15.49
1850-1859       62      0.02632  0.02598  0.50   42169    1096   41623   624921  14.82
1850-1859       63      0.02771  0.02733  0.50   41073    1123   40513   583297  14.20
1850-1859       64      0.03025  0.02980  0.50   39950    1191   39357   542784  13.59
1850-1859       65      0.03306  0.03252  0.50   38760    1261   38133   503427  12.99
1850-1859       66      0.03164  0.03115  0.50   37499    1168   36918   465294  12.41
1850-1859       67      0.03481  0.03422  0.50   36331    1243   35714   428377  11.79
1850-1859       68      0.04079  0.03998  0.50   35088    1403   34392   392663  11.19
1850-1859       69      0.04357  0.04265  0.51   33685    1437   32977   358271  10.64
1850-1859       70      0.04790  0.04680  0.51   32248    1509   31504   325294  10.09
1850-1859       71      0.04940  0.04823  0.51   30739    1482   30009   293791   9.56
1850-1859       72      0.06007  0.05834  0.51   29257    1707   28414   263781   9.02
1850-1859       73      0.06558  0.06353  0.51   27550    1750   26687   235367   8.54
1850-1859       74      0.07245  0.06995  0.51   25800    1805   24909   208680   8.09
1850-1859       75      0.07907  0.07611  0.51   23995    1826   23095   183772   7.66
1850-1859       76      0.08673  0.08318  0.51   22169    1844   21262   160676   7.25
1850-1859       77      0.09254  0.08851  0.51   20325    1799   19439   139414   6.86
1850-1859       78      0.10357  0.09855  0.51   18526    1826   17627   119976   6.48
1850-1859       79      0.10970  0.10406  0.51   16700    1738   15843   102349   6.13
1850-1859       80      0.11967  0.11303  0.51   14962    1691   14132    86506   5.78
1850-1859       81      0.12449  0.11728  0.51   13271    1556   12503    72374   5.45
1850-1859       82      0.14330  0.13383  0.51   11715    1568   10941    59870   5.11
1850-1859       83      0.15288  0.14216  0.51   10147    1443    9436    48930   4.82
1850-1859       84      0.17166  0.15827  0.51    8704    1378    8025    39494   4.54
1850-1859       85      0.18215  0.16711  0.51    7327    1224    6722    31469   4.30
1850-1859       86      0.19828  0.18058  0.51    6102    1102    5558    24747   4.06
1850-1859       87      0.21360  0.19322  0.51    5000     966    4523    19189   3.84
1850-1859       88      0.22296  0.20083  0.51    4034     810    3634    14666   3.64
1850-1859       89      0.24507  0.21862  0.51    3224     705    2876    11032   3.42
1850-1859       90      0.26179  0.23164  0.50    2519     584    2229     8156   3.24
1850-1859       91      0.27194  0.23967  0.50    1936     464    1706     5927   3.06
1850-1859       92      0.29692  0.25880  0.50    1472     381    1283     4221   2.87
1850-1859       93      0.32073  0.27667  0.50    1091     302     941     2938   2.69
1850-1859       94      0.34353  0.29345  0.50     789     232     674     1998   2.53
1850-1859       95      0.36991  0.31224  0.50     557     174     471     1324   2.37
1850-1859       96      0.40831  0.33912  0.50     383     130     318      853   2.22
1850-1859       97      0.42743  0.35201  0.50     253      89     209      534   2.11
1850-1859       98      0.46415  0.37671  0.50     164      62     133      326   1.98
1850-1859       99      0.49440  0.39612  0.50     102      41      82      193   1.88
1850-1859      100      0.51206  0.40638  0.49      62      25      49      111   1.79
1850-1859      101      0.54742  0.42856  0.49      37      16      29       61   1.68
1850-1859      102      0.58999  0.45408  0.49      21      10      16       33   1.56
1850-1859      103      0.69230  0.51256  0.49      11       6       8       17   1.45
1850-1859      104      0.61416  0.46736  0.49       6       3       4        8   1.46
1850-1859      105      0.72930  0.53329  0.50       3       2       2        4   1.31
1850-1859      106      0.82275  0.57877  0.49       1       1       1        2   1.24
1850-1859      107      0.72534  0.52854  0.49       1       0       0        1   1.28
1850-1859      108      0.74924  0.55145  0.52       0       0       0        0   1.18
1850-1859      109      1.21786  0.75000  0.49       0       0       0        0   0.99
1850-1859      110+     0.67416  1.00000  1.48       0       0       0        0   1.48
1860-1869        0      0.15359  0.13895  0.31  100000   13895   90470  4738822  47.39
1860-1869        1      0.06512  0.06296  0.47   86105    5421   83252  4648352  53.98
1860-1869        2      0.03395  0.03338  0.50   80684    2693   79327  4565100  56.58
1860-1869        3      0.02199  0.02174  0.49   77991    1696   77131  4485773  57.52
1860-1869        4      0.01529  0.01517  0.50   76295    1158   75711  4408642  57.78
1860-1869        5      0.01117  0.01111  0.50   75137     835   74720  4332931  57.67
1860-1869        6      0.00845  0.00841  0.50   74302     625   73990  4258210  57.31
1860-1869        7      0.00634  0.00632  0.50   73677     466   73445  4184221  56.79
1860-1869        8      0.00485  0.00484  0.50   73211     354   73034  4110776  56.15
1860-1869        9      0.00395  0.00394  0.50   72857     287   72713  4037742  55.42
1860-1869       10      0.00359  0.00358  0.50   72570     260   72441  3965028  54.64
1860-1869       11      0.00343  0.00343  0.50   72310     248   72187  3892588  53.83
1860-1869       12      0.00342  0.00342  0.51   72062     246   71940  3820401  53.02
1860-1869       13      0.00357  0.00357  0.51   71816     256   71689  3748461  52.20
1860-1869       14      0.00383  0.00382  0.51   71560     274   71424  3676771  51.38
1860-1869       15      0.00415  0.00414  0.51   71286     295   71140  3605347  50.58
1860-1869       16      0.00446  0.00445  0.51   70991     316   70834  3534207  49.78
1860-1869       17      0.00474  0.00473  0.51   70675     334   70509  3463373  49.00
1860-1869       18      0.00497  0.00495  0.50   70340     349   70168  3392864  48.24
1860-1869       19      0.00514  0.00513  0.51   69992     359   69814  3322696  47.47
1860-1869       20      0.00528  0.00527  0.50   69633     367   69451  3252882  46.71
1860-1869       21      0.00542  0.00541  0.50   69266     375   69080  3183431  45.96
1860-1869       22      0.00552  0.00551  0.50   68892     380   68703  3114351  45.21
1860-1869       23      0.00561  0.00559  0.50   68512     383   68322  3045648  44.45
1860-1869       24      0.00568  0.00567  0.50   68129     386   67937  2977326  43.70
1860-1869       25      0.00574  0.00572  0.50   67743     388   67550  2909390  42.95
1860-1869       26      0.00580  0.00578  0.50   67355     390   67161  2841840  42.19
1860-1869       27      0.00588  0.00587  0.50   66966     393   66770  2774679  41.43
1860-1869       28      0.00599  0.00598  0.50   66573     398   66375  2707909  40.68
1860-1869       29      0.00614  0.00613  0.50   66175     405   65973  2641534  39.92
1860-1869       30      0.00630  0.00628  0.50   65769     413   65564  2575560  39.16
1860-1869       31      0.00641  0.00639  0.50   65356     418   65148  2509996  38.40
1860-1869       32      0.00657  0.00655  0.50   64939     426   64727  2444848  37.65
1860-1869       33      0.00669  0.00667  0.50   64513     430   64299  2380121  36.89
1860-1869       34      0.00686  0.00684  0.50   64083     438   63865  2315822  36.14
1860-1869       35      0.00708  0.00706  0.50   63645     449   63421  2251958  35.38
1860-1869       36      0.00728  0.00725  0.50   63195     458   62968  2188536  34.63
1860-1869       37      0.00749  0.00747  0.50   62737     468   62505  2125568  33.88
1860-1869       38      0.00770  0.00767  0.50   62269     478   62031  2063063  33.13
1860-1869       39      0.00785  0.00782  0.50   61791     483   61551  2001032  32.38
1860-1869       40      0.00797  0.00794  0.50   61308     487   61066  1939482  31.64
1860-1869       41      0.00793  0.00790  0.50   60821     481   60581  1878416  30.88
1860-1869       42      0.00833  0.00829  0.50   60341     500   60092  1817835  30.13
1860-1869       43      0.00829  0.00825  0.50   59840     494   59595  1757743  29.37
1860-1869       44      0.00854  0.00850  0.50   59346     505   59096  1698148  28.61
1860-1869       45      0.00893  0.00889  0.50   58842     523   58582  1639053  27.86
1860-1869       46      0.00910  0.00906  0.50   58319     528   58056  1580471  27.10
1860-1869       47      0.00950  0.00945  0.50   57790     546   57519  1522415  26.34
1860-1869       48      0.01027  0.01022  0.50   57244     585   56953  1464896  25.59
1860-1869       49      0.01107  0.01101  0.50   56659     624   56347  1407943  24.85
1860-1869       50      0.01155  0.01149  0.50   56035     644   55713  1351596  24.12
1860-1869       51      0.01062  0.01057  0.50   55392     585   55098  1295883  23.39
1860-1869       52      0.01317  0.01308  0.50   54807     717   54448  1240784  22.64
1860-1869       53      0.01296  0.01287  0.50   54090     696   53741  1186337  21.93
1860-1869       54      0.01386  0.01377  0.50   53393     735   53025  1132596  21.21
1860-1869       55      0.01304  0.01295  0.50   52658     682   52316  1079571  20.50
1860-1869       56      0.01493  0.01482  0.50   51976     770   51591  1027255  19.76
1860-1869       57      0.01502  0.01491  0.50   51206     763   50824   975664  19.05
1860-1869       58      0.01693  0.01678  0.50   50443     847   50020   924840  18.33
1860-1869       59      0.01734  0.01720  0.50   49596     853   49173   874820  17.64
1860-1869       60      0.01873  0.01856  0.50   48743     905   48295   825647  16.94
1860-1869       61      0.01866  0.01849  0.50   47839     884   47401   777352  16.25
1860-1869       62      0.02257  0.02232  0.50   46954    1048   46434   729952  15.55
1860-1869       63      0.02467  0.02437  0.50   45906    1119   45352   683518  14.89
1860-1869       64      0.02692  0.02657  0.50   44787    1190   44197   638166  14.25
1860-1869       65      0.02995  0.02951  0.50   43598    1286   42961   593969  13.62
1860-1869       66      0.02979  0.02936  0.51   42311    1242   41698   551008  13.02
1860-1869       67      0.03357  0.03302  0.51   41069    1356   40398   509310  12.40
1860-1869       68      0.03720  0.03653  0.50   39713    1451   38995   468912  11.81
1860-1869       69      0.04031  0.03952  0.50   38262    1512   37513   429917  11.24
1860-1869       70      0.04480  0.04383  0.51   36750    1611   35957   392404  10.68
1860-1869       71      0.04681  0.04575  0.51   35140    1608   34344   356447  10.14
1860-1869       72      0.05521  0.05374  0.50   33532    1802   32639   322103   9.61
1860-1869       73      0.05960  0.05789  0.51   31730    1837   30821   289464   9.12
1860-1869       74      0.06501  0.06299  0.50   29893    1883   28961   258643   8.65
1860-1869       75      0.07061  0.06823  0.51   28010    1911   27066   229683   8.20
1860-1869       76      0.07751  0.07465  0.51   26099    1948   25136   202617   7.76
1860-1869       77      0.08072  0.07763  0.51   24151    1875   23225   177481   7.35
1860-1869       78      0.09026  0.08641  0.51   22276    1925   21325   154256   6.92
1860-1869       79      0.09893  0.09433  0.51   20351    1920   19404   132931   6.53
1860-1869       80      0.10396  0.09887  0.51   18431    1822   17530   113528   6.16
1860-1869       81      0.11036  0.10468  0.51   16609    1739   15753    95997   5.78
1860-1869       82      0.12609  0.11871  0.51   14871    1765   13999    80244   5.40
1860-1869       83      0.14115  0.13194  0.51   13105    1729   12251    66245   5.05
1860-1869       84      0.15657  0.14533  0.51   11376    1653   10559    53994   4.75
1860-1869       85      0.16900  0.15595  0.50    9723    1516    8972    43435   4.47
1860-1869       86      0.18889  0.17272  0.50    8207    1417    7504    34463   4.20
1860-1869       87      0.20000  0.18192  0.50    6789    1235    6175    26959   3.97
1860-1869       88      0.21487  0.19420  0.50    5554    1079    5020    20783   3.74
1860-1869       89      0.23728  0.21227  0.50    4475     950    4004    15764   3.52
1860-1869       90      0.25142  0.22340  0.50    3525     788    3133    11760   3.34
1860-1869       91      0.26235  0.23198  0.50    2738     635    2421     8627   3.15
1860-1869       92      0.29019  0.25354  0.50    2103     533    1837     6206   2.95
1860-1869       93      0.31644  0.27335  0.50    1570     429    1356     4369   2.78
1860-1869       94      0.33744  0.28880  0.50    1141     329     976     3013   2.64
1860-1869       95      0.35202  0.29913  0.50     811     243     689     2037   2.51
1860-1869       96      0.38926  0.32564  0.50     569     185     476     1348   2.37
1860-1869       97      0.39841  0.33207  0.50     383     127     320      872   2.28
1860-1869       98      0.43436  0.35668  0.50     256      91     210      553   2.16
1860-1869       99      0.42798  0.35236  0.50     165      58     136      343   2.08
1860-1869      100      0.48137  0.38687  0.49     107      41      86      207   1.94
1860-1869      101      0.51385  0.40803  0.50      65      27      52      121   1.85
1860-1869      102      0.48847  0.39158  0.49      39      15      31       69   1.79
1860-1869      103      0.57468  0.44504  0.49      24      10      18       38   1.62
1860-1869      104      0.58079  0.45032  0.50      13       6      10       20   1.52
1860-1869      105      0.76733  0.55161  0.49       7       4       5       10   1.36
1860-1869      106      0.62502  0.47457  0.49       3       2       2        5   1.42
1860-1869      107      0.71955  0.52970  0.50       2       1       1        2   1.26
1860-1869      108      0.87826  0.60344  0.48       1       0       1        1   1.12
1860-1869      109      0.99516  0.65395  0.48       0       0       0        0   1.09
1860-1869      110+     0.80699  1.00000  1.24       0       0       0        0   1.24
1870-1879        0      0.14865  0.13490  0.31  100000   13490   90747  5090160  50.90
1870-1879        1      0.05791  0.05619  0.47   86510    4861   83948  4999413  57.79
1870-1879        2      0.02678  0.02643  0.50   81649    2158   80565  4915465  60.20
1870-1879        3      0.01771  0.01755  0.50   79492    1395   78791  4834900  60.82
1870-1879        4      0.01275  0.01267  0.50   78096     989   77597  4756109  60.90
1870-1879        5      0.00917  0.00913  0.50   77107     704   76754  4678512  60.68
1870-1879        6      0.00688  0.00685  0.50   76403     524   76141  4601758  60.23
1870-1879        7      0.00518  0.00517  0.50   75879     392   75683  4525617  59.64
1870-1879        8      0.00398  0.00398  0.50   75487     300   75337  4449934  58.95
1870-1879        9      0.00329  0.00328  0.50   75187     247   75064  4374597  58.18
1870-1879       10      0.00301  0.00301  0.51   74940     225   74829  4299534  57.37
1870-1879       11      0.00291  0.00290  0.51   74715     217   74608  4224705  56.54
1870-1879       12      0.00290  0.00289  0.51   74498     215   74391  4150097  55.71
1870-1879       13      0.00299  0.00299  0.51   74282     222   74173  4075706  54.87
1870-1879       14      0.00319  0.00318  0.50   74060     236   73944  4001533  54.03
1870-1879       15      0.00344  0.00344  0.51   73825     254   73699  3927590  53.20
1870-1879       16      0.00368  0.00367  0.50   73571     270   73437  3853890  52.38
1870-1879       17      0.00387  0.00386  0.51   73301     283   73161  3780453  51.57
1870-1879       18      0.00404  0.00403  0.51   73018     294   72872  3707292  50.77
1870-1879       19      0.00416  0.00415  0.51   72724     302   72575  3634420  49.98
1870-1879       20      0.00423  0.00422  0.50   72422     305   72270  3561845  49.18
1870-1879       21      0.00427  0.00426  0.50   72117     307   71964  3489575  48.39
1870-1879       22      0.00433  0.00433  0.50   71809     311   71655  3417611  47.59
1870-1879       23      0.00437  0.00436  0.50   71499     312   71343  3345956  46.80
1870-1879       24      0.00440  0.00439  0.50   71187     312   71031  3274613  46.00
1870-1879       25      0.00444  0.00443  0.50   70874     314   70718  3203582  45.20
1870-1879       26      0.00450  0.00449  0.50   70560     317   70402  3132864  44.40
1870-1879       27      0.00459  0.00458  0.50   70243     321   70083  3062462  43.60
1870-1879       28      0.00469  0.00468  0.50   69922     327   69759  2992378  42.80
1870-1879       29      0.00479  0.00478  0.50   69595     333   69429  2922619  41.99
1870-1879       30      0.00486  0.00485  0.50   69262     336   69094  2853191  41.19
1870-1879       31      0.00490  0.00489  0.50   68926     337   68757  2784097  40.39
1870-1879       32      0.00505  0.00503  0.50   68589     345   68416  2715340  39.59
1870-1879       33      0.00508  0.00507  0.50   68243     346   68071  2646923  38.79
1870-1879       34      0.00525  0.00523  0.50   67898     355   67720  2578852  37.98
1870-1879       35      0.00536  0.00535  0.50   67542     361   67363  2511132  37.18
1870-1879       36      0.00552  0.00550  0.50   67181     370   66997  2443770  36.38
1870-1879       37      0.00561  0.00559  0.50   66811     374   66625  2376773  35.57
1870-1879       38      0.00626  0.00624  0.50   66438     414   66232  2310148  34.77
1870-1879       39      0.00661  0.00659  0.50   66023     435   65805  2243915  33.99
1870-1879       40      0.00660  0.00658  0.50   65588     432   65371  2178110  33.21
1870-1879       41      0.00620  0.00618  0.50   65156     403   64955  2112739  32.43
1870-1879       42      0.00725  0.00722  0.50   64754     468   64519  2047784  31.62
1870-1879       43      0.00684  0.00682  0.50   64286     438   64066  1983265  30.85
1870-1879       44      0.00698  0.00695  0.50   63848     444   63625  1919199  30.06
1870-1879       45      0.00719  0.00717  0.50   63404     454   63175  1855574  29.27
1870-1879       46      0.00725  0.00723  0.50   62950     455   62721  1792399  28.47
1870-1879       47      0.00777  0.00774  0.50   62495     484   62252  1729678  27.68
1870-1879       48      0.00836  0.00833  0.50   62011     516   61751  1667426  26.89
1870-1879       49      0.00858  0.00855  0.50   61495     526   61233  1605675  26.11
1870-1879       50      0.00895  0.00891  0.50   60969     543   60698  1544442  25.33
1870-1879       51      0.00879  0.00876  0.50   60426     529   60163  1483744  24.55
1870-1879       52      0.01031  0.01026  0.50   59897     614   59590  1423581  23.77
1870-1879       53      0.01064  0.01059  0.50   59282     628   58970  1363991  23.01
1870-1879       54      0.01162  0.01155  0.50   58655     677   58317  1305021  22.25
1870-1879       55      0.01118  0.01111  0.50   57977     644   57656  1246704  21.50
1870-1879       56      0.01297  0.01288  0.50   57333     739   56965  1189048  20.74
1870-1879       57      0.01351  0.01342  0.50   56594     759   56216  1132083  20.00
1870-1879       58      0.01529  0.01517  0.50   55835     847   55412  1075867  19.27
1870-1879       59      0.01596  0.01584  0.50   54988     871   54553  1020454  18.56
1870-1879       60      0.01709  0.01694  0.50   54117     917   53663   965901  17.85
1870-1879       61      0.01745  0.01730  0.50   53200     920   52742   912238  17.15
1870-1879       62      0.02058  0.02038  0.50   52280    1065   51749   859496  16.44
1870-1879       63      0.02239  0.02214  0.50   51215    1134   50650   807747  15.77
1870-1879       64      0.02412  0.02383  0.50   50081    1193   49486   757097  15.12
1870-1879       65      0.02579  0.02547  0.50   48887    1245   48268   707611  14.47
1870-1879       66      0.02607  0.02573  0.50   47642    1226   47033   659342  13.84
1870-1879       67      0.02944  0.02902  0.50   46416    1347   45747   612310  13.19
1870-1879       68      0.03189  0.03139  0.50   45069    1415   44366   566563  12.57
1870-1879       69      0.03493  0.03433  0.50   43655    1499   42910   522197  11.96
1870-1879       70      0.03801  0.03730  0.50   42156    1572   41374   479287  11.37
1870-1879       71      0.03880  0.03807  0.50   40583    1545   39818   437913  10.79
1870-1879       72      0.04633  0.04529  0.50   39038    1768   38161   398094  10.20
1870-1879       73      0.05161  0.05032  0.50   37270    1875   36339   359933   9.66
1870-1879       74      0.05707  0.05550  0.50   35395    1964   34421   323594   9.14
1870-1879       75      0.06218  0.06032  0.50   33431    2016   32432   289173   8.65
1870-1879       76      0.06912  0.06683  0.50   31414    2100   30374   256741   8.17
1870-1879       77      0.07336  0.07078  0.50   29315    2075   28285   226367   7.72
1870-1879       78      0.08357  0.08024  0.50   27240    2186   26157   198082   7.27
1870-1879       79      0.09257  0.08850  0.50   25054    2217   23954   171925   6.86
1870-1879       80      0.09891  0.09428  0.50   22836    2153   21768   147971   6.48
1870-1879       81      0.10438  0.09924  0.50   20683    2053   19665   126203   6.10
1870-1879       82      0.11852  0.11195  0.50   18631    2086   17597   106538   5.72
1870-1879       83      0.13081  0.12285  0.50   16545    2033   15538    88941   5.38
1870-1879       84      0.14626  0.13636  0.50   14512    1979   13531    73402   5.06
1870-1879       85      0.15697  0.14559  0.50   12534    1825   11625    59872   4.78
1870-1879       86      0.17169  0.15818  0.50   10709    1694    9866    48247   4.51
1870-1879       87      0.18439  0.16891  0.50    9015    1523    8258    38381   4.26
1870-1879       88      0.19598  0.17860  0.50    7492    1338    6828    30123   4.02
1870-1879       89      0.21340  0.19293  0.50    6154    1187    5564    23295   3.79
1870-1879       90      0.22921  0.20567  0.50    4967    1022    4457    17732   3.57
1870-1879       91      0.24153  0.21553  0.50    3945     850    3521    13275   3.36
1870-1879       92      0.26663  0.23536  0.50    3095     728    2732     9754   3.15
1870-1879       93      0.28758  0.25150  0.50    2367     595    2070     7022   2.97
1870-1879       94      0.30760  0.26678  0.50    1771     473    1536     4953   2.80
1870-1879       95      0.33432  0.28635  0.50    1299     372    1112     3416   2.63
1870-1879       96      0.36006  0.30503  0.50     927     283     785     2304   2.49
1870-1879       97      0.38025  0.31931  0.50     644     206     541     1519   2.36
1870-1879       98      0.40780  0.33845  0.50     438     148     364      978   2.23
1870-1879       99      0.42423  0.34980  0.50     290     101     239      614   2.12
1870-1879      100      0.45761  0.37139  0.49     189      70     153      375   1.99
1870-1879      101      0.50548  0.40196  0.49     119      48      94      222   1.87
1870-1879      102      0.51676  0.40922  0.49      71      29      56      127   1.80
1870-1879      103      0.53270  0.41930  0.49      42      18      33       71   1.70
1870-1879      104      0.57852  0.44621  0.49      24      11      19       38   1.57
1870-1879      105      0.65919  0.49416  0.49      13       7      10       20   1.45
1870-1879      106      0.63245  0.47842  0.49       7       3       5        9   1.38
1870-1879      107      0.72656  0.53116  0.49       4       2       3        4   1.20
1870-1879      108      0.99825  0.66569  0.50       2       1       1        2   1.00
1870-1879      109      0.92986  0.63100  0.49       1       0       0        1   0.99
1870-1879      110+     1.17633  1.00000  0.85       0       0       0        0   0.85
1880-1889        0      0.14007  0.12779  0.31  100000   12779   91235  5408778  54.09
1880-1889        1      0.05332  0.05188  0.48   87221    4525   84851  5317544  60.97
1880-1889        2      0.02263  0.02237  0.50   82696    1850   81764  5232693  63.28
1880-1889        3      0.01453  0.01442  0.50   80846    1166   80260  5150929  63.71
1880-1889        4      0.01029  0.01024  0.50   79680     816   79269  5070670  63.64
1880-1889        5      0.00735  0.00732  0.50   78864     578   78575  4991401  63.29
1880-1889        6      0.00566  0.00564  0.50   78287     442   78067  4912826  62.75
1880-1889        7      0.00430  0.00429  0.50   77845     334   77678  4834759  62.11
1880-1889        8      0.00332  0.00331  0.50   77511     257   77382  4757081  61.37
1880-1889        9      0.00276  0.00275  0.50   77254     213   77148  4679699  60.58
1880-1889       10      0.00251  0.00251  0.51   77041     193   76946  4602551  59.74
1880-1889       11      0.00240  0.00240  0.51   76848     184   76757  4525605  58.89
1880-1889       12      0.00239  0.00238  0.51   76664     183   76573  4448848  58.03
1880-1889       13      0.00243  0.00243  0.50   76481     186   76389  4372275  57.17
1880-1889       14      0.00255  0.00255  0.51   76295     194   76199  4295886  56.31
1880-1889       15      0.00274  0.00274  0.51   76101     208   75998  4219686  55.45
1880-1889       16      0.00292  0.00291  0.51   75893     221   75784  4143688  54.60
1880-1889       17      0.00307  0.00307  0.51   75672     232   75557  4067905  53.76
1880-1889       18      0.00320  0.00319  0.51   75440     241   75321  3992348  52.92
1880-1889       19      0.00329  0.00328  0.50   75199     247   75077  3917027  52.09
1880-1889       20      0.00333  0.00333  0.50   74952     249   74828  3841950  51.26
1880-1889       21      0.00338  0.00337  0.50   74703     252   74578  3767122  50.43
1880-1889       22      0.00337  0.00336  0.50   74451     250   74326  3692545  49.60
1880-1889       23      0.00346  0.00345  0.50   74201     256   74073  3618219  48.76
1880-1889       24      0.00355  0.00354  0.50   73945     262   73814  3544146  47.93
1880-1889       25      0.00357  0.00356  0.50   73683     262   73552  3470331  47.10
1880-1889       26      0.00364  0.00363  0.50   73420     266   73288  3396779  46.26
1880-1889       27      0.00379  0.00378  0.50   73154     277   73016  3323491  45.43
1880-1889       28      0.00409  0.00408  0.51   72877     297   72732  3250475  44.60
1880-1889       29      0.00474  0.00473  0.50   72580     343   72407  3177743  43.78
1880-1889       30      0.00491  0.00490  0.50   72237     354   72058  3105336  42.99
1880-1889       31      0.00460  0.00459  0.50   71883     330   71716  3033278  42.20
1880-1889       32      0.00509  0.00508  0.50   71553     363   71369  2961562  41.39
1880-1889       33      0.00487  0.00486  0.49   71189     346   71014  2890193  40.60
1880-1889       34      0.00493  0.00491  0.49   70843     348   70667  2819178  39.79
1880-1889       35      0.00498  0.00497  0.50   70495     350   70318  2748511  38.99
1880-1889       36      0.00496  0.00495  0.50   70145     347   69970  2678193  38.18
1880-1889       37      0.00495  0.00494  0.50   69798     345   69624  2608223  37.37
1880-1889       38      0.00520  0.00518  0.49   69453     360   69270  2538599  36.55
1880-1889       39      0.00491  0.00490  0.50   69093     338   68924  2469329  35.74
1880-1889       40      0.00495  0.00494  0.50   68755     340   68585  2400405  34.91
1880-1889       41      0.00485  0.00483  0.50   68415     331   68250  2331820  34.08
1880-1889       42      0.00554  0.00553  0.50   68085     376   67896  2263570  33.25
1880-1889       43      0.00540  0.00539  0.50   67708     365   67526  2195674  32.43
1880-1889       44      0.00548  0.00547  0.50   67343     368   67159  2128147  31.60
1880-1889       45      0.00588  0.00586  0.50   66975     393   66779  2060988  30.77
1880-1889       46      0.00616  0.00614  0.50   66582     409   66378  1994210  29.95
1880-1889       47      0.00658  0.00656  0.50   66173     434   65957  1927831  29.13
1880-1889       48      0.00714  0.00712  0.50   65739     468   65505  1861875  28.32
1880-1889       49      0.00760  0.00757  0.50   65271     494   65024  1796369  27.52
1880-1889       50      0.00793  0.00790  0.50   64777     512   64522  1731345  26.73
1880-1889       51      0.00777  0.00774  0.50   64265     498   64017  1666823  25.94
1880-1889       52      0.00921  0.00917  0.50   63768     585   63475  1602806  25.14
1880-1889       53      0.00932  0.00928  0.50   63183     586   62890  1539331  24.36
1880-1889       54      0.00998  0.00993  0.50   62597     621   62286  1476441  23.59
1880-1889       55      0.00972  0.00967  0.50   61976     599   61676  1414155  22.82
1880-1889       56      0.01081  0.01075  0.50   61376     660   61046  1352479  22.04
1880-1889       57      0.01123  0.01117  0.50   60716     678   60377  1291433  21.27
1880-1889       58      0.01252  0.01244  0.50   60038     747   59665  1231055  20.50
1880-1889       59      0.01340  0.01331  0.50   59291     789   58896  1171391  19.76
1880-1889       60      0.01393  0.01384  0.50   58502     810   58097  1112494  19.02
1880-1889       61      0.01400  0.01390  0.50   57692     802   57292  1054398  18.28
1880-1889       62      0.01649  0.01636  0.50   56890     931   56426   997105  17.53
1880-1889       63      0.01792  0.01776  0.50   55960     994   55463   940680  16.81
1880-1889       64      0.01917  0.01899  0.50   54966    1044   54444   885217  16.10
1880-1889       65      0.02072  0.02051  0.50   53922    1106   53371   830772  15.41
1880-1889       66      0.02186  0.02162  0.50   52816    1142   52248   777401  14.72
1880-1889       67      0.02491  0.02460  0.50   51674    1271   51040   725154  14.03
1880-1889       68      0.02746  0.02709  0.50   50403    1365   49723   674113  13.37
1880-1889       69      0.03083  0.03036  0.50   49037    1489   48295   624391  12.73
1880-1889       70      0.03307  0.03253  0.50   47548    1547   46778   576096  12.12
1880-1889       71      0.03506  0.03446  0.50   46002    1585   45211   529319  11.51
1880-1889       72      0.04054  0.03973  0.50   44416    1765   43538   484107  10.90
1880-1889       73      0.04564  0.04463  0.50   42652    1903   41704   440569  10.33
1880-1889       74      0.05077  0.04952  0.50   40748    2018   39743   398865   9.79
1880-1889       75      0.05505  0.05358  0.50   38730    2075   37698   359122   9.27
1880-1889       76      0.06094  0.05915  0.50   36655    2168   35577   321424   8.77
1880-1889       77      0.06539  0.06333  0.50   34487    2184   33400   285847   8.29
1880-1889       78      0.07339  0.07081  0.50   32303    2287   31166   252447   7.82
1880-1889       79      0.08020  0.07712  0.50   30016    2315   28864   221282   7.37
1880-1889       80      0.08813  0.08443  0.50   27701    2339   26538   192418   6.95
1880-1889       81      0.09452  0.09027  0.50   25362    2289   24222   165880   6.54
1880-1889       82      0.10596  0.10066  0.50   23073    2322   21918   141658   6.14
1880-1889       83      0.11649  0.11011  0.50   20750    2285   19613   119741   5.77
1880-1889       84      0.12794  0.12029  0.50   18465    2221   17361   100127   5.42
1880-1889       85      0.13900  0.13000  0.50   16244    2112   15192    82766   5.10
1880-1889       86      0.15507  0.14395  0.50   14133    2034   13119    67574   4.78
1880-1889       87      0.16697  0.15413  0.50   12098    1865   11168    54455   4.50
1880-1889       88      0.18081  0.16585  0.50   10234    1697    9387    43287   4.23
1880-1889       89      0.19715  0.17951  0.50    8536    1532    7773    33901   3.97
1880-1889       90      0.21606  0.19495  0.50    7004    1365    6319    26128   3.73
1880-1889       91      0.23193  0.20779  0.50    5639    1172    5052    19809   3.51
1880-1889       92      0.25431  0.22553  0.50    4467    1007    3962    14757   3.30
1880-1889       93      0.27438  0.24119  0.50    3459     834    3041    10796   3.12
1880-1889       94      0.29311  0.25551  0.50    2625     671    2288     7754   2.95
1880-1889       95      0.31360  0.27077  0.50    1954     529    1687     5466   2.80
1880-1889       96      0.33814  0.28882  0.50    1425     412    1217     3779   2.65
1880-1889       97      0.35290  0.29956  0.50    1014     304     860     2561   2.53
1880-1889       98      0.37168  0.31303  0.50     710     222     598     1701   2.40
1880-1889       99      0.38741  0.32422  0.50     488     158     408     1103   2.26
1880-1889      100      0.43797  0.35776  0.49     330     118     269      695   2.11
1880-1889      101      0.46064  0.37282  0.49     212      79     171      426   2.01
1880-1889      102      0.48141  0.38639  0.49     133      51     107      254   1.92
1880-1889      103      0.49755  0.39686  0.49      81      32      65      148   1.82
1880-1889      104      0.56091  0.43633  0.49      49      21      38       83   1.69
1880-1889      105      0.59738  0.45788  0.49      28      13      21       45   1.61
1880-1889      106      0.60296  0.46154  0.49      15       7      11       23   1.56
1880-1889      107      0.59439  0.45636  0.49       8       4       6       12   1.48
1880-1889      108      0.75203  0.54284  0.49       4       2       3        6   1.32
1880-1889      109      0.84123  0.58773  0.49       2       1       1        3   1.30
1880-1889      110+     0.68672  1.00000  1.46       1       1       1        1   1.46
1890-1899        0      0.15294  0.13842  0.31  100000   13842   90506  5555814  55.56
1890-1899        1      0.04962  0.04836  0.47   86158    4166   83960  5465308  63.43
1890-1899        2      0.01940  0.01921  0.50   81992    1575   81198  5381348  65.63
1890-1899        3      0.01253  0.01245  0.49   80416    1001   79911  5300150  65.91
1890-1899        4      0.00879  0.00875  0.50   79415     695   79065  5220240  65.73
1890-1899        5      0.00624  0.00622  0.50   78720     490   78475  5141175  65.31
1890-1899        6      0.00474  0.00473  0.50   78231     370   78046  5062699  64.72
1890-1899        7      0.00363  0.00362  0.50   77861     282   77720  4984654  64.02
1890-1899        8      0.00285  0.00285  0.50   77579     221   77469  4906934  63.25
1890-1899        9      0.00238  0.00238  0.50   77358     184   77266  4829465  62.43
1890-1899       10      0.00217  0.00217  0.50   77174     168   77091  4752199  61.58
1890-1899       11      0.00206  0.00206  0.51   77006     159   76928  4675108  60.71
1890-1899       12      0.00203  0.00202  0.50   76848     156   76770  4598181  59.84
1890-1899       13      0.00213  0.00213  0.51   76692     163   76611  4521410  58.96
1890-1899       14      0.00230  0.00230  0.51   76529     176   76442  4444799  58.08
1890-1899       15      0.00244  0.00244  0.51   76353     186   76261  4368357  57.21
1890-1899       16      0.00267  0.00266  0.51   76167     203   76067  4292095  56.35
1890-1899       17      0.00283  0.00283  0.51   75964     215   75858  4216028  55.50
1890-1899       18      0.00300  0.00300  0.51   75749     227   75638  4140170  54.66
1890-1899       19      0.00345  0.00344  0.50   75522     260   75392  4064532  53.82
1890-1899       20      0.00351  0.00351  0.50   75262     264   75129  3989140  53.00
1890-1899       21      0.00383  0.00382  0.50   74998     286   74854  3914011  52.19
1890-1899       22      0.00380  0.00380  0.50   74712     284   74569  3839157  51.39
1890-1899       23      0.00397  0.00396  0.50   74428     295   74279  3764588  50.58
1890-1899       24      0.00412  0.00412  0.50   74133     305   73979  3690309  49.78
1890-1899       25      0.00421  0.00420  0.49   73828     310   73671  3616329  48.98
1890-1899       26      0.00429  0.00428  0.49   73518     315   73359  3542658  48.19
1890-1899       27      0.00434  0.00433  0.49   73203     317   73042  3469300  47.39
1890-1899       28      0.00419  0.00418  0.48   72886     305   72729  3396257  46.60
1890-1899       29      0.00358  0.00358  0.50   72581     260   72451  3323529  45.79
1890-1899       30      0.00354  0.00354  0.50   72321     256   72193  3251078  44.95
1890-1899       31      0.00339  0.00338  0.50   72066     244   71944  3178884  44.11
1890-1899       32      0.00361  0.00361  0.50   71822     259   71693  3106941  43.26
1890-1899       33      0.00348  0.00348  0.50   71563     249   71439  3035248  42.41
1890-1899       34      0.00365  0.00364  0.50   71314     260   71184  2963809  41.56
1890-1899       35      0.00367  0.00367  0.50   71055     261   70925  2892625  40.71
1890-1899       36      0.00380  0.00379  0.50   70794     268   70660  2821700  39.86
1890-1899       37      0.00375  0.00374  0.50   70526     264   70394  2751040  39.01
1890-1899       38      0.00408  0.00407  0.50   70262     286   70119  2680646  38.15
1890-1899       39      0.00405  0.00405  0.50   69976     283   69834  2610527  37.31
1890-1899       40      0.00418  0.00417  0.50   69693     291   69548  2540693  36.46
1890-1899       41      0.00407  0.00406  0.50   69402     282   69261  2471145  35.61
1890-1899       42      0.00469  0.00468  0.50   69120     323   68959  2401884  34.75
1890-1899       43      0.00449  0.00448  0.50   68797     308   68643  2332926  33.91
1890-1899       44      0.00459  0.00458  0.50   68489     314   68332  2264283  33.06
1890-1899       45      0.00490  0.00488  0.50   68175     333   68009  2195951  32.21
1890-1899       46      0.00517  0.00516  0.50   67842     350   67667  2127942  31.37
1890-1899       47      0.00541  0.00540  0.50   67493     364   67310  2060275  30.53
1890-1899       48      0.00573  0.00571  0.50   67128     383   66936  1992965  29.69
1890-1899       49      0.00619  0.00617  0.50   66745     412   66538  1926029  28.86
1890-1899       50      0.00629  0.00627  0.50   66333     416   66124  1859491  28.03
1890-1899       51      0.00620  0.00618  0.50   65917     407   65713  1793367  27.21
1890-1899       52      0.00693  0.00690  0.50   65510     452   65283  1727654  26.37
1890-1899       53      0.00717  0.00714  0.50   65057     465   64824  1662371  25.55
1890-1899       54      0.00767  0.00764  0.50   64593     493   64345  1597547  24.73
1890-1899       55      0.00766  0.00764  0.50   64099     489   63854  1533202  23.92
1890-1899       56      0.00866  0.00863  0.50   63610     549   63335  1469348  23.10
1890-1899       57      0.00910  0.00906  0.50   63061     571   62775  1406013  22.30
1890-1899       58      0.01011  0.01006  0.50   62490     629   62175  1343239  21.50
1890-1899       59      0.01091  0.01085  0.50   61861     671   61524  1281064  20.71
1890-1899       60      0.01168  0.01161  0.50   61190     710   60835  1219539  19.93
1890-1899       61      0.01218  0.01211  0.50   60480     732   60113  1158704  19.16
1890-1899       62      0.01407  0.01398  0.50   59748     835   59330  1098591  18.39
1890-1899       63      0.01557  0.01545  0.50   58913     910   58457  1039261  17.64
1890-1899       64      0.01688  0.01674  0.50   58003     971   57517   980803  16.91
1890-1899       65      0.01837  0.01821  0.50   57032    1038   56513   923287  16.19
1890-1899       66      0.01955  0.01936  0.50   55993    1084   55452   866773  15.48
1890-1899       67      0.02229  0.02205  0.50   54909    1211   54304   811321  14.78
1890-1899       68      0.02461  0.02431  0.50   53699    1306   53047   757017  14.10
1890-1899       69      0.02715  0.02679  0.50   52393    1403   51693   703970  13.44
1890-1899       70      0.03003  0.02959  0.50   50990    1509   50238   652277  12.79
1890-1899       71      0.03212  0.03162  0.50   49481    1564   48701   602039  12.17
1890-1899       72      0.03697  0.03631  0.50   47917    1740   47049   553338  11.55
1890-1899       73      0.04067  0.03986  0.50   46177    1840   45258   506289  10.96
1890-1899       74      0.04501  0.04402  0.50   44337    1952   43363   461030  10.40
1890-1899       75      0.04911  0.04794  0.50   42385    2032   41373   417667   9.85
1890-1899       76      0.05485  0.05339  0.50   40353    2154   39280   376294   9.33
1890-1899       77      0.05919  0.05750  0.50   38198    2196   37106   337014   8.82
1890-1899       78      0.06546  0.06339  0.50   36002    2282   34864   299908   8.33
1890-1899       79      0.07248  0.06996  0.50   33720    2359   32545   265044   7.86
1890-1899       80      0.07983  0.07677  0.50   31361    2408   30161   232499   7.41
1890-1899       81      0.08684  0.08324  0.50   28953    2410   27753   202338   6.99
1890-1899       82      0.09655  0.09212  0.50   26543    2445   25324   174586   6.58
1890-1899       83      0.10594  0.10062  0.50   24098    2425   22888   149262   6.19
1890-1899       84      0.11644  0.11004  0.50   21673    2385   20483   126374   5.83
1890-1899       85      0.12674  0.11918  0.50   19288    2299   18139   105891   5.49
1890-1899       86      0.13905  0.13000  0.50   16989    2209   15884    87752   5.17
1890-1899       87      0.14892  0.13859  0.50   14781    2049   13756    71868   4.86
1890-1899       88      0.16132  0.14927  0.50   12732    1901   11781    58112   4.56
1890-1899       89      0.17794  0.16341  0.50   10832    1770    9947    46331   4.28
1890-1899       90      0.19337  0.17623  0.50    9062    1597    8259    36384   4.02
1890-1899       91      0.20778  0.18814  0.50    7465    1404    6759    28125   3.77
1890-1899       92      0.22799  0.20455  0.50    6060    1240    5437    21366   3.53
1890-1899       93      0.24840  0.22088  0.50    4821    1065    4287    15928   3.30
1890-1899       94      0.26714  0.23554  0.50    3756     885    3312    11642   3.10
1890-1899       95      0.28991  0.25287  0.49    2871     726    2504     8330   2.90
1890-1899       96      0.31897  0.27470  0.49    2145     589    1847     5826   2.72
1890-1899       97      0.34015  0.29030  0.50    1556     452    1328     3978   2.56
1890-1899       98      0.35880  0.30376  0.49    1104     335     935     2651   2.40
1890-1899       99      0.39593  0.32988  0.49     769     254     641     1716   2.23
1890-1899      100      0.43151  0.35339  0.49     515     182     422     1075   2.09
1890-1899      101      0.46383  0.37478  0.49     333     125     269      653   1.96
1890-1899      102      0.49750  0.39659  0.49     208      83     166      384   1.84
1890-1899      103      0.53286  0.41863  0.49     126      53      99      218   1.74
1890-1899      104      0.58145  0.44760  0.49      73      33      56      119   1.63
1890-1899      105      0.59431  0.45556  0.49      40      18      31       63   1.56
1890-1899      106      0.66134  0.49349  0.49      22      11      16       32   1.47
1890-1899      107      0.64798  0.48459  0.48      11       5       8       16   1.42
1890-1899      108      0.64013  0.48064  0.48       6       3       4        7   1.30
1890-1899      109      0.96284  0.64523  0.49       3       2       2        3   1.06
1890-1899      110+     0.90346  1.00000  1.11       1       1       1        1   1.11
1900-1909        0      0.12711  0.11692  0.31  100000   11692   91981  6014723  60.15
1900-1909        1      0.03727  0.03655  0.47   88308    3228   86613  5922743  67.07
1900-1909        2      0.01459  0.01448  0.50   85080    1232   84458  5836130  68.60
1900-1909        3      0.00912  0.00908  0.50   83848     761   83464  5751671  68.60
1900-1909        4      0.00660  0.00658  0.50   83087     546   82811  5668207  68.22
1900-1909        5      0.00519  0.00517  0.50   82541     427   82328  5585396  67.67
1900-1909        6      0.00391  0.00390  0.50   82114     320   81953  5503068  67.02
1900-1909        7      0.00304  0.00303  0.50   81793     248   81669  5421115  66.28
1900-1909        8      0.00253  0.00253  0.50   81545     206   81443  5339445  65.48
1900-1909        9      0.00237  0.00236  0.50   81339     192   81242  5258002  64.64
1900-1909       10      0.00226  0.00225  0.50   81147     183   81056  5176760  63.79
1900-1909       11      0.00213  0.00213  0.50   80964     172   80878  5095704  62.94
1900-1909       12      0.00216  0.00216  0.50   80792     174   80705  5014826  62.07
1900-1909       13      0.00234  0.00234  0.50   80618     189   80523  4934121  61.20
1900-1909       14      0.00258  0.00258  0.50   80429     207   80325  4853598  60.35
1900-1909       15      0.00279  0.00279  0.50   80222     224   80109  4773273  59.50
1900-1909       16      0.00296  0.00295  0.50   79998     236   79879  4693164  58.67
1900-1909       17      0.00300  0.00300  0.50   79762     239   79641  4613285  57.84
1900-1909       18      0.00299  0.00299  0.49   79522     238   79402  4533644  57.01
1900-1909       19      0.00283  0.00283  0.50   79285     224   79173  4454242  56.18
1900-1909       20      0.00287  0.00286  0.50   79061     226   78948  4375069  55.34
1900-1909       21      0.00292  0.00292  0.50   78834     230   78720  4296121  54.50
1900-1909       22      0.00295  0.00295  0.50   78604     232   78488  4217401  53.65
1900-1909       23      0.00299  0.00299  0.50   78372     234   78256  4138913  52.81
1900-1909       24      0.00306  0.00306  0.50   78138     239   78019  4060657  51.97
1900-1909       25      0.00301  0.00300  0.50   77899     234   77782  3982638  51.13
1900-1909       26      0.00296  0.00296  0.50   77665     230   77550  3904856  50.28
1900-1909       27      0.00298  0.00298  0.50   77436     231   77320  3827305  49.43
1900-1909       28      0.00299  0.00298  0.50   77205     230   77089  3749985  48.57
1900-1909       29      0.00299  0.00299  0.50   76975     230   76859  3672896  47.72
1900-1909       30      0.00288  0.00288  0.50   76745     221   76634  3596036  46.86
1900-1909       31      0.00279  0.00278  0.50   76524     213   76417  3519402  45.99
1900-1909       32      0.00292  0.00292  0.50   76311     223   76199  3442985  45.12
1900-1909       33      0.00286  0.00285  0.50   76088     217   75979  3366786  44.25
1900-1909       34      0.00286  0.00286  0.50   75871     217   75762  3290807  43.37
1900-1909       35      0.00289  0.00289  0.50   75654     219   75545  3215045  42.50
1900-1909       36      0.00291  0.00291  0.50   75436     220   75325  3139500  41.62
1900-1909       37      0.00289  0.00288  0.50   75216     217   75107  3064175  40.74
1900-1909       38      0.00297  0.00296  0.50   74999     222   74888  2989068  39.85
1900-1909       39      0.00301  0.00300  0.50   74777     225   74664  2914180  38.97
1900-1909       40      0.00296  0.00296  0.49   74552     221   74441  2839516  38.09
1900-1909       41      0.00292  0.00292  0.50   74332     217   74222  2765075  37.20
1900-1909       42      0.00319  0.00319  0.50   74115     236   73996  2690853  36.31
1900-1909       43      0.00322  0.00321  0.50   73878     237   73759  2616857  35.42
1900-1909       44      0.00331  0.00331  0.50   73641     243   73519  2543099  34.53
1900-1909       45      0.00348  0.00347  0.50   73398     255   73269  2469580  33.65
1900-1909       46      0.00370  0.00369  0.50   73143     270   73007  2396311  32.76
1900-1909       47      0.00396  0.00395  0.50   72873     288   72727  2323304  31.88
1900-1909       48      0.00432  0.00431  0.50   72585     313   72427  2250577  31.01
1900-1909       49      0.00461  0.00460  0.50   72272     332   72104  2178149  30.14
1900-1909       50      0.00485  0.00483  0.50   71939     348   71765  2106045  29.28
1900-1909       51      0.00497  0.00495  0.50   71592     355   71413  2034280  28.42
1900-1909       52      0.00558  0.00556  0.50   71237     396   71038  1962867  27.55
1900-1909       53      0.00597  0.00595  0.50   70841     421   70629  1891830  26.71
1900-1909       54      0.00648  0.00646  0.50   70419     455   70191  1821201  25.86
1900-1909       55      0.00664  0.00662  0.50   69964     463   69732  1751010  25.03
1900-1909       56      0.00745  0.00742  0.50   69501     516   69242  1681278  24.19
1900-1909       57      0.00805  0.00802  0.50   68985     553   68707  1612036  23.37
1900-1909       58      0.00895  0.00891  0.50   68433     610   68126  1543328  22.55
1900-1909       59      0.00969  0.00965  0.50   67823     654   67494  1475202  21.75
1900-1909       60      0.01062  0.01056  0.50   67168     709   66813  1407708  20.96
1900-1909       61      0.01136  0.01129  0.50   66459     750   66083  1340894  20.18
1900-1909       62      0.01282  0.01274  0.50   65709     837   65289  1274811  19.40
1900-1909       63      0.01405  0.01395  0.50   64872     905   64418  1209523  18.64
1900-1909       64      0.01521  0.01510  0.50   63967     966   63483  1145105  17.90
1900-1909       65      0.01673  0.01659  0.50   63001    1045   62478  1081623  17.17
1900-1909       66      0.01813  0.01797  0.50   61956    1113   61399  1019144  16.45
1900-1909       67      0.02032  0.02012  0.50   60843    1224   60231   957745  15.74
1900-1909       68      0.02212  0.02187  0.50   59619    1304   58966   897515  15.05
1900-1909       69      0.02444  0.02415  0.50   58315    1408   57609   838548  14.38
1900-1909       70      0.02669  0.02633  0.50   56906    1499   56157   780939  13.72
1900-1909       71      0.02900  0.02859  0.50   55408    1584   54616   724783  13.08
1900-1909       72      0.03244  0.03193  0.50   53824    1718   52963   670167  12.45
1900-1909       73      0.03541  0.03479  0.50   52106    1813   51198   617204  11.85
1900-1909       74      0.03914  0.03839  0.50   50293    1931   49325   566006  11.25
1900-1909       75      0.04274  0.04185  0.50   48362    2024   47351   516680  10.68
1900-1909       76      0.04693  0.04586  0.50   46338    2125   45275   469329  10.13
1900-1909       77      0.05098  0.04971  0.50   44213    2198   43114   424054   9.59
1900-1909       78      0.05588  0.05436  0.50   42016    2284   40873   380941   9.07
1900-1909       79      0.06149  0.05966  0.50   39732    2370   38545   340068   8.56
1900-1909       80      0.06811  0.06586  0.50   37361    2461   36130   301523   8.07
1900-1909       81      0.07445  0.07178  0.50   34901    2505   33647   265393   7.60
1900-1909       82      0.08191  0.07869  0.50   32396    2549   31119   231746   7.15
1900-1909       83      0.08977  0.08591  0.50   29847    2564   28564   200627   6.72
1900-1909       84      0.09864  0.09400  0.50   27282    2565   25999   172063   6.31
1900-1909       85      0.10828  0.10270  0.50   24718    2538   23443   146064   5.91
1900-1909       86      0.11952  0.11276  0.50   22179    2501   20924   122621   5.53
1900-1909       87      0.13118  0.12308  0.50   19678    2422   18463   101697   5.17
1900-1909       88      0.14405  0.13434  0.50   17256    2318   16094    83233   4.82
1900-1909       89      0.15923  0.14745  0.50   14938    2203   13833    67139   4.49
1900-1909       90      0.17636  0.16197  0.50   12736    2063   11696    53306   4.19
1900-1909       91      0.19378  0.17653  0.50   10673    1884    9723    41610   3.90
1900-1909       92      0.21377  0.19300  0.50    8789    1696    7935    31887   3.63
1900-1909       93      0.23812  0.21262  0.50    7093    1508    6333    23953   3.38
1900-1909       94      0.26064  0.23040  0.50    5584    1287    4937    17620   3.16
1900-1909       95      0.28398  0.24823  0.49    4298    1067    3757    12683   2.95
1900-1909       96      0.30917  0.26724  0.49    3231     863    2793     8926   2.76
1900-1909       97      0.33301  0.28489  0.49    2368     674    2025     6133   2.59
1900-1909       98      0.36247  0.30628  0.49    1693     519    1431     4108   2.43
1900-1909       99      0.38574  0.32262  0.49    1175     379     982     2677   2.28
1900-1909      100      0.41775  0.34400  0.49     796     274     655     1695   2.13
1900-1909      101      0.45530  0.36906  0.49     522     193     423     1040   1.99
1900-1909      102      0.49032  0.39167  0.49     329     129     263      617   1.87
1900-1909      103      0.53311  0.41854  0.49     200      84     157      354   1.77
1900-1909      104      0.54660  0.42693  0.49     116      50      91      197   1.69
1900-1909      105      0.60697  0.46253  0.49      67      31      51      106   1.58
1900-1909      106      0.59696  0.45668  0.49      36      16      27       55   1.53
1900-1909      107      0.64257  0.48320  0.49      19       9      15       27   1.41
1900-1909      108      0.74820  0.53870  0.48      10       5       7       13   1.26
1900-1909      109      0.71971  0.52185  0.47       5       2       3        5   1.18
1900-1909      110+     1.04775  1.00000  0.95       2       2       2        2   0.95
1910-1919        0      0.09598  0.09005  0.31  100000    9005   93824  6452461  64.52
1910-1919        1      0.02975  0.02929  0.47   90995    2665   89578  6358637  69.88
1910-1919        2      0.01295  0.01287  0.49   88330    1137   87751  6269059  70.97
1910-1919        3      0.00835  0.00831  0.49   87193     725   86823  6181308  70.89
1910-1919        4      0.00607  0.00605  0.49   86469     523   86200  6094486  70.48
1910-1919        5      0.00488  0.00487  0.49   85946     418   85732  6008285  69.91
1910-1919        6      0.00348  0.00348  0.49   85527     297   85376  5922553  69.25
1910-1919        7      0.00273  0.00273  0.49   85230     233   85112  5837177  68.49
1910-1919        8      0.00220  0.00220  0.49   84997     187   84901  5752066  67.67
1910-1919        9      0.00174  0.00174  0.50   84811     147   84736  5667164  66.82
1910-1919       10      0.00155  0.00155  0.50   84663     131   84598  5582428  65.94
1910-1919       11      0.00146  0.00146  0.50   84532     123   84471  5497830  65.04
1910-1919       12      0.00150  0.00150  0.50   84409     127   84346  5413359  64.13
1910-1919       13      0.00158  0.00158  0.50   84282     133   84216  5329013  63.23
1910-1919       14      0.00171  0.00171  0.50   84149     144   84078  5244796  62.33
1910-1919       15      0.00192  0.00192  0.50   84005     161   83925  5160719  61.43
1910-1919       16      0.00212  0.00212  0.50   83844     178   83756  5076794  60.55
1910-1919       17      0.00220  0.00220  0.50   83666     184   83575  4993038  59.68
1910-1919       18      0.00232  0.00232  0.50   83483     194   83386  4909463  58.81
1910-1919       19      0.00243  0.00242  0.50   83289     202   83188  4826077  57.94
1910-1919       20      0.00244  0.00244  0.50   83087     203   82986  4742888  57.08
1910-1919       21      0.00261  0.00261  0.50   82884     216   82777  4659902  56.22
1910-1919       22      0.00257  0.00257  0.50   82668     212   82562  4577126  55.37
1910-1919       23      0.00258  0.00258  0.50   82456     212   82350  4494564  54.51
1910-1919       24      0.00255  0.00255  0.50   82243     210   82139  4412214  53.65
1910-1919       25      0.00254  0.00253  0.50   82034     208   81930  4330076  52.78
1910-1919       26      0.00246  0.00246  0.50   81826     201   81725  4248146  51.92
1910-1919       27      0.00236  0.00236  0.50   81625     192   81528  4166421  51.04
1910-1919       28      0.00231  0.00231  0.50   81432     188   81338  4084893  50.16
1910-1919       29      0.00228  0.00227  0.50   81244     185   81152  4003555  49.28
1910-1919       30      0.00222  0.00221  0.49   81060     180   80969  3922403  48.39
1910-1919       31      0.00200  0.00199  0.49   80880     161   80799  3841434  47.50
1910-1919       32      0.00197  0.00196  0.49   80719     159   80639  3760635  46.59
1910-1919       33      0.00187  0.00187  0.49   80560     150   80484  3679997  45.68
1910-1919       34      0.00184  0.00184  0.49   80410     148   80335  3599512  44.76
1910-1919       35      0.00179  0.00179  0.49   80262     144   80190  3519177  43.85
1910-1919       36      0.00177  0.00177  0.49   80119     142   80047  3438988  42.92
1910-1919       37      0.00177  0.00177  0.49   79977     141   79905  3358941  42.00
1910-1919       38      0.00184  0.00183  0.50   79835     146   79761  3279036  41.07
1910-1919       39      0.00192  0.00191  0.50   79689     153   79612  3199275  40.15
1910-1919       40      0.00198  0.00198  0.50   79536     158   79457  3119663  39.22
1910-1919       41      0.00205  0.00205  0.50   79379     162   79297  3040206  38.30
1910-1919       42      0.00231  0.00230  0.50   79216     182   79124  2960909  37.38
1910-1919       43      0.00245  0.00245  0.50   79034     193   78937  2881785  36.46
1910-1919       44      0.00263  0.00263  0.50   78840     207   78736  2802848  35.55
1910-1919       45      0.00285  0.00284  0.50   78633     224   78521  2724112  34.64
1910-1919       46      0.00315  0.00314  0.50   78409     246   78286  2645591  33.74
1910-1919       47      0.00347  0.00347  0.50   78163     271   78027  2567306  32.85
1910-1919       48      0.00367  0.00366  0.50   77892     285   77749  2489279  31.96
1910-1919       49      0.00413  0.00412  0.50   77607     320   77446  2411530  31.07
1910-1919       50      0.00446  0.00445  0.50   77287     344   77114  2334084  30.20
1910-1919       51      0.00469  0.00468  0.50   76943     360   76762  2256969  29.33
1910-1919       52      0.00529  0.00528  0.50   76583     404   76380  2180207  28.47
1910-1919       53      0.00568  0.00566  0.50   76179     431   75963  2103827  27.62
1910-1919       54      0.00616  0.00615  0.50   75748     465   75514  2027864  26.77
1910-1919       55      0.00655  0.00653  0.50   75282     491   75036  1952350  25.93
1910-1919       56      0.00720  0.00718  0.50   74791     537   74521  1877314  25.10
1910-1919       57      0.00786  0.00783  0.50   74254     581   73962  1802793  24.28
1910-1919       58      0.00860  0.00857  0.50   73673     631   73355  1728830  23.47
1910-1919       59      0.00926  0.00922  0.50   73041     673   72703  1655475  22.66
1910-1919       60      0.01015  0.01010  0.50   72368     731   72002  1582772  21.87
1910-1919       61      0.01096  0.01090  0.50   71637     781   71246  1510770  21.09
1910-1919       62      0.01201  0.01194  0.50   70856     846   70432  1439525  20.32
1910-1919       63      0.01295  0.01287  0.50   70010     901   69558  1369092  19.56
1910-1919       64      0.01437  0.01426  0.50   69109     986   68614  1299534  18.80
1910-1919       65      0.01535  0.01523  0.50   68123    1038   67604  1230920  18.07
1910-1919       66      0.01680  0.01666  0.50   67086    1118   66526  1163316  17.34
1910-1919       67      0.01847  0.01830  0.50   65968    1208   65363  1096790  16.63
1910-1919       68      0.01979  0.01960  0.50   64761    1269   64124  1031427  15.93
1910-1919       69      0.02170  0.02147  0.50   63492    1363   62808   967303  15.24
1910-1919       70      0.02387  0.02359  0.50   62129    1465   61394   904495  14.56
1910-1919       71      0.02577  0.02544  0.50   60663    1543   59890   843101  13.90
1910-1919       72      0.02842  0.02802  0.50   59120    1656   58290   783211  13.25
1910-1919       73      0.03117  0.03069  0.50   57464    1764   56580   724921  12.62
1910-1919       74      0.03402  0.03345  0.50   55700    1863   54765   668342  12.00
1910-1919       75      0.03696  0.03628  0.50   53837    1953   52858   613576  11.40
1910-1919       76      0.04030  0.03951  0.50   51883    2050   50857   560718  10.81
1910-1919       77      0.04416  0.04320  0.50   49834    2153   48755   509862  10.23
1910-1919       78      0.04840  0.04726  0.50   47681    2253   46552   461106   9.67
1910-1919       79      0.05328  0.05189  0.50   45427    2357   44245   414554   9.13
1910-1919       80      0.05985  0.05810  0.50   43070    2503   41815   370309   8.60
1910-1919       81      0.06557  0.06348  0.50   40567    2575   39276   328494   8.10
1910-1919       82      0.07295  0.07038  0.50   37992    2674   36652   289218   7.61
1910-1919       83      0.08034  0.07723  0.50   35318    2728   33950   252565   7.15
1910-1919       84      0.08889  0.08510  0.50   32591    2773   31200   218615   6.71
1910-1919       85      0.09836  0.09372  0.50   29817    2795   28411   187415   6.29
1910-1919       86      0.10826  0.10267  0.50   27023    2774   25627   159003   5.88
1910-1919       87      0.11932  0.11257  0.50   24248    2730   22876   133377   5.50
1910-1919       88      0.13195  0.12375  0.50   21519    2663   20181   110501   5.14
1910-1919       89      0.14575  0.13579  0.50   18856    2561   17567    90320   4.79
1910-1919       90      0.15919  0.14735  0.50   16295    2401   15083    72753   4.46
1910-1919       91      0.17619  0.16179  0.49   13894    2248   12759    57670   4.15
1910-1919       92      0.19611  0.17845  0.50   11646    2078   10598    44911   3.86
1910-1919       93      0.21518  0.19410  0.50    9568    1857    8631    34313   3.59
1910-1919       94      0.23647  0.21127  0.50    7711    1629    6889    25683   3.33
1910-1919       95      0.26169  0.23104  0.49    6082    1405    5369    18794   3.09
1910-1919       96      0.28925  0.25227  0.49    4677    1180    4079    13424   2.87
1910-1919       97      0.31333  0.27040  0.49    3497     946    3018     9345   2.67
1910-1919       98      0.34314  0.29227  0.49    2551     746    2173     6328   2.48
1910-1919       99      0.37618  0.31577  0.49    1806     570    1516     4155   2.30
1910-1919      100      0.40890  0.33771  0.48    1235     417    1020     2639   2.14
1910-1919      101      0.45811  0.37071  0.49     818     303     662     1619   1.98
1910-1919      102      0.48421  0.38761  0.49     515     200     412      956   1.86
1910-1919      103      0.52522  0.41317  0.48     315     130     248      544   1.73
1910-1919      104      0.56944  0.44040  0.49     185      81     143      296   1.60
1910-1919      105      0.63044  0.47494  0.48     104      49      78      153   1.48
1910-1919      106      0.67031  0.49606  0.48      54      27      40       75   1.38
1910-1919      107      0.72198  0.52252  0.47      27      14      20       35   1.27
1910-1919      108      0.83358  0.57588  0.46      13       8       9       15   1.14
1910-1919      109      0.79888  0.55814  0.46       6       3       4        6   1.07
1910-1919      110+     1.18910  1.00000  0.84       2       2       2        2   0.84
1920-1927        0      0.06820  0.06514  0.31  100000    6514   95514  6944150  69.44
1920-1927        1      0.01947  0.01927  0.48   93486    1801   92548  6848635  73.26
1920-1927        2      0.00824  0.00820  0.49   91685     752   91299  6756087  73.69
1920-1927        3      0.00489  0.00487  0.49   90933     443   90708  6664788  73.29
1920-1927        4      0.00360  0.00360  0.49   90490     325   90324  6574081  72.65
1920-1927        5      0.00320  0.00319  0.49   90164     288   90019  6483756  71.91
1920-1927        6      0.00254  0.00253  0.50   89876     228   89762  6393738  71.14
1920-1927        7      0.00200  0.00200  0.50   89648     179   89558  6303976  70.32
1920-1927        8      0.00170  0.00170  0.49   89469     152   89393  6214418  69.46
1920-1927        9      0.00145  0.00145  0.49   89318     130   89252  6125025  68.58
1920-1927       10      0.00123  0.00123  0.50   89188     110   89133  6035773  67.67
1920-1927       11      0.00117  0.00117  0.50   89078     104   89026  5946640  66.76
1920-1927       12      0.00120  0.00120  0.50   88974     107   88921  5857614  65.84
1920-1927       13      0.00127  0.00127  0.50   88867     113   88810  5768693  64.91
1920-1927       14      0.00134  0.00134  0.50   88754     119   88694  5679883  64.00
1920-1927       15      0.00159  0.00159  0.50   88635     141   88564  5591189  63.08
1920-1927       16      0.00171  0.00171  0.50   88494     152   88418  5502625  62.18
1920-1927       17      0.00181  0.00181  0.50   88342     160   88262  5414207  61.29
1920-1927       18      0.00194  0.00194  0.50   88182     171   88096  5325945  60.40
1920-1927       19      0.00211  0.00211  0.50   88011     186   87918  5237849  59.51
1920-1927       20      0.00213  0.00213  0.49   87826     187   87730  5149931  58.64
1920-1927       21      0.00207  0.00207  0.49   87639     181   87546  5062200  57.76
1920-1927       22      0.00196  0.00196  0.49   87457     172   87370  4974654  56.88
1920-1927       23      0.00182  0.00182  0.49   87286     159   87205  4887284  55.99
1920-1927       24      0.00165  0.00165  0.49   87126     144   87053  4800080  55.09
1920-1927       25      0.00151  0.00151  0.49   86983     131   86916  4713027  54.18
1920-1927       26      0.00141  0.00140  0.49   86852     122   86789  4626111  53.26
1920-1927       27      0.00127  0.00127  0.49   86730     110   86673  4539321  52.34
1920-1927       28      0.00120  0.00120  0.49   86620     104   86566  4452648  51.40
1920-1927       29      0.00113  0.00113  0.49   86516      98   86465  4366082  50.47
1920-1927       30      0.00106  0.00106  0.49   86418      92   86371  4279616  49.52
1920-1927       31      0.00103  0.00103  0.49   86326      89   86281  4193246  48.57
1920-1927       32      0.00109  0.00109  0.49   86237      94   86189  4106965  47.62
1920-1927       33      0.00105  0.00105  0.49   86143      90   86097  4020776  46.68
1920-1927       34      0.00114  0.00114  0.49   86053      98   86003  3934679  45.72
1920-1927       35      0.00119  0.00119  0.50   85954     102   85903  3848676  44.78
1920-1927       36      0.00127  0.00127  0.49   85852     109   85797  3762774  43.83
1920-1927       37      0.00134  0.00133  0.50   85743     114   85686  3676977  42.88
1920-1927       38      0.00155  0.00155  0.50   85629     132   85562  3591291  41.94
1920-1927       39      0.00164  0.00163  0.49   85497     140   85426  3505729  41.00
1920-1927       40      0.00176  0.00176  0.50   85357     150   85281  3420303  40.07
1920-1927       41      0.00190  0.00190  0.50   85207     162   85125  3335022  39.14
1920-1927       42      0.00221  0.00221  0.49   85045     188   84950  3249897  38.21
1920-1927       43      0.00238  0.00238  0.50   84857     202   84755  3164948  37.30
1920-1927       44      0.00254  0.00254  0.49   84655     215   84547  3080193  36.39
1920-1927       45      0.00281  0.00281  0.50   84440     237   84321  2995646  35.48
1920-1927       46      0.00308  0.00307  0.50   84203     259   84073  2911325  34.57
1920-1927       47      0.00349  0.00348  0.49   83945     292   83797  2827252  33.68
1920-1927       48      0.00376  0.00375  0.49   83652     314   83494  2743455  32.80
1920-1927       49      0.00416  0.00415  0.49   83338     346   83164  2659962  31.92
1920-1927       50      0.00448  0.00446  0.50   82993     371   82806  2576798  31.05
1920-1927       51      0.00484  0.00483  0.50   82622     399   82421  2493993  30.19
1920-1927       52      0.00515  0.00513  0.49   82223     422   82009  2411572  29.33
1920-1927       53      0.00560  0.00558  0.49   81801     457   81570  2329563  28.48
1920-1927       54      0.00603  0.00601  0.49   81344     489   81096  2247993  27.64
1920-1927       55      0.00652  0.00650  0.49   80855     525   80589  2166897  26.80
1920-1927       56      0.00694  0.00692  0.49   80330     556   80048  2086308  25.97
1920-1927       57      0.00762  0.00759  0.49   79774     605   79467  2006260  25.15
1920-1927       58      0.00820  0.00816  0.49   79168     646   78841  1926793  24.34
1920-1927       59      0.00890  0.00886  0.49   78522     696   78170  1847951  23.53
1920-1927       60      0.00978  0.00973  0.49   77827     757   77444  1769782  22.74
1920-1927       61      0.01053  0.01048  0.49   77070     807   76661  1692338  21.96
1920-1927       62      0.01151  0.01145  0.49   76262     873   75820  1615677  21.19
1920-1927       63      0.01242  0.01235  0.49   75389     931   74918  1539856  20.43
1920-1927       64      0.01350  0.01341  0.49   74458     998   73954  1464938  19.67
1920-1927       65      0.01468  0.01457  0.50   73460    1070   72920  1390985  18.94
1920-1927       66      0.01565  0.01553  0.49   72390    1124   71822  1318065  18.21
1920-1927       67      0.01700  0.01685  0.49   71265    1201   70658  1246243  17.49
1920-1927       68      0.01846  0.01829  0.49   70064    1281   69417  1175585  16.78
1920-1927       69      0.02001  0.01981  0.49   68783    1363   68094  1106168  16.08
1920-1927       70      0.02192  0.02168  0.50   67420    1462   66683  1038075  15.40
1920-1927       71      0.02372  0.02344  0.50   65959    1546   65178   971392  14.73
1920-1927       72      0.02605  0.02572  0.49   64412    1656   63575   906214  14.07
1920-1927       73      0.02824  0.02784  0.49   62756    1747   61872   842639  13.43
1920-1927       74      0.03056  0.03010  0.49   61009    1836   60081   780767  12.80
1920-1927       75      0.03327  0.03273  0.50   59173    1936   58196   720686  12.18
1920-1927       76      0.03641  0.03575  0.50   57236    2046   56203   662490  11.57
1920-1927       77      0.03945  0.03868  0.50   55190    2135   54112   606287  10.99
1920-1927       78      0.04305  0.04213  0.50   53055    2235   51926   552175  10.41
1920-1927       79      0.04678  0.04570  0.50   50820    2323   49647   500248   9.84
1920-1927       80      0.05110  0.04982  0.50   48497    2416   47279   450601   9.29
1920-1927       81      0.05641  0.05485  0.50   46081    2528   44805   403322   8.75
1920-1927       82      0.06168  0.05981  0.50   43554    2605   42238   358517   8.23
1920-1927       83      0.06779  0.06555  0.49   40949    2684   39592   316279   7.72
1920-1927       84      0.07439  0.07171  0.50   38265    2744   36882   276686   7.23
1920-1927       85      0.08230  0.07902  0.49   35521    2807   34103   239804   6.75
1920-1927       86      0.09125  0.08723  0.49   32714    2854   31273   205702   6.29
1920-1927       87      0.10156  0.09661  0.50   29860    2885   28405   174429   5.84
1920-1927       88      0.11382  0.10763  0.49   26976    2903   25509   146024   5.41
1920-1927       89      0.12797  0.12021  0.50   24072    2894   22614   120516   5.01
1920-1927       90      0.14548  0.13550  0.49   21178    2870   19725    97902   4.62
1920-1927       91      0.16295  0.15054  0.49   18309    2756   16914    78177   4.27
1920-1927       92      0.18397  0.16828  0.49   15553    2617   14226    61263   3.94
1920-1927       93      0.20482  0.18554  0.49   12936    2400   11718    47037   3.64
1920-1927       94      0.23077  0.20666  0.49   10535    2177    9435    35319   3.35
1920-1927       95      0.25854  0.22847  0.49    8358    1910    7386    25884   3.10
1920-1927       96      0.28863  0.25166  0.49    6449    1623    5623    18498   2.87
1920-1927       97      0.31438  0.27106  0.49    4826    1308    4161    12875   2.67
1920-1927       98      0.34378  0.29281  0.49    3518    1030    2996     8715   2.48
1920-1927       99      0.37787  0.31677  0.49    2488     788    2085     5718   2.30
1920-1927      100      0.40780  0.33683  0.48    1700     572    1404     3633   2.14
1920-1927      101      0.45909  0.37130  0.48    1127     419     912     2229   1.98
1920-1927      102      0.48352  0.38718  0.49     709     274     567     1318   1.86
1920-1927      103      0.52522  0.41317  0.48     434     179     342      750   1.73
1920-1927      104      0.57016  0.44084  0.49     255     112     197      409   1.60
1920-1927      105      0.62727  0.47320  0.48     142      67     107      212   1.48
1920-1927      106      0.66491  0.49328  0.48      75      37      56      104   1.39
1920-1927      107      0.72150  0.52293  0.47      38      20      28       48   1.27
1920-1927      108      0.83358  0.57588  0.46      18      10      13       21   1.14
1920-1927      109      0.79888  0.55814  0.46       8       4       5        8   1.07
1920-1927      110+     1.18910  1.00000  0.84       3       3       3        3   0.84
