England and Wales, Civilian National Population, Life tables (cohort 1x10), Males	Last modified: 10 Jul 2020;  Methods Protocol: v6 (2017)

  Year          Age         mx       qx    ax      lx      dx      Lx       Tx     ex
1841-1849        0      0.19084  0.16833  0.30  100000   16833   88202  3972481  39.72
1841-1849        1      0.06795  0.06560  0.47   83167    5456   80297  3884279  46.70
1841-1849        2      0.03682  0.03615  0.50   77711    2809   76300  3803982  48.95
1841-1849        3      0.02461  0.02431  0.50   74902    1821   73985  3727682  49.77
1841-1849        4      0.01865  0.01848  0.50   73081    1350   72403  3653698  50.00
1841-1849        5      0.01451  0.01441  0.50   71731    1033   71214  3581294  49.93
1841-1849        6      0.01115  0.01109  0.50   70697     784   70302  3510080  49.65
1841-1849        7      0.00834  0.00830  0.50   69913     580   69621  3439778  49.20
1841-1849        8      0.00647  0.00645  0.50   69333     447   69109  3370157  48.61
1841-1849        9      0.00544  0.00543  0.50   68886     374   68699  3301048  47.92
1841-1849       10      0.00500  0.00499  0.50   68512     342   68342  3232349  47.18
1841-1849       11      0.00474  0.00472  0.50   68170     322   68010  3164008  46.41
1841-1849       12      0.00467  0.00466  0.50   67848     316   67691  3095998  45.63
1841-1849       13      0.00478  0.00477  0.50   67532     322   67372  3028307  44.84
1841-1849       14      0.00505  0.00503  0.50   67210     338   67042  2960936  44.06
1841-1849       15      0.00547  0.00546  0.51   66872     365   66691  2893894  43.28
1841-1849       16      0.00596  0.00594  0.51   66507     395   66312  2827203  42.51
1841-1849       17      0.00643  0.00641  0.50   66112     424   65902  2760891  41.76
1841-1849       18      0.00689  0.00687  0.51   65688     451   65465  2694989  41.03
1841-1849       19      0.00737  0.00734  0.51   65237     479   65000  2629524  40.31
1841-1849       20      0.00783  0.00780  0.50   64758     505   64505  2564523  39.60
1841-1849       21      0.00831  0.00828  0.50   64253     532   63987  2500018  38.91
1841-1849       22      0.00876  0.00873  0.50   63721     556   63443  2436031  38.23
1841-1849       23      0.00900  0.00896  0.50   63165     566   62881  2372588  37.56
1841-1849       24      0.00905  0.00901  0.50   62599     564   62316  2309708  36.90
1841-1849       25      0.00904  0.00900  0.50   62035     558   61754  2247392  36.23
1841-1849       26      0.00908  0.00904  0.50   61477     556   61197  2185638  35.55
1841-1849       27      0.00921  0.00917  0.50   60921     559   60640  2124441  34.87
1841-1849       28      0.00935  0.00931  0.50   60363     562   60080  2063801  34.19
1841-1849       29      0.00947  0.00942  0.50   59801     564   59517  2003721  33.51
1841-1849       30      0.00950  0.00946  0.50   59237     560   58955  1944204  32.82
1841-1849       31      0.00958  0.00954  0.50   58677     560   58396  1885249  32.13
1841-1849       32      0.00984  0.00980  0.50   58118     569   57832  1826853  31.43
1841-1849       33      0.01020  0.01015  0.50   57548     584   57255  1769021  30.74
1841-1849       34      0.01056  0.01050  0.50   56964     598   56664  1711766  30.05
1841-1849       35      0.01094  0.01088  0.50   56366     613   56061  1655102  29.36
1841-1849       36      0.01131  0.01125  0.50   55753     627   55440  1599042  28.68
1841-1849       37      0.01167  0.01160  0.50   55126     639   54807  1543602  28.00
1841-1849       38      0.01202  0.01194  0.50   54487     651   54162  1488795  27.32
1841-1849       39      0.01237  0.01230  0.50   53836     662   53506  1434633  26.65
1841-1849       40      0.01285  0.01276  0.50   53174     679   52837  1381127  25.97
1841-1849       41      0.01349  0.01340  0.50   52495     704   52147  1328290  25.30
1841-1849       42      0.01414  0.01405  0.50   51791     727   51430  1276143  24.64
1841-1849       43      0.01478  0.01467  0.50   51064     749   50693  1224713  23.98
1841-1849       44      0.01537  0.01526  0.50   50315     768   49933  1174021  23.33
1841-1849       45      0.01594  0.01581  0.50   49547     784   49159  1124087  22.69
1841-1849       46      0.01657  0.01643  0.50   48763     801   48366  1074928  22.04
1841-1849       47      0.01726  0.01711  0.50   47962     821   47555  1026562  21.40
1841-1849       48      0.01803  0.01787  0.50   47141     842   46724   979007  20.77
1841-1849       49      0.01877  0.01860  0.50   46299     861   45872   932282  20.14
1841-1849       50      0.01947  0.01928  0.50   45438     876   45004   886410  19.51
1841-1849       51      0.02030  0.02010  0.50   44562     896   44118   841406  18.88
1841-1849       52      0.02134  0.02112  0.50   43666     922   43209   797288  18.26
1841-1849       53      0.02259  0.02234  0.51   42744     955   42272   754078  17.64
1841-1849       54      0.02395  0.02367  0.50   41789     989   41299   711807  17.03
1841-1849       55      0.02536  0.02505  0.51   40800    1022   40295   670507  16.43
1841-1849       56      0.02695  0.02660  0.50   39778    1058   39255   630213  15.84
1841-1849       57      0.02868  0.02828  0.50   38720    1095   38178   590958  15.26
1841-1849       58      0.03045  0.02999  0.50   37625    1129   37066   552780  14.69
1841-1849       59      0.03202  0.03151  0.50   36497    1150   35926   515714  14.13
1841-1849       60      0.03379  0.03324  0.50   35347    1175   34765   479789  13.57
1841-1849       61      0.03528  0.03467  0.50   34172    1185   33584   445024  13.02
1841-1849       62      0.03782  0.03713  0.51   32987    1225   32381   411440  12.47
1841-1849       63      0.04033  0.03954  0.50   31762    1256   31140   379059  11.93
1841-1849       64      0.04319  0.04229  0.51   30506    1290   29868   347918  11.40
1841-1849       65      0.04762  0.04653  0.51   29216    1359   28546   318050  10.89
1841-1849       66      0.04745  0.04637  0.51   27857    1292   27218   289504  10.39
1841-1849       67      0.05065  0.04942  0.51   26565    1313   25916   262286   9.87
1841-1849       68      0.05717  0.05560  0.50   25253    1404   24557   236370   9.36
1841-1849       69      0.06426  0.06228  0.50   23849    1485   23111   211813   8.88
1841-1849       70      0.06985  0.06750  0.50   22364    1510   21614   188702   8.44
1841-1849       71      0.06850  0.06625  0.50   20854    1382   20167   167088   8.01
1841-1849       72      0.08477  0.08135  0.50   19472    1584   18687   146921   7.55
1841-1849       73      0.08933  0.08553  0.50   17888    1530   17128   128234   7.17
1841-1849       74      0.09740  0.09291  0.50   16358    1520   15603   111106   6.79
1841-1849       75      0.10402  0.09892  0.50   14838    1468   14111    95503   6.44
1841-1849       76      0.11193  0.10604  0.50   13371    1418   12667    81392   6.09
1841-1849       77      0.11753  0.11109  0.51   11953    1328   11297    68725   5.75
1841-1849       78      0.12866  0.12098  0.51   10625    1285    9990    57427   5.40
1841-1849       79      0.14122  0.13206  0.51    9340    1233    8733    47437   5.08
1841-1849       80      0.15234  0.14167  0.51    8106    1148    7539    38703   4.77
1841-1849       81      0.15821  0.14674  0.51    6958    1021    6454    31165   4.48
1841-1849       82      0.18508  0.16959  0.51    5937    1007    5440    24711   4.16
1841-1849       83      0.20007  0.18208  0.51    4930     898    4487    19271   3.91
1841-1849       84      0.22383  0.20151  0.51    4032     813    3630    14785   3.67
1841-1849       85      0.23754  0.21251  0.50    3220     684    2881    11154   3.46
1841-1849       86      0.26176  0.23164  0.50    2536     587    2244     8274   3.26
1841-1849       87      0.27905  0.24513  0.50    1948     478    1711     6030   3.10
1841-1849       88      0.29052  0.25384  0.50    1471     373    1285     4319   2.94
1841-1849       89      0.31823  0.27493  0.51    1097     302     948     3034   2.76
1841-1849       90      0.34092  0.29142  0.50     796     232     680     2086   2.62
1841-1849       91      0.34916  0.29727  0.50     564     168     480     1406   2.49
1841-1849       92      0.37734  0.31746  0.50     396     126     333      926   2.34
1841-1849       93      0.40709  0.33847  0.50     270      92     225      592   2.19
1841-1849       94      0.45367  0.36971  0.50     179      66     146      367   2.05
1841-1849       95      0.46386  0.37619  0.50     113      42      91      222   1.97
1841-1849       96      0.51074  0.40638  0.50      70      29      56      130   1.85
1841-1849       97      0.54271  0.42625  0.50      42      18      33       74   1.78
1841-1849       98      0.55903  0.43540  0.49      24      10      19       41   1.73
1841-1849       99      0.62304  0.47443  0.50      14       6      10       23   1.68
1841-1849      100      0.43563  0.35613  0.49       7       3       6       12   1.75
1841-1849      101      0.62834  0.47602  0.49       5       2       3        7   1.45
1841-1849      102      0.76785  0.55170  0.49       2       1       2        3   1.33
1841-1849      103      0.53699  0.41918  0.48       1       0       1        1   1.36
1841-1849      104      0.84325  0.59099  0.49       1       0       0        1   0.99
1841-1849      105      1.26050  0.76453  0.49       0       0       0        0   0.71
1841-1849      106      2.31343  1.00000  0.43       0       0       0        0   0.43
1841-1849      107            .        .     .       0       0       0        0      .
1841-1849      108            .        .     .       0       0       0        0      .
1841-1849      109            .        .     .       0       0       0        0      .
1841-1849      110+           .        .     .       0       0       0        0      .
1850-1859        0      0.19149  0.16883  0.30  100000   16883   88167  4129638  41.30
1850-1859        1      0.06747  0.06516  0.48   83117    5416   80274  4041471  48.62
1850-1859        2      0.03533  0.03471  0.50   77701    2697   76346  3961197  50.98
1850-1859        3      0.02396  0.02367  0.50   75004    1776   74116  3884851  51.80
1850-1859        4      0.01785  0.01769  0.50   73228    1296   72578  3810735  52.04
1850-1859        5      0.01341  0.01332  0.50   71933     958   71452  3738156  51.97
1850-1859        6      0.01030  0.01024  0.50   70975     727   70611  3666704  51.66
1850-1859        7      0.00787  0.00784  0.50   70248     551   69971  3596093  51.19
1850-1859        8      0.00601  0.00599  0.50   69697     418   69486  3526122  50.59
1850-1859        9      0.00490  0.00489  0.50   69279     339   69109  3456636  49.89
1850-1859       10      0.00454  0.00453  0.50   68940     312   68786  3387527  49.14
1850-1859       11      0.00441  0.00440  0.50   68628     302   68478  3318741  48.36
1850-1859       12      0.00436  0.00435  0.50   68326     297   68178  3250263  47.57
1850-1859       13      0.00439  0.00438  0.50   68029     298   67880  3182085  46.78
1850-1859       14      0.00458  0.00457  0.50   67731     310   67576  3114205  45.98
1850-1859       15      0.00494  0.00493  0.51   67421     332   67257  3046628  45.19
1850-1859       16      0.00534  0.00533  0.50   67089     357   66912  2979372  44.41
1850-1859       17      0.00571  0.00570  0.50   66731     380   66543  2912460  43.64
1850-1859       18      0.00608  0.00606  0.50   66351     402   66152  2845917  42.89
1850-1859       19      0.00644  0.00642  0.50   65949     423   65739  2779765  42.15
1850-1859       20      0.00675  0.00672  0.50   65525     441   65304  2714026  41.42
1850-1859       21      0.00692  0.00690  0.50   65085     449   64859  2648722  40.70
1850-1859       22      0.00697  0.00694  0.50   64636     449   64410  2583864  39.98
1850-1859       23      0.00704  0.00702  0.50   64187     450   63961  2519454  39.25
1850-1859       24      0.00713  0.00710  0.50   63737     453   63509  2455493  38.53
1850-1859       25      0.00716  0.00713  0.50   63284     452   63056  2391984  37.80
1850-1859       26      0.00721  0.00719  0.50   62833     452   62605  2328927  37.07
1850-1859       27      0.00730  0.00727  0.50   62381     454   62152  2266323  36.33
1850-1859       28      0.00743  0.00740  0.50   61928     458   61696  2204170  35.59
1850-1859       29      0.00759  0.00756  0.50   61469     465   61235  2142474  34.85
1850-1859       30      0.00785  0.00782  0.50   61004     477   60766  2081239  34.12
1850-1859       31      0.00822  0.00818  0.50   60528     495   60279  2020473  33.38
1850-1859       32      0.00855  0.00852  0.50   60032     511   59776  1960194  32.65
1850-1859       33      0.00892  0.00888  0.50   59521     528   59256  1900419  31.93
1850-1859       34      0.00929  0.00924  0.50   58993     545   58719  1841163  31.21
1850-1859       35      0.00964  0.00960  0.50   58447     561   58167  1782444  30.50
1850-1859       36      0.01001  0.00996  0.50   57886     576   57599  1724277  29.79
1850-1859       37      0.01042  0.01037  0.50   57310     594   57014  1666678  29.08
1850-1859       38      0.01090  0.01084  0.50   56716     615   56410  1609664  28.38
1850-1859       39      0.01146  0.01140  0.50   56101     640   55783  1553255  27.69
1850-1859       40      0.01201  0.01194  0.50   55462     662   55133  1497471  27.00
1850-1859       41      0.01239  0.01232  0.50   54800     675   54464  1442339  26.32
1850-1859       42      0.01280  0.01272  0.50   54125     689   53783  1387875  25.64
1850-1859       43      0.01320  0.01312  0.50   53436     701   53087  1334092  24.97
1850-1859       44      0.01366  0.01357  0.50   52735     716   52380  1281005  24.29
1850-1859       45      0.01418  0.01409  0.50   52020     733   51656  1228625  23.62
1850-1859       46      0.01470  0.01460  0.50   51287     749   50916  1176969  22.95
1850-1859       47      0.01530  0.01519  0.50   50538     768   50158  1126053  22.28
1850-1859       48      0.01602  0.01589  0.50   49771     791   49378  1075895  21.62
1850-1859       49      0.01673  0.01660  0.50   48980     813   48576  1026517  20.96
1850-1859       50      0.01737  0.01722  0.50   48167     829   47754   977940  20.30
1850-1859       51      0.01768  0.01752  0.50   47337     830   46925   930186  19.65
1850-1859       52      0.01890  0.01873  0.50   46508     871   46076   883262  18.99
1850-1859       53      0.01955  0.01936  0.50   45637     883   45199   837186  18.34
1850-1859       54      0.02110  0.02088  0.50   44753     935   44290   791987  17.70
1850-1859       55      0.02162  0.02139  0.50   43819     937   43354   747697  17.06
1850-1859       56      0.02380  0.02352  0.50   42881    1008   42381   704343  16.43
1850-1859       57      0.02438  0.02409  0.50   41873    1009   41372   661961  15.81
1850-1859       58      0.02702  0.02666  0.50   40864    1089   40323   620589  15.19
1850-1859       59      0.02913  0.02872  0.50   39775    1142   39206   580266  14.59
1850-1859       60      0.03169  0.03119  0.50   38633    1205   38033   541060  14.01
1850-1859       61      0.03004  0.02960  0.50   37428    1108   36876   503027  13.44
1850-1859       62      0.03617  0.03553  0.50   36320    1291   35679   466151  12.83
1850-1859       63      0.03764  0.03695  0.50   35029    1294   34385   430472  12.29
1850-1859       64      0.04064  0.03983  0.50   33735    1344   33067   396087  11.74
1850-1859       65      0.04423  0.04328  0.50   32391    1402   31694   363020  11.21
1850-1859       66      0.04266  0.04178  0.50   30989    1295   30346   331326  10.69
1850-1859       67      0.04724  0.04615  0.50   29695    1371   29014   300980  10.14
1850-1859       68      0.05421  0.05279  0.50   28324    1495   27582   271967   9.60
1850-1859       69      0.05875  0.05709  0.51   26829    1532   26072   244385   9.11
1850-1859       70      0.06262  0.06074  0.51   25297    1536   24538   218313   8.63
1850-1859       71      0.06401  0.06205  0.51   23761    1474   23033   193775   8.16
1850-1859       72      0.07748  0.07462  0.51   22286    1663   21464   170741   7.66
1850-1859       73      0.08466  0.08126  0.51   20623    1676   19796   149277   7.24
1850-1859       74      0.09351  0.08938  0.51   18947    1694   18110   129482   6.83
1850-1859       75      0.10054  0.09578  0.51   17254    1653   16438   111371   6.45
1850-1859       76      0.11162  0.10580  0.51   15601    1651   14788    94933   6.08
1850-1859       77      0.11970  0.11303  0.51   13951    1577   13173    80146   5.74
1850-1859       78      0.13394  0.12563  0.51   12374    1555   11606    66973   5.41
1850-1859       79      0.14447  0.13484  0.51   10819    1459   10098    55366   5.12
1850-1859       80      0.15217  0.14156  0.51    9360    1325    8708    45268   4.84
1850-1859       81      0.16068  0.14886  0.51    8035    1196    7444    36560   4.55
1850-1859       82      0.18229  0.16720  0.50    6839    1144    6273    29116   4.26
1850-1859       83      0.19683  0.17937  0.51    5696    1022    5191    22843   4.01
1850-1859       84      0.21881  0.19744  0.51    4674     923    4218    17652   3.78
1850-1859       85      0.22864  0.20533  0.50    3751     770    3369    13435   3.58
1850-1859       86      0.25221  0.22416  0.50    2981     668    2649    10066   3.38
1850-1859       87      0.27041  0.23851  0.51    2313     552    2040     7416   3.21
1850-1859       88      0.27570  0.24249  0.50    1761     427    1549     5377   3.05
1850-1859       89      0.30668  0.26625  0.50    1334     355    1158     3828   2.87
1850-1859       90      0.31805  0.27459  0.50     979     269     845     2669   2.73
1850-1859       91      0.33494  0.28719  0.50     710     204     609     1824   2.57
1850-1859       92      0.36377  0.30806  0.50     506     156     429     1215   2.40
1850-1859       93      0.39191  0.32771  0.50     350     115     293      787   2.25
1850-1859       94      0.43239  0.35576  0.50     235      84     194      494   2.10
1850-1859       95      0.46966  0.38002  0.50     152      58     123      300   1.98
1850-1859       96      0.49592  0.39693  0.50      94      37      75      177   1.89
1850-1859       97      0.50743  0.40429  0.50      57      23      45      102   1.80
1850-1859       98      0.55723  0.43584  0.50      34      15      26       57   1.68
1850-1859       99      0.64553  0.48669  0.49      19       9      14       30   1.60
1850-1859      100      0.58534  0.45008  0.49      10       4       8       16   1.64
1850-1859      101      0.50339  0.40085  0.49       5       2       4        9   1.59
1850-1859      102      0.74053  0.53469  0.48       3       2       2        4   1.32
1850-1859      103      0.75114  0.54199  0.49       2       1       1        2   1.28
1850-1859      104      1.06866  0.69080  0.49       1       0       0        1   1.22
1850-1859      105      0.46196  0.36850  0.45       0       0       0        0   1.87
1850-1859      106      1.16532  0.76888  0.56       0       0       0        0   1.70
1850-1859      107      0.00000  0.00000  0.50       0       0       0        0   4.48
1850-1859      108      0.00000  0.00000  0.50       0       0       0        0   3.48
1850-1859      109      0.00000  0.00000  0.50       0       0       0        0   2.48
1850-1859      110+     0.67416  1.00000  1.48       0       0       0        0   1.48
1860-1869        0      0.19038  0.16797  0.30  100000   16797   88227  4341701  43.42
1860-1869        1      0.06887  0.06646  0.47   83203    5530   80290  4253474  51.12
1860-1869        2      0.03395  0.03338  0.50   77674    2592   76366  4173184  53.73
1860-1869        3      0.02191  0.02167  0.49   75081    1627   74256  4096818  54.57
1860-1869        4      0.01553  0.01541  0.50   73454    1132   72883  4022563  54.76
1860-1869        5      0.01157  0.01151  0.50   72322     832   71905  3949680  54.61
1860-1869        6      0.00896  0.00892  0.50   71490     637   71170  3877775  54.24
1860-1869        7      0.00686  0.00683  0.50   70853     484   70610  3806604  53.73
1860-1869        8      0.00532  0.00530  0.50   70368     373   70181  3735994  53.09
1860-1869        9      0.00433  0.00432  0.50   69995     302   69843  3665813  52.37
1860-1869       10      0.00382  0.00382  0.50   69693     266   69560  3595970  51.60
1860-1869       11      0.00354  0.00354  0.50   69427     245   69305  3526410  50.79
1860-1869       12      0.00343  0.00343  0.50   69182     237   69064  3457105  49.97
1860-1869       13      0.00349  0.00349  0.50   68945     241   68825  3388041  49.14
1860-1869       14      0.00371  0.00370  0.50   68704     254   68578  3319216  48.31
1860-1869       15      0.00403  0.00402  0.50   68450     275   68313  3250639  47.49
1860-1869       16      0.00435  0.00434  0.50   68175     296   68028  3182325  46.68
1860-1869       17      0.00466  0.00465  0.51   67879     316   67723  3114297  45.88
1860-1869       18      0.00493  0.00492  0.50   67563     333   67398  3046575  45.09
1860-1869       19      0.00514  0.00512  0.50   67231     344   67060  2979176  44.31
1860-1869       20      0.00530  0.00528  0.50   66886     353   66709  2912116  43.54
1860-1869       21      0.00547  0.00546  0.50   66533     363   66351  2845408  42.77
1860-1869       22      0.00563  0.00561  0.50   66170     372   65983  2779057  42.00
1860-1869       23      0.00576  0.00575  0.50   65798     378   65608  2713074  41.23
1860-1869       24      0.00588  0.00586  0.50   65420     383   65227  2647465  40.47
1860-1869       25      0.00599  0.00597  0.50   65037     388   64841  2582238  39.70
1860-1869       26      0.00610  0.00608  0.50   64648     393   64450  2517397  38.94
1860-1869       27      0.00625  0.00623  0.50   64255     400   64053  2452947  38.18
1860-1869       28      0.00644  0.00642  0.50   63855     410   63648  2388894  37.41
1860-1869       29      0.00668  0.00665  0.50   63445     422   63233  2325245  36.65
1860-1869       30      0.00691  0.00688  0.50   63023     434   62805  2262013  35.89
1860-1869       31      0.00709  0.00706  0.50   62589     442   62367  2199208  35.14
1860-1869       32      0.00734  0.00732  0.50   62147     455   61919  2136841  34.38
1860-1869       33      0.00761  0.00758  0.50   61692     467   61457  2074922  33.63
1860-1869       34      0.00793  0.00790  0.50   61225     483   60982  2013465  32.89
1860-1869       35      0.00830  0.00827  0.50   60741     502   60491  1952482  32.14
1860-1869       36      0.00864  0.00860  0.50   60239     518   59981  1891992  31.41
1860-1869       37      0.00899  0.00895  0.50   59721     535   59454  1832011  30.68
1860-1869       38      0.00934  0.00929  0.50   59186     550   58912  1772556  29.95
1860-1869       39      0.00961  0.00956  0.50   58636     561   58356  1713644  29.22
1860-1869       40      0.00980  0.00976  0.50   58076     567   57793  1655288  28.50
1860-1869       41      0.00975  0.00971  0.50   57509     558   57231  1597495  27.78
1860-1869       42      0.01028  0.01023  0.50   56951     582   56661  1540264  27.05
1860-1869       43      0.01035  0.01030  0.50   56368     580   56079  1483603  26.32
1860-1869       44      0.01070  0.01064  0.50   55788     594   55493  1427524  25.59
1860-1869       45      0.01169  0.01163  0.51   55194     642   54877  1372031  24.86
1860-1869       46      0.01172  0.01165  0.50   54553     636   54237  1317154  24.14
1860-1869       47      0.01235  0.01227  0.50   53917     662   53589  1262916  23.42
1860-1869       48      0.01344  0.01335  0.50   53255     711   52903  1209328  22.71
1860-1869       49      0.01466  0.01455  0.50   52544     765   52163  1156425  22.01
1860-1869       50      0.01584  0.01571  0.50   51780     814   51374  1104262  21.33
1860-1869       51      0.01426  0.01416  0.50   50966     722   50606  1052887  20.66
1860-1869       52      0.01708  0.01693  0.50   50244     851   49820  1002281  19.95
1860-1869       53      0.01733  0.01718  0.50   49394     849   48970   952461  19.28
1860-1869       54      0.01832  0.01816  0.50   48545     881   48105   903491  18.61
1860-1869       55      0.01766  0.01751  0.50   47664     834   47247   855385  17.95
1860-1869       56      0.02004  0.01984  0.50   46829     929   46366   808139  17.26
1860-1869       57      0.02035  0.02015  0.50   45900     925   45439   761773  16.60
1860-1869       58      0.02282  0.02256  0.50   44976    1015   44470   716334  15.93
1860-1869       59      0.02367  0.02339  0.50   43961    1028   43451   671863  15.28
1860-1869       60      0.02566  0.02533  0.50   42933    1088   42393   628412  14.64
1860-1869       61      0.02559  0.02527  0.50   41845    1058   41321   586019  14.00
1860-1869       62      0.03049  0.03003  0.50   40787    1225   40179   544698  13.35
1860-1869       63      0.03320  0.03266  0.50   39563    1292   38922   504519  12.75
1860-1869       64      0.03614  0.03550  0.50   38270    1359   37596   465597  12.17
1860-1869       65      0.04098  0.04016  0.50   36912    1482   36177   428002  11.60
1860-1869       66      0.04061  0.03981  0.50   35429    1410   34730   391825  11.06
1860-1869       67      0.04579  0.04478  0.51   34019    1523   33265   357094  10.50
1860-1869       68      0.05071  0.04947  0.50   32496    1607   31699   323830   9.97
1860-1869       69      0.05591  0.05440  0.50   30888    1680   30054   292131   9.46
1860-1869       70      0.06024  0.05850  0.51   29208    1709   28364   262077   8.97
1860-1869       71      0.06306  0.06115  0.50   27499    1682   26666   233712   8.50
1860-1869       72      0.07430  0.07166  0.50   25817    1850   24900   207047   8.02
1860-1869       73      0.08047  0.07738  0.50   23967    1855   23048   182147   7.60
1860-1869       74      0.08805  0.08437  0.50   22113    1866   21188   159099   7.19
1860-1869       75      0.09429  0.09009  0.51   20247    1824   19344   137911   6.81
1860-1869       76      0.10423  0.09911  0.50   18423    1826   17519   118567   6.44
1860-1869       77      0.10949  0.10387  0.51   16597    1724   15744   101048   6.09
1860-1869       78      0.12160  0.11469  0.50   14873    1706   14028    85303   5.74
1860-1869       79      0.13249  0.12434  0.51   13167    1637   12357    71275   5.41
1860-1869       80      0.13692  0.12822  0.50   11530    1478   10798    58917   5.11
1860-1869       81      0.14248  0.13311  0.51   10052    1338    9391    48120   4.79
1860-1869       82      0.16634  0.15371  0.51    8714    1339    8052    38728   4.44
1860-1869       83      0.18247  0.16735  0.50    7374    1234    6763    30676   4.16
1860-1869       84      0.20320  0.18464  0.51    6140    1134    5580    23913   3.89
1860-1869       85      0.21729  0.19615  0.50    5006     982    4519    18333   3.66
1860-1869       86      0.24300  0.21683  0.50    4024     873    3591    13814   3.43
1860-1869       87      0.26170  0.23150  0.50    3152     730    2788    10223   3.24
1860-1869       88      0.27722  0.24370  0.50    2422     590    2129     7435   3.07
1860-1869       89      0.30294  0.26323  0.50    1832     482    1592     5306   2.90
1860-1869       90      0.31926  0.27523  0.50    1350     371    1164     3714   2.75
1860-1869       91      0.33460  0.28658  0.50     978     280     838     2550   2.61
1860-1869       92      0.36559  0.30915  0.50     698     216     590     1713   2.45
1860-1869       93      0.38541  0.32323  0.50     482     156     404     1122   2.33
1860-1869       94      0.41509  0.34358  0.50     326     112     270      718   2.20
1860-1869       95      0.43982  0.35991  0.50     214      77     175      448   2.09
1860-1869       96      0.47652  0.38432  0.50     137      53     111      273   1.99
1860-1869       97      0.48297  0.38855  0.50      84      33      68      162   1.92
1860-1869       98      0.51409  0.40834  0.50      52      21      41       94   1.83
1860-1869       99      0.50330  0.40178  0.50      31      12      24       53   1.75
1860-1869      100      0.58680  0.45150  0.49      18       8      14       29   1.58
1860-1869      101      0.65380  0.48982  0.49      10       5       8       15   1.48
1860-1869      102      0.64737  0.48756  0.49       5       2       4        7   1.44
1860-1869      103      0.69016  0.51172  0.49       3       1       2        4   1.34
1860-1869      104      0.82914  0.58339  0.49       1       1       1        2   1.23
1860-1869      105      0.69686  0.51230  0.48       1       0       0        1   1.27
1860-1869      106      0.83915  0.58027  0.47       0       0       0        0   1.10
1860-1869      107      1.22616  0.75000  0.48       0       0       0        0   0.98
1860-1869      108      0.00000  0.00000  0.50       0       0       0        0   1.48
1860-1869      109      2.06897  1.00000  0.48       0       0       0        0   0.48
1860-1869      110+           .        .     .       0       0       0        0      .
1870-1879        0      0.18497  0.16374  0.30  100000   16374   88523  4608565  46.09
1870-1879        1      0.06207  0.06010  0.47   83626    5026   80974  4520042  54.05
1870-1879        2      0.02728  0.02692  0.50   78600    2116   77536  4439067  56.48
1870-1879        3      0.01788  0.01772  0.50   76484    1355   75803  4361531  57.03
1870-1879        4      0.01334  0.01325  0.49   75129     995   74626  4285729  57.05
1870-1879        5      0.00967  0.00962  0.50   74133     713   73774  4211103  56.80
1870-1879        6      0.00724  0.00722  0.50   73420     530   73153  4137328  56.35
1870-1879        7      0.00542  0.00541  0.50   72890     394   72692  4064175  55.76
1870-1879        8      0.00410  0.00410  0.50   72496     297   72347  3991483  55.06
1870-1879        9      0.00329  0.00328  0.50   72199     237   72080  3919136  54.28
1870-1879       10      0.00293  0.00292  0.50   71962     210   71857  3847056  53.46
1870-1879       11      0.00276  0.00276  0.50   71752     198   71653  3775199  52.61
1870-1879       12      0.00273  0.00272  0.50   71554     195   71457  3703546  51.76
1870-1879       13      0.00284  0.00284  0.50   71359     203   71258  3632089  50.90
1870-1879       14      0.00309  0.00308  0.50   71156     219   71047  3560831  50.04
1870-1879       15      0.00343  0.00342  0.50   70937     243   70817  3489784  49.20
1870-1879       16      0.00375  0.00374  0.50   70694     264   70563  3418967  48.36
1870-1879       17      0.00401  0.00400  0.50   70430     282   70290  3348404  47.54
1870-1879       18      0.00424  0.00423  0.51   70148     297   70001  3278113  46.73
1870-1879       19      0.00444  0.00443  0.51   69851     309   69698  3208112  45.93
1870-1879       20      0.00459  0.00458  0.50   69542     319   69382  3138414  45.13
1870-1879       21      0.00473  0.00471  0.50   69223     326   69059  3069031  44.34
1870-1879       22      0.00486  0.00485  0.50   68897     334   68729  2999972  43.54
1870-1879       23      0.00496  0.00495  0.50   68563     339   68392  2931243  42.75
1870-1879       24      0.00505  0.00503  0.50   68223     343   68051  2862850  41.96
1870-1879       25      0.00511  0.00510  0.50   67880     346   67706  2794799  41.17
1870-1879       26      0.00519  0.00518  0.50   67534     350   67358  2727094  40.38
1870-1879       27      0.00530  0.00529  0.50   67184     355   67005  2659736  39.59
1870-1879       28      0.00545  0.00543  0.50   66829     363   66646  2592730  38.80
1870-1879       29      0.00557  0.00556  0.50   66466     369   66280  2526084  38.01
1870-1879       30      0.00567  0.00565  0.50   66097     373   65909  2459805  37.22
1870-1879       31      0.00569  0.00568  0.50   65723     373   65535  2393896  36.42
1870-1879       32      0.00594  0.00592  0.50   65350     387   65156  2328361  35.63
1870-1879       33      0.00601  0.00599  0.50   64963     389   64768  2263205  34.84
1870-1879       34      0.00631  0.00629  0.50   64574     406   64370  2198438  34.05
1870-1879       35      0.00672  0.00670  0.50   64168     430   63954  2134067  33.26
1870-1879       36      0.00707  0.00705  0.50   63738     449   63514  2070113  32.48
1870-1879       37      0.00744  0.00741  0.50   63289     469   63055  2006599  31.71
1870-1879       38      0.00838  0.00834  0.50   62820     524   62559  1943545  30.94
1870-1879       39      0.00900  0.00896  0.50   62296     558   62016  1880985  30.19
1870-1879       40      0.00946  0.00941  0.50   61738     581   61447  1818970  29.46
1870-1879       41      0.00885  0.00881  0.50   61156     539   60887  1757523  28.74
1870-1879       42      0.01013  0.01007  0.50   60618     611   60312  1696636  27.99
1870-1879       43      0.00955  0.00951  0.50   60007     571   59721  1636324  27.27
1870-1879       44      0.00961  0.00956  0.50   59436     568   59151  1576602  26.53
1870-1879       45      0.01042  0.01037  0.50   58868     610   58562  1517451  25.78
1870-1879       46      0.01016  0.01010  0.50   58257     589   57963  1458889  25.04
1870-1879       47      0.01044  0.01039  0.50   57669     599   57370  1400926  24.29
1870-1879       48      0.01092  0.01086  0.50   57070     620   56760  1343557  23.54
1870-1879       49      0.01133  0.01127  0.50   56450     636   56134  1286797  22.80
1870-1879       50      0.01203  0.01196  0.50   55814     667   55482  1230663  22.05
1870-1879       51      0.01165  0.01158  0.50   55147     639   54829  1175181  21.31
1870-1879       52      0.01382  0.01373  0.50   54508     748   54135  1120352  20.55
1870-1879       53      0.01451  0.01441  0.50   53760     774   53375  1066216  19.83
1870-1879       54      0.01582  0.01570  0.50   52985     832   52571  1012841  19.12
1870-1879       55      0.01563  0.01551  0.50   52153     809   51751   960270  18.41
1870-1879       56      0.01816  0.01800  0.50   51344     924   50885   908519  17.69
1870-1879       57      0.01906  0.01888  0.50   50420     952   49947   857634  17.01
1870-1879       58      0.02159  0.02136  0.50   49468    1057   48942   807687  16.33
1870-1879       59      0.02318  0.02292  0.50   48412    1109   47859   758745  15.67
1870-1879       60      0.02457  0.02427  0.50   47302    1148   46734   710886  15.03
1870-1879       61      0.02565  0.02533  0.50   46154    1169   45573   664152  14.39
1870-1879       62      0.03031  0.02986  0.50   44985    1343   44317   618579  13.75
1870-1879       63      0.03298  0.03244  0.50   43642    1416   42937   574262  13.16
1870-1879       64      0.03612  0.03548  0.50   42226    1498   41481   531325  12.58
1870-1879       65      0.03847  0.03775  0.50   40727    1537   39963   489844  12.03
1870-1879       66      0.03875  0.03802  0.50   39190    1490   38449   449881  11.48
1870-1879       67      0.04375  0.04282  0.50   37700    1614   36897   411432  10.91
1870-1879       68      0.04741  0.04632  0.50   36086    1671   35254   374535  10.38
1870-1879       69      0.05214  0.05082  0.50   34414    1749   33544   339280   9.86
1870-1879       70      0.05437  0.05294  0.50   32665    1729   31804   305736   9.36
1870-1879       71      0.05607  0.05456  0.50   30936    1688   30099   273932   8.85
1870-1879       72      0.06714  0.06497  0.50   29248    1900   28305   243833   8.34
1870-1879       73      0.07290  0.07035  0.50   27348    1924   26392   215528   7.88
1870-1879       74      0.08047  0.07738  0.50   25424    1967   24446   189136   7.44
1870-1879       75      0.08696  0.08337  0.50   23457    1956   22486   164689   7.02
1870-1879       76      0.09765  0.09313  0.50   21501    2002   20507   142203   6.61
1870-1879       77      0.10459  0.09942  0.50   19499    1939   18535   121695   6.24
1870-1879       78      0.11722  0.11077  0.50   17560    1945   16594   103161   5.87
1870-1879       79      0.13075  0.12277  0.50   15615    1917   14661    86566   5.54
1870-1879       80      0.13542  0.12687  0.50   13698    1738   12833    71905   5.25
1870-1879       81      0.14401  0.13437  0.50   11960    1607   11160    59072   4.94
1870-1879       82      0.16205  0.14996  0.50   10353    1553    9581    47913   4.63
1870-1879       83      0.17693  0.16263  0.50    8801    1431    8089    38332   4.36
1870-1879       84      0.19568  0.17830  0.50    7369    1314    6715    30243   4.10
1870-1879       85      0.20666  0.18729  0.50    6055    1134    5488    23528   3.89
1870-1879       86      0.22599  0.20306  0.50    4921     999    4422    18040   3.67
1870-1879       87      0.24319  0.21684  0.50    3922     850    3497    13618   3.47
1870-1879       88      0.25717  0.22793  0.50    3071     700    2722    10121   3.30
1870-1879       89      0.27853  0.24451  0.50    2371     580    2082     7399   3.12
1870-1879       90      0.28910  0.25250  0.50    1792     452    1565     5317   2.97
1870-1879       91      0.30507  0.26464  0.50    1339     354    1162     3752   2.80
1870-1879       92      0.33800  0.28901  0.50     985     285     842     2591   2.63
1870-1879       93      0.34972  0.29761  0.50     700     208     596     1749   2.50
1870-1879       94      0.37925  0.31879  0.50     492     157     413     1153   2.34
1870-1879       95      0.40587  0.33693  0.50     335     113     278      739   2.21
1870-1879       96      0.44337  0.36225  0.49     222      80     181      461   2.08
1870-1879       97      0.46568  0.37703  0.50     142      53     115      280   1.98
1870-1879       98      0.50083  0.39969  0.49      88      35      70      165   1.87
1870-1879       99      0.51242  0.40724  0.50      53      22      42       95   1.79
1870-1879      100      0.55717  0.43320  0.49      31      14      24       53   1.67
1870-1879      101      0.65107  0.48775  0.49      18       9      13       28   1.58
1870-1879      102      0.55033  0.42890  0.49       9       4       7       15   1.63
1870-1879      103      0.66084  0.49305  0.49       5       3       4        8   1.48
1870-1879      104      0.59052  0.45145  0.48       3       1       2        4   1.46
1870-1879      105      0.79457  0.56583  0.49       1       1       1        2   1.26
1870-1879      106      0.67956  0.50271  0.48       1       0       0        1   1.27
1870-1879      107      0.75730  0.54390  0.48       0       0       0        0   1.06
1870-1879      108      1.21311  0.75510  0.50       0       0       0        0   0.75
1870-1879      109      1.85408  1.00000  0.54       0       0       0        0   0.54
1870-1879      110+           .        .     .       0       0       0        0      .
1880-1889        0      0.17448  0.15547  0.30  100000   15547   89103  4808611  48.09
1880-1889        1      0.05764  0.05595  0.48   84453    4725   81977  4719507  55.88
1880-1889        2      0.02333  0.02306  0.50   79729    1839   78802  4637530  58.17
1880-1889        3      0.01457  0.01446  0.50   77890    1127   77322  4558729  58.53
1880-1889        4      0.01045  0.01040  0.50   76764     798   76361  4481406  58.38
1880-1889        5      0.00743  0.00740  0.50   75965     562   75683  4405046  57.99
1880-1889        6      0.00568  0.00566  0.50   75403     427   75190  4329363  57.42
1880-1889        7      0.00427  0.00426  0.50   74977     319   74816  4254173  56.74
1880-1889        8      0.00323  0.00323  0.50   74657     241   74536  4179357  55.98
1880-1889        9      0.00262  0.00262  0.50   74417     195   74319  4104820  55.16
1880-1889       10      0.00236  0.00236  0.50   74222     175   74135  4030502  54.30
1880-1889       11      0.00227  0.00227  0.50   74047     168   73963  3956367  53.43
1880-1889       12      0.00229  0.00229  0.50   73879     169   73794  3882404  52.55
1880-1889       13      0.00239  0.00239  0.50   73709     176   73621  3808610  51.67
1880-1889       14      0.00259  0.00258  0.50   73533     190   73439  3734988  50.79
1880-1889       15      0.00286  0.00286  0.50   73343     209   73239  3661550  49.92
1880-1889       16      0.00313  0.00313  0.51   73134     229   73021  3588310  49.07
1880-1889       17      0.00338  0.00338  0.50   72905     246   72783  3515289  48.22
1880-1889       18      0.00360  0.00359  0.50   72659     261   72529  3442506  47.38
1880-1889       19      0.00376  0.00376  0.50   72398     272   72263  3369977  46.55
1880-1889       20      0.00385  0.00384  0.50   72126     277   71986  3297714  45.72
1880-1889       21      0.00389  0.00389  0.50   71848     279   71708  3225728  44.90
1880-1889       22      0.00398  0.00398  0.50   71569     285   71426  3154021  44.07
1880-1889       23      0.00402  0.00401  0.50   71285     286   71141  3082595  43.24
1880-1889       24      0.00406  0.00405  0.50   70999     288   70854  3011454  42.42
1880-1889       25      0.00427  0.00426  0.50   70711     301   70560  2940600  41.59
1880-1889       26      0.00468  0.00467  0.50   70410     329   70244  2870041  40.76
1880-1889       27      0.00516  0.00514  0.50   70081     361   69899  2799796  39.95
1880-1889       28      0.00608  0.00606  0.50   69720     423   69511  2729897  39.15
1880-1889       29      0.00721  0.00718  0.49   69298     498   69046  2660386  38.39
1880-1889       30      0.00774  0.00771  0.49   68800     531   68531  2591340  37.66
1880-1889       31      0.00700  0.00697  0.49   68269     476   68028  2522808  36.95
1880-1889       32      0.00774  0.00771  0.49   67793     523   67528  2454781  36.21
1880-1889       33      0.00741  0.00738  0.49   67271     496   67019  2387252  35.49
1880-1889       34      0.00751  0.00749  0.49   66774     500   66520  2320233  34.75
1880-1889       35      0.00737  0.00734  0.49   66274     486   66028  2253713  34.01
1880-1889       36      0.00700  0.00697  0.49   65788     459   65556  2187685  33.25
1880-1889       37      0.00676  0.00673  0.50   65329     440   65107  2122129  32.48
1880-1889       38      0.00686  0.00683  0.49   64889     444   64664  2057022  31.70
1880-1889       39      0.00649  0.00647  0.50   64446     417   64237  1992357  30.92
1880-1889       40      0.00660  0.00658  0.50   64029     421   63818  1928120  30.11
1880-1889       41      0.00642  0.00640  0.50   63608     407   63404  1864302  29.31
1880-1889       42      0.00758  0.00755  0.50   63200     477   62962  1800898  28.50
1880-1889       43      0.00736  0.00733  0.50   62723     460   62494  1737936  27.71
1880-1889       44      0.00769  0.00766  0.50   62264     477   62025  1675442  26.91
1880-1889       45      0.00836  0.00832  0.50   61787     514   61530  1613417  26.11
1880-1889       46      0.00858  0.00855  0.50   61272     524   61011  1551887  25.33
1880-1889       47      0.00920  0.00916  0.50   60749     557   60471  1490875  24.54
1880-1889       48      0.00982  0.00977  0.50   60192     588   59899  1430405  23.76
1880-1889       49      0.01072  0.01066  0.50   59604     635   59286  1370506  22.99
1880-1889       50      0.01136  0.01130  0.50   58968     666   58638  1311220  22.24
1880-1889       51      0.01144  0.01137  0.50   58302     663   57972  1252582  21.48
1880-1889       52      0.01357  0.01348  0.50   57639     777   57252  1194610  20.73
1880-1889       53      0.01436  0.01425  0.50   56862     810   56458  1137358  20.00
1880-1889       54      0.01549  0.01538  0.50   56052     862   55622  1080899  19.28
1880-1889       55      0.01560  0.01548  0.50   55190     854   54764  1025277  18.58
1880-1889       56      0.01741  0.01726  0.50   54336     938   53868   970513  17.86
1880-1889       57      0.01888  0.01870  0.50   53398     999   52899   916645  17.17
1880-1889       58      0.02093  0.02072  0.50   52399    1086   51857   863746  16.48
1880-1889       59      0.02282  0.02256  0.50   51313    1158   50736   811888  15.82
1880-1889       60      0.02357  0.02330  0.50   50156    1168   49572   761152  15.18
1880-1889       61      0.02449  0.02419  0.50   48988    1185   48397   711581  14.53
1880-1889       62      0.02833  0.02793  0.50   47802    1335   47137   663183  13.87
1880-1889       63      0.03144  0.03096  0.50   46467    1439   45750   616046  13.26
1880-1889       64      0.03464  0.03405  0.50   45028    1533   44264   570296  12.67
1880-1889       65      0.03688  0.03621  0.50   43495    1575   42711   526033  12.09
1880-1889       66      0.03811  0.03740  0.50   41920    1568   41139   483322  11.53
1880-1889       67      0.04376  0.04282  0.50   40352    1728   39491   442182  10.96
1880-1889       68      0.04789  0.04677  0.50   38624    1806   37725   402691  10.43
1880-1889       69      0.05291  0.05155  0.50   36818    1898   35871   364966   9.91
1880-1889       70      0.05672  0.05516  0.50   34920    1926   33960   329095   9.42
1880-1889       71      0.05960  0.05788  0.50   32994    1910   32041   295135   8.95
1880-1889       72      0.06891  0.06662  0.50   31084    2071   30053   263093   8.46
1880-1889       73      0.07552  0.07278  0.50   29013    2112   27961   233040   8.03
1880-1889       74      0.08260  0.07933  0.50   26902    2134   25837   205079   7.62
1880-1889       75      0.08808  0.08438  0.50   24767    2090   23726   179242   7.24
1880-1889       76      0.09674  0.09229  0.50   22677    2093   21635   155516   6.86
1880-1889       77      0.10216  0.09721  0.50   20585    2001   19587   133881   6.50
1880-1889       78      0.11179  0.10589  0.50   18584    1968   17604   114294   6.15
1880-1889       79      0.12141  0.11448  0.50   16616    1902   15668    96690   5.82
1880-1889       80      0.12939  0.12155  0.50   14714    1789   13822    81023   5.51
1880-1889       81      0.13748  0.12865  0.50   12925    1663   12095    67200   5.20
1880-1889       82      0.15345  0.14254  0.50   11262    1605   10461    55105   4.89
1880-1889       83      0.16286  0.15062  0.50    9657    1455    8931    44644   4.62
1880-1889       84      0.17962  0.16486  0.50    8202    1352    7529    35713   4.35
1880-1889       85      0.19068  0.17407  0.50    6850    1192    6254    28184   4.11
1880-1889       86      0.20772  0.18816  0.50    5658    1065    5125    21931   3.88
1880-1889       87      0.22374  0.20121  0.50    4593     924    4131    16806   3.66
1880-1889       88      0.24042  0.21455  0.50    3669     787    3274    12675   3.45
1880-1889       89      0.25670  0.22749  0.50    2882     656    2554     9401   3.26
1880-1889       90      0.27682  0.24297  0.50    2226     541    1954     6847   3.08
1880-1889       91      0.29654  0.25800  0.50    1685     435    1466     4893   2.90
1880-1889       92      0.32191  0.27700  0.50    1251     346    1076     3427   2.74
1880-1889       93      0.34386  0.29311  0.50     904     265     771     2351   2.60
1880-1889       94      0.36619  0.30922  0.50     639     198     540     1580   2.47
1880-1889       95      0.39011  0.32565  0.49     441     144     369     1041   2.36
1880-1889       96      0.41105  0.34016  0.49     298     101     246      672   2.26
1880-1889       97      0.42622  0.35045  0.49     196      69     162      426   2.17
1880-1889       98      0.45235  0.36821  0.49     128      47     104      264   2.07
1880-1889       99      0.45795  0.37184  0.49      81      30      65      160   1.99
1880-1889      100      0.51614  0.40773  0.48      51      21      40       95   1.87
1880-1889      101      0.52404  0.41260  0.48      30      12      24       55   1.83
1880-1889      102      0.54136  0.42328  0.48      18       7      14       31   1.77
1880-1889      103      0.56389  0.43760  0.49      10       4       8       17   1.72
1880-1889      104      0.53919  0.42252  0.49       6       2       4       10   1.68
1880-1889      105      0.52270  0.41169  0.48       3       1       3        5   1.55
1880-1889      106      0.68887  0.50848  0.49       2       1       1        3   1.29
1880-1889      107      0.72957  0.53022  0.48       1       1       1        1   1.12
1880-1889      108      0.96040  0.63797  0.47       0       0       0        0   0.83
1880-1889      109      2.13681  1.00000  0.47       0       0       0        0   0.47
1880-1889      110+           .        .     .       0       0       0        0      .
1890-1899        0      0.19030  0.16790  0.30  100000   16790   88232  4882168  48.82
1890-1899        1      0.05303  0.05159  0.47   83210    4293   80942  4793936  57.61
1890-1899        2      0.01991  0.01971  0.50   78917    1555   78132  4712994  59.72
1890-1899        3      0.01239  0.01231  0.49   77362     952   76880  4634861  59.91
1890-1899        4      0.00887  0.00883  0.50   76410     674   76069  4557981  59.65
1890-1899        5      0.00627  0.00625  0.50   75735     473   75497  4481912  59.18
1890-1899        6      0.00467  0.00466  0.50   75262     351   75085  4406414  58.55
1890-1899        7      0.00350  0.00349  0.50   74911     262   74780  4331329  57.82
1890-1899        8      0.00272  0.00271  0.50   74649     202   74548  4256549  57.02
1890-1899        9      0.00224  0.00224  0.50   74447     167   74363  4182001  56.17
1890-1899       10      0.00204  0.00204  0.50   74280     151   74205  4107638  55.30
1890-1899       11      0.00194  0.00194  0.50   74129     144   74057  4033433  54.41
1890-1899       12      0.00192  0.00191  0.50   73985     142   73914  3959376  53.52
1890-1899       13      0.00199  0.00199  0.50   73843     147   73770  3885461  52.62
1890-1899       14      0.00218  0.00218  0.50   73697     161   73617  3811691  51.72
1890-1899       15      0.00246  0.00246  0.51   73536     181   73447  3738075  50.83
1890-1899       16      0.00277  0.00277  0.51   73355     203   73255  3664628  49.96
1890-1899       17      0.00317  0.00317  0.51   73152     232   73037  3591373  49.09
1890-1899       18      0.00432  0.00431  0.52   72920     314   72768  3518336  48.25
1890-1899       19      0.00545  0.00543  0.50   72606     394   72409  3445568  47.46
1890-1899       20      0.00564  0.00562  0.49   72211     406   72006  3373159  46.71
1890-1899       21      0.00631  0.00629  0.49   71805     452   71577  3301153  45.97
1890-1899       22      0.00652  0.00650  0.49   71353     464   71119  3229576  45.26
1890-1899       23      0.00695  0.00693  0.49   70890     491   70641  3158457  44.55
1890-1899       24      0.00704  0.00702  0.49   70399     494   70148  3087816  43.86
1890-1899       25      0.00676  0.00673  0.49   69905     471   69665  3017668  43.17
1890-1899       26      0.00621  0.00619  0.49   69434     430   69215  2948003  42.46
1890-1899       27      0.00580  0.00579  0.49   69004     399   68800  2878789  41.72
1890-1899       28      0.00499  0.00498  0.48   68605     342   68427  2809989  40.96
1890-1899       29      0.00410  0.00409  0.49   68263     279   68121  2741562  40.16
1890-1899       30      0.00389  0.00389  0.50   67984     264   67851  2673441  39.32
1890-1899       31      0.00377  0.00376  0.50   67720     255   67592  2605590  38.48
1890-1899       32      0.00406  0.00405  0.50   67465     273   67327  2537998  37.62
1890-1899       33      0.00399  0.00398  0.50   67192     268   67057  2470671  36.77
1890-1899       34      0.00419  0.00419  0.50   66924     280   66783  2403614  35.92
1890-1899       35      0.00437  0.00436  0.50   66644     291   66499  2336831  35.06
1890-1899       36      0.00453  0.00452  0.50   66353     300   66203  2270332  34.22
1890-1899       37      0.00461  0.00460  0.50   66054     304   65901  2204129  33.37
1890-1899       38      0.00496  0.00495  0.50   65750     325   65587  2138227  32.52
1890-1899       39      0.00503  0.00501  0.50   65424     328   65260  2072641  31.68
1890-1899       40      0.00526  0.00525  0.50   65097     342   64927  2007381  30.84
1890-1899       41      0.00538  0.00536  0.50   64755     347   64582  1942454  30.00
1890-1899       42      0.00620  0.00618  0.50   64407     398   64209  1877873  29.16
1890-1899       43      0.00612  0.00610  0.50   64009     391   63814  1813664  28.33
1890-1899       44      0.00644  0.00642  0.50   63619     408   63415  1749850  27.51
1890-1899       45      0.00702  0.00699  0.50   63211     442   62990  1686434  26.68
1890-1899       46      0.00732  0.00729  0.50   62769     457   62541  1623444  25.86
1890-1899       47      0.00793  0.00790  0.50   62311     492   62066  1560903  25.05
1890-1899       48      0.00838  0.00834  0.50   61819     516   61562  1498837  24.25
1890-1899       49      0.00921  0.00916  0.50   61303     562   61023  1437276  23.45
1890-1899       50      0.00958  0.00953  0.50   60741     579   60451  1376253  22.66
1890-1899       51      0.00971  0.00967  0.50   60162     582   59872  1315802  21.87
1890-1899       52      0.01120  0.01114  0.50   59580     664   59250  1255930  21.08
1890-1899       53      0.01218  0.01210  0.50   58917     713   58561  1196680  20.31
1890-1899       54      0.01311  0.01303  0.50   58204     758   57825  1138119  19.55
1890-1899       55      0.01357  0.01348  0.50   57445     775   57060  1080294  18.81
1890-1899       56      0.01570  0.01558  0.50   56671     883   56231  1023235  18.06
1890-1899       57      0.01745  0.01730  0.50   55788     965   55307   967004  17.33
1890-1899       58      0.01952  0.01933  0.50   54823    1060   54295   911697  16.63
1890-1899       59      0.02140  0.02117  0.50   53763    1138   53195   857402  15.95
1890-1899       60      0.02277  0.02252  0.50   52625    1185   52034   804207  15.28
1890-1899       61      0.02454  0.02425  0.50   51440    1247   50818   752173  14.62
1890-1899       62      0.02809  0.02771  0.50   50193    1391   49500   701355  13.97
1890-1899       63      0.03130  0.03082  0.50   48802    1504   48052   651855  13.36
1890-1899       64      0.03457  0.03398  0.50   47298    1607   46496   603802  12.77
1890-1899       65      0.03706  0.03639  0.50   45690    1663   44863   557306  12.20
1890-1899       66      0.03887  0.03814  0.50   44028    1679   43193   512443  11.64
1890-1899       67      0.04445  0.04349  0.50   42349    1842   41431   469250  11.08
1890-1899       68      0.04780  0.04669  0.50   40507    1891   39565   427819  10.56
1890-1899       69      0.05281  0.05146  0.50   38616    1987   37627   388254  10.05
1890-1899       70      0.05679  0.05523  0.50   36629    2023   35622   350628   9.57
1890-1899       71      0.06061  0.05884  0.50   34606    2036   33592   315005   9.10
1890-1899       72      0.06804  0.06581  0.50   32569    2143   31502   281414   8.64
1890-1899       73      0.07374  0.07113  0.50   30426    2164   29348   249912   8.21
1890-1899       74      0.08027  0.07719  0.50   28262    2181   27176   220564   7.80
1890-1899       75      0.08628  0.08273  0.50   26081    2158   25008   193388   7.42
1890-1899       76      0.09355  0.08939  0.50   23923    2139   22860   168380   7.04
1890-1899       77      0.09984  0.09511  0.50   21785    2072   20754   145521   6.68
1890-1899       78      0.10821  0.10268  0.50   19713    2024   18705   124767   6.33
1890-1899       79      0.11693  0.11050  0.50   17688    1955   16716   106062   6.00
1890-1899       80      0.12660  0.11909  0.50   15734    1874   14800    89346   5.68
1890-1899       81      0.13460  0.12615  0.50   13860    1748   12989    74546   5.38
1890-1899       82      0.14757  0.13746  0.50   12112    1665   11282    61557   5.08
1890-1899       83      0.15932  0.14759  0.50   10447    1542    9678    50275   4.81
1890-1899       84      0.17063  0.15723  0.50    8905    1400    8206    40597   4.56
1890-1899       85      0.18291  0.16758  0.50    7505    1258    6876    32392   4.32
1890-1899       86      0.19874  0.18076  0.50    6247    1129    5682    25516   4.08
1890-1899       87      0.20999  0.19000  0.50    5118     972    4631    19834   3.88
1890-1899       88      0.22407  0.20147  0.50    4145     835    3727    15204   3.67
1890-1899       89      0.23940  0.21378  0.50    3310     708    2956    11476   3.47
1890-1899       90      0.25459  0.22566  0.50    2603     587    2307     8520   3.27
1890-1899       91      0.27287  0.23994  0.50    2015     484    1772     6213   3.08
1890-1899       92      0.29427  0.25632  0.50    1532     393    1334     4441   2.90
1890-1899       93      0.31794  0.27420  0.50    1139     312     982     3107   2.73
1890-1899       94      0.34142  0.29137  0.50     827     241     706     2125   2.57
1890-1899       95      0.36444  0.30772  0.49     586     180     495     1419   2.42
1890-1899       96      0.39431  0.32868  0.49     406     133     338      924   2.28
1890-1899       97      0.42799  0.35180  0.49     272      96     224      586   2.15
1890-1899       98      0.42921  0.35248  0.49     177      62     145      362   2.05
1890-1899       99      0.48500  0.38934  0.49     114      44      92      217   1.90
1890-1899      100      0.50273  0.39918  0.48      70      28      55      126   1.80
1890-1899      101      0.56513  0.43744  0.48      42      18      32       70   1.68
1890-1899      102      0.61760  0.46893  0.49      24      11      18       38   1.60
1890-1899      103      0.57822  0.44472  0.48      13       6      10       20   1.59
1890-1899      104      0.64337  0.48242  0.48       7       3       5       10   1.48
1890-1899      105      0.78831  0.56122  0.49       4       2       3        5   1.41
1890-1899      106      0.62834  0.47420  0.48       2       1       1        3   1.59
1890-1899      107      0.45501  0.36881  0.49       1       0       1        1   1.59
1890-1899      108      0.70634  0.51643  0.48       1       0       0        1   1.23
1890-1899      109      0.72085  0.52816  0.49       0       0       0        0   1.04
1890-1899      110+     1.54623  1.00000  0.65       0       0       0        0   0.65
1900-1909        0      0.15922  0.14323  0.30  100000   14323   89961  5343382  53.43
1900-1909        1      0.04001  0.03918  0.47   85677    3357   83912  5253421  61.32
1900-1909        2      0.01521  0.01509  0.49   82320    1242   81692  5169509  62.80
1900-1909        3      0.00915  0.00911  0.50   81077     738   80704  5087817  62.75
1900-1909        4      0.00657  0.00655  0.50   80339     526   80073  5007113  62.32
1900-1909        5      0.00513  0.00512  0.50   79813     409   79608  4927039  61.73
1900-1909        6      0.00390  0.00389  0.50   79404     309   79249  4847431  61.05
1900-1909        7      0.00301  0.00301  0.50   79095     238   78976  4768182  60.28
1900-1909        8      0.00256  0.00256  0.50   78857     202   78757  4689206  59.46
1900-1909        9      0.00241  0.00241  0.50   78656     190   78560  4610449  58.62
1900-1909       10      0.00230  0.00230  0.50   78466     180   78376  4531889  57.76
1900-1909       11      0.00217  0.00217  0.50   78286     170   78201  4453514  56.89
1900-1909       12      0.00206  0.00205  0.50   78116     160   78036  4375313  56.01
1900-1909       13      0.00211  0.00210  0.50   77956     164   77873  4297278  55.12
1900-1909       14      0.00235  0.00235  0.50   77792     183   77700  4219404  54.24
1900-1909       15      0.00267  0.00267  0.50   77609     207   77505  4141705  53.37
1900-1909       16      0.00298  0.00298  0.50   77402     230   77286  4064200  52.51
1900-1909       17      0.00331  0.00331  0.50   77171     255   77043  3986913  51.66
1900-1909       18      0.00358  0.00357  0.49   76916     275   76775  3909870  50.83
1900-1909       19      0.00322  0.00321  0.50   76641     246   76519  3833095  50.01
1900-1909       20      0.00330  0.00329  0.50   76395     251   76269  3756576  49.17
1900-1909       21      0.00334  0.00333  0.50   76143     254   76016  3680307  48.33
1900-1909       22      0.00328  0.00327  0.50   75890     248   75765  3604292  47.49
1900-1909       23      0.00333  0.00332  0.50   75641     251   75515  3528527  46.65
1900-1909       24      0.00329  0.00329  0.50   75390     248   75265  3453012  45.80
1900-1909       25      0.00319  0.00319  0.50   75142     240   75021  3377747  44.95
1900-1909       26      0.00318  0.00318  0.49   74903     238   74782  3302725  44.09
1900-1909       27      0.00323  0.00323  0.49   74665     241   74543  3227943  43.23
1900-1909       28      0.00314  0.00313  0.49   74424     233   74306  3153401  42.37
1900-1909       29      0.00315  0.00315  0.49   74190     233   74072  3079095  41.50
1900-1909       30      0.00311  0.00311  0.50   73957     230   73841  3005023  40.63
1900-1909       31      0.00316  0.00315  0.50   73727     232   73610  2931181  39.76
1900-1909       32      0.00347  0.00347  0.49   73495     255   73366  2857571  38.88
1900-1909       33      0.00352  0.00352  0.49   73240     258   73109  2784205  38.01
1900-1909       34      0.00362  0.00361  0.49   72982     264   72849  2711096  37.15
1900-1909       35      0.00393  0.00392  0.50   72719     285   72575  2638247  36.28
1900-1909       36      0.00385  0.00385  0.50   72434     279   72293  2565672  35.42
1900-1909       37      0.00391  0.00390  0.50   72155     281   72014  2493379  34.56
1900-1909       38      0.00406  0.00405  0.50   71874     291   71727  2421365  33.69
1900-1909       39      0.00412  0.00411  0.50   71582     294   71434  2349638  32.82
1900-1909       40      0.00405  0.00404  0.50   71288     288   71143  2278204  31.96
1900-1909       41      0.00397  0.00396  0.50   71000     281   70858  2207061  31.09
1900-1909       42      0.00438  0.00437  0.50   70719     309   70563  2136202  30.21
1900-1909       43      0.00434  0.00433  0.50   70410     305   70256  2065639  29.34
1900-1909       44      0.00455  0.00454  0.50   70104     318   69945  1995383  28.46
1900-1909       45      0.00503  0.00502  0.50   69786     350   69611  1925438  27.59
1900-1909       46      0.00544  0.00543  0.50   69436     377   69247  1855827  26.73
1900-1909       47      0.00589  0.00587  0.50   69059     405   68856  1786580  25.87
1900-1909       48      0.00648  0.00646  0.50   68654     444   68432  1717724  25.02
1900-1909       49      0.00727  0.00725  0.50   68210     494   67963  1649292  24.18
1900-1909       50      0.00785  0.00782  0.50   67716     530   67451  1581330  23.35
1900-1909       51      0.00844  0.00840  0.50   67186     564   66904  1513879  22.53
1900-1909       52      0.00970  0.00965  0.50   66622     643   66300  1446975  21.72
1900-1909       53      0.01083  0.01077  0.50   65979     711   65623  1380675  20.93
1900-1909       54      0.01199  0.01192  0.50   65268     778   64879  1315051  20.15
1900-1909       55      0.01306  0.01297  0.50   64491     837   64072  1250172  19.39
1900-1909       56      0.01489  0.01478  0.50   63654     941   63183  1186101  18.63
1900-1909       57      0.01646  0.01633  0.50   62713    1024   62200  1122917  17.91
1900-1909       58      0.01848  0.01831  0.50   61689    1129   61123  1060718  17.19
1900-1909       59      0.02033  0.02012  0.50   60560    1219   59950   999594  16.51
1900-1909       60      0.02211  0.02187  0.50   59341    1298   58692   939644  15.83
1900-1909       61      0.02398  0.02370  0.50   58043    1375   57355   880952  15.18
1900-1909       62      0.02714  0.02678  0.50   56668    1517   55908   823597  14.53
1900-1909       63      0.02937  0.02894  0.50   55151    1596   54351   767689  13.92
1900-1909       64      0.03285  0.03231  0.50   53554    1731   52688   713338  13.32
1900-1909       65      0.03548  0.03486  0.50   51824    1807   50921   660650  12.75
1900-1909       66      0.03808  0.03736  0.50   50017    1869   49083   609729  12.19
1900-1909       67      0.04207  0.04121  0.50   48148    1984   47157   560646  11.64
1900-1909       68      0.04557  0.04455  0.50   46164    2057   45136   513489  11.12
1900-1909       69      0.04974  0.04853  0.50   44108    2141   43036   468353  10.62
1900-1909       70      0.05329  0.05190  0.50   41967    2178   40878   425317  10.13
1900-1909       71      0.05731  0.05571  0.50   39789    2217   38681   384439   9.66
1900-1909       72      0.06266  0.06076  0.50   37572    2283   36431   345757   9.20
1900-1909       73      0.06821  0.06596  0.50   35289    2328   34126   309326   8.77
1900-1909       74      0.07358  0.07097  0.50   32961    2339   31792   275201   8.35
1900-1909       75      0.07878  0.07580  0.50   30622    2321   29464   243409   7.95
1900-1909       76      0.08526  0.08178  0.50   28301    2315   27146   213945   7.56
1900-1909       77      0.09110  0.08714  0.50   25987    2265   24856   186799   7.19
1900-1909       78      0.09757  0.09304  0.50   23722    2207   22620   161942   6.83
1900-1909       79      0.10511  0.09987  0.50   21515    2149   20443   139322   6.48
1900-1909       80      0.11404  0.10790  0.50   19366    2090   18323   118880   6.14
1900-1909       81      0.12145  0.11451  0.50   17277    1978   16289   100557   5.82
1900-1909       82      0.13051  0.12252  0.50   15298    1874   14362    84267   5.51
1900-1909       83      0.14067  0.13144  0.50   13424    1764   12543    69906   5.21
1900-1909       84      0.15198  0.14127  0.50   11660    1647   10838    57362   4.92
1900-1909       85      0.16291  0.15062  0.50   10012    1508    9257    46524   4.65
1900-1909       86      0.17491  0.16082  0.50    8504    1368    7819    37267   4.38
1900-1909       87      0.18862  0.17236  0.50    7137    1230    6521    29448   4.13
1900-1909       88      0.20233  0.18374  0.50    5907    1085    5364    22927   3.88
1900-1909       89      0.21955  0.19782  0.50    4821     954    4344    17563   3.64
1900-1909       90      0.23939  0.21369  0.50    3868     826    3452    13219   3.42
1900-1909       91      0.25355  0.22488  0.50    3041     684    2697     9767   3.21
1900-1909       92      0.28251  0.24739  0.50    2357     583    2064     7069   3.00
1900-1909       93      0.30459  0.26417  0.50    1774     469    1539     5005   2.82
1900-1909       94      0.32446  0.27900  0.50    1305     364    1122     3467   2.66
1900-1909       95      0.35647  0.30193  0.49     941     284     797     2344   2.49
1900-1909       96      0.37543  0.31544  0.49     657     207     552     1547   2.35
1900-1909       97      0.40948  0.33924  0.49     450     153     373      995   2.21
1900-1909       98      0.43783  0.35846  0.49     297     107     243      622   2.09
1900-1909       99      0.45490  0.36975  0.49     191      70     155      379   1.99
1900-1909      100      0.49683  0.39582  0.49     120      48      96      224   1.86
1900-1909      101      0.54481  0.42566  0.49      73      31      57      128   1.77
1900-1909      102      0.55941  0.43413  0.48      42      18      32       71   1.71
1900-1909      103      0.55224  0.42989  0.48      24      10      18       39   1.66
1900-1909      104      0.61934  0.47026  0.49      13       6      10       21   1.54
1900-1909      105      0.69316  0.51017  0.48       7       4       5       11   1.48
1900-1909      106      0.52887  0.41607  0.49       3       1       3        5   1.52
1900-1909      107      0.68405  0.50545  0.48       2       1       2        3   1.26
1900-1909      108      0.90571  0.61686  0.48       1       1       1        1   1.05
1900-1909      109      0.73830  0.53288  0.48       0       0       0        0   0.96
1900-1909      110+     1.94417  1.00000  0.51       0       0       0        0   0.51
1910-1919        0      0.12298  0.11322  0.30  100000   11322   92065  5779039  57.79
1910-1919        1      0.03219  0.03165  0.47   88678    2806   87190  5686975  64.13
1910-1919        2      0.01361  0.01352  0.49   85872    1161   85283  5599785  65.21
1910-1919        3      0.00841  0.00838  0.49   84711     710   84350  5514502  65.10
1910-1919        4      0.00610  0.00608  0.49   84001     511   83741  5430152  64.64
1910-1919        5      0.00487  0.00486  0.49   83490     406   83284  5346411  64.04
1910-1919        6      0.00363  0.00362  0.49   83084     301   82932  5263128  63.35
1910-1919        7      0.00281  0.00281  0.49   82783     233   82666  5180196  62.58
1910-1919        8      0.00225  0.00225  0.49   82551     185   82456  5097531  61.75
1910-1919        9      0.00186  0.00186  0.50   82365     153   82288  5015075  60.89
1910-1919       10      0.00167  0.00167  0.50   82212     138   82144  4932786  60.00
1910-1919       11      0.00156  0.00156  0.50   82075     128   82011  4850643  59.10
1910-1919       12      0.00149  0.00149  0.50   81947     122   81886  4768632  58.19
1910-1919       13      0.00158  0.00158  0.50   81825     129   81760  4686746  57.28
1910-1919       14      0.00175  0.00175  0.50   81696     143   81624  4604985  56.37
1910-1919       15      0.00196  0.00196  0.50   81553     160   81473  4523361  55.47
1910-1919       16      0.00224  0.00224  0.50   81393     182   81302  4441888  54.57
1910-1919       17      0.00249  0.00249  0.50   81211     202   81110  4360585  53.69
1910-1919       18      0.00266  0.00265  0.50   81008     215   80901  4279475  52.83
1910-1919       19      0.00277  0.00276  0.50   80794     223   80682  4198574  51.97
1910-1919       20      0.00291  0.00291  0.50   80570     234   80452  4117891  51.11
1910-1919       21      0.00303  0.00302  0.49   80336     243   80213  4037439  50.26
1910-1919       22      0.00319  0.00319  0.49   80093     255   79964  3957226  49.41
1910-1919       23      0.00337  0.00336  0.49   79838     268   79702  3877262  48.56
1910-1919       24      0.00350  0.00349  0.49   79570     278   79429  3797560  47.73
1910-1919       25      0.00347  0.00347  0.49   79292     275   79152  3718132  46.89
1910-1919       26      0.00346  0.00346  0.49   79017     273   78878  3638980  46.05
1910-1919       27      0.00322  0.00322  0.49   78744     254   78615  3560102  45.21
1910-1919       28      0.00311  0.00310  0.49   78490     243   78366  3481487  44.36
1910-1919       29      0.00294  0.00294  0.49   78247     230   78130  3403120  43.49
1910-1919       30      0.00289  0.00288  0.49   78017     225   77903  3324990  42.62
1910-1919       31      0.00257  0.00257  0.49   77792     200   77690  3247088  41.74
1910-1919       32      0.00239  0.00239  0.49   77593     186   77498  3169397  40.85
1910-1919       33      0.00230  0.00230  0.49   77407     178   77317  3091899  39.94
1910-1919       34      0.00219  0.00219  0.49   77229     169   77143  3014582  39.03
1910-1919       35      0.00217  0.00217  0.50   77060     167   76976  2937438  38.12
1910-1919       36      0.00207  0.00207  0.50   76893     159   76813  2860462  37.20
1910-1919       37      0.00216  0.00216  0.49   76734     166   76650  2783649  36.28
1910-1919       38      0.00227  0.00226  0.50   76568     173   76481  2706999  35.35
1910-1919       39      0.00239  0.00239  0.50   76395     183   76303  2630518  34.43
1910-1919       40      0.00253  0.00253  0.50   76212     193   76115  2554216  33.51
1910-1919       41      0.00270  0.00270  0.50   76019     205   75916  2478100  32.60
1910-1919       42      0.00309  0.00308  0.50   75814     234   75697  2402184  31.69
1910-1919       43      0.00331  0.00331  0.50   75581     250   75456  2326487  30.78
1910-1919       44      0.00365  0.00364  0.50   75331     275   75193  2251031  29.88
1910-1919       45      0.00412  0.00411  0.50   75056     308   74902  2175838  28.99
1910-1919       46      0.00458  0.00457  0.50   74748     341   74577  2100936  28.11
1910-1919       47      0.00523  0.00522  0.50   74406     388   74212  2026359  27.23
1910-1919       48      0.00571  0.00570  0.50   74018     422   73807  1952147  26.37
1910-1919       49      0.00651  0.00649  0.50   73596     478   73358  1878340  25.52
1910-1919       50      0.00727  0.00724  0.50   73119     530   72854  1804982  24.69
1910-1919       51      0.00799  0.00796  0.50   72589     578   72300  1732128  23.86
1910-1919       52      0.00910  0.00906  0.50   72011     652   71685  1659828  23.05
1910-1919       53      0.01015  0.01010  0.50   71359     721   70998  1588143  22.26
1910-1919       54      0.01134  0.01127  0.50   70638     796   70240  1517145  21.48
1910-1919       55      0.01234  0.01226  0.50   69842     856   69413  1446905  20.72
1910-1919       56      0.01365  0.01356  0.50   68985     935   68517  1377492  19.97
1910-1919       57      0.01510  0.01499  0.50   68050    1020   67540  1308974  19.24
1910-1919       58      0.01672  0.01658  0.50   67030    1111   66473  1241435  18.52
1910-1919       59      0.01830  0.01814  0.50   65919    1195   65319  1174962  17.82
1910-1919       60      0.02001  0.01981  0.50   64723    1282   64081  1109642  17.14
1910-1919       61      0.02179  0.02156  0.50   63441    1368   62755  1045561  16.48
1910-1919       62      0.02371  0.02343  0.50   62073    1454   61344   982806  15.83
1910-1919       63      0.02577  0.02544  0.50   60619    1542   59846   921462  15.20
1910-1919       64      0.02814  0.02775  0.50   59077    1639   58254   861616  14.58
1910-1919       65      0.03051  0.03005  0.50   57438    1726   56573   803362  13.99
1910-1919       66      0.03276  0.03223  0.50   55712    1796   54811   746789  13.40
1910-1919       67      0.03580  0.03517  0.50   53916    1896   52965   691978  12.83
1910-1919       68      0.03882  0.03808  0.50   52020    1981   51026   639013  12.28
1910-1919       69      0.04143  0.04059  0.50   50039    2031   49020   587987  11.75
1910-1919       70      0.04507  0.04408  0.50   48008    2116   46947   538968  11.23
1910-1919       71      0.04824  0.04710  0.50   45892    2162   44808   492020  10.72
1910-1919       72      0.05265  0.05130  0.50   43730    2243   42605   447212  10.23
1910-1919       73      0.05651  0.05496  0.50   41487    2280   40344   404607   9.75
1910-1919       74      0.06109  0.05927  0.50   39207    2324   38041   364263   9.29
1910-1919       75      0.06537  0.06330  0.50   36883    2335   35714   326222   8.84
1910-1919       76      0.07064  0.06823  0.50   34548    2357   33367   290508   8.41
1910-1919       77      0.07558  0.07282  0.50   32191    2344   31018   257140   7.99
1910-1919       78      0.08144  0.07825  0.50   29847    2336   28678   226123   7.58
1910-1919       79      0.08801  0.08429  0.50   27512    2319   26350   197445   7.18
1910-1919       80      0.09685  0.09236  0.50   25192    2327   24026   171094   6.79
1910-1919       81      0.10337  0.09828  0.50   22866    2247   21739   147068   6.43
1910-1919       82      0.11249  0.10650  0.50   20618    2196   19519   125328   6.08
1910-1919       83      0.12184  0.11483  0.50   18423    2116   17364   105809   5.74
1910-1919       84      0.13085  0.12280  0.50   16307    2003   15305    88446   5.42
1910-1919       85      0.14219  0.13271  0.50   14304    1898   13351    73141   5.11
1910-1919       86      0.15256  0.14170  0.50   12406    1758   11523    59791   4.82
1910-1919       87      0.16401  0.15153  0.50   10648    1614    9838    48267   4.53
1910-1919       88      0.17780  0.16324  0.50    9035    1475    8295    38429   4.25
1910-1919       89      0.19338  0.17628  0.50    7560    1333    6891    30134   3.99
1910-1919       90      0.21063  0.19043  0.50    6227    1186    5630    23243   3.73
1910-1919       91      0.22865  0.20506  0.50    5041    1034    4521    17613   3.49
1910-1919       92      0.24780  0.22036  0.50    4008     883    3564    13092   3.27
1910-1919       93      0.27096  0.23848  0.50    3124     745    2750     9528   3.05
1910-1919       94      0.28861  0.25206  0.50    2379     600    2078     6778   2.85
1910-1919       95      0.32295  0.27761  0.49    1780     494    1530     4700   2.64
1910-1919       96      0.35218  0.29898  0.49    1286     384    1091     3170   2.47
1910-1919       97      0.38433  0.32182  0.49     901     290     755     2079   2.31
1910-1919       98      0.40994  0.33961  0.49     611     208     506     1324   2.17
1910-1919       99      0.44303  0.36181  0.49     404     146     330      818   2.03
1910-1919      100      0.48804  0.38966  0.48     258     100     206      488   1.90
1910-1919      101      0.51124  0.40436  0.48     157      64     124      282   1.80
1910-1919      102      0.56197  0.43542  0.48      94      41      73      158   1.69
1910-1919      103      0.54859  0.42844  0.49      53      23      41       86   1.62
1910-1919      104      0.66393  0.49471  0.48      30      15      23       44   1.47
1910-1919      105      0.65075  0.48454  0.47      15       7      11       22   1.43
1910-1919      106      0.65397  0.48766  0.48       8       4       6       10   1.32
1910-1919      107      0.78557  0.55447  0.47       4       2       3        5   1.12
1910-1919      108      0.91342  0.61760  0.48       2       1       1        2   0.94
1910-1919      109      1.26982  0.76891  0.49       1       1       0        0   0.69
1910-1919      110+     2.85169  1.00000  0.35       0       0       0        0   0.35
1920-1927        0      0.08973  0.08442  0.30  100000    8442   94083  6295669  62.96
1920-1927        1      0.02166  0.02142  0.48   91558    1961   90535  6201587  67.73
1920-1927        2      0.00879  0.00875  0.49   89596     784   89194  6111052  68.21
1920-1927        3      0.00520  0.00519  0.49   88812     461   88578  6021857  67.80
1920-1927        4      0.00396  0.00395  0.49   88351     349   88174  5933279  67.16
1920-1927        5      0.00358  0.00358  0.49   88002     315   87843  5845105  66.42
1920-1927        6      0.00272  0.00272  0.50   87687     238   87567  5757262  65.66
1920-1927        7      0.00223  0.00222  0.49   87449     195   87350  5669695  64.83
1920-1927        8      0.00182  0.00182  0.49   87254     159   87174  5582345  63.98
1920-1927        9      0.00160  0.00160  0.49   87096     139   87025  5495171  63.09
1920-1927       10      0.00142  0.00142  0.50   86957     124   86894  5408146  62.19
1920-1927       11      0.00130  0.00130  0.50   86833     113   86776  5321251  61.28
1920-1927       12      0.00125  0.00125  0.50   86720     108   86666  5234475  60.36
1920-1927       13      0.00132  0.00132  0.50   86612     115   86554  5147809  59.44
1920-1927       14      0.00153  0.00153  0.50   86497     133   86431  5061255  58.51
1920-1927       15      0.00177  0.00177  0.50   86365     153   86288  4974825  57.60
1920-1927       16      0.00197  0.00197  0.50   86212     170   86127  4888536  56.70
1920-1927       17      0.00227  0.00227  0.50   86042     195   85944  4802410  55.81
1920-1927       18      0.00259  0.00259  0.50   85847     222   85735  4716466  54.94
1920-1927       19      0.00311  0.00311  0.50   85624     266   85490  4630731  54.08
1920-1927       20      0.00312  0.00311  0.48   85358     266   85221  4545241  53.25
1920-1927       21      0.00304  0.00304  0.49   85093     259   84961  4460020  52.41
1920-1927       22      0.00268  0.00268  0.49   84834     227   84719  4375059  51.57
1920-1927       23      0.00219  0.00219  0.49   84607     185   84513  4290340  50.71
1920-1927       24      0.00198  0.00198  0.49   84422     167   84337  4205828  49.82
1920-1927       25      0.00172  0.00171  0.49   84254     144   84181  4121491  48.92
1920-1927       26      0.00157  0.00156  0.49   84110     132   84043  4037310  48.00
1920-1927       27      0.00148  0.00148  0.49   83978     124   83915  3953267  47.07
1920-1927       28      0.00146  0.00145  0.49   83855     122   83792  3869352  46.14
1920-1927       29      0.00142  0.00142  0.49   83733     119   83672  3785560  45.21
1920-1927       30      0.00140  0.00140  0.49   83614     117   83554  3701889  44.27
1920-1927       31      0.00130  0.00130  0.49   83497     109   83441  3618335  43.34
1920-1927       32      0.00139  0.00138  0.49   83388     115   83329  3534894  42.39
1920-1927       33      0.00139  0.00139  0.49   83272     116   83214  3451565  41.45
1920-1927       34      0.00144  0.00144  0.49   83157     120   83096  3368351  40.51
1920-1927       35      0.00163  0.00163  0.50   83037     135   82969  3285256  39.56
1920-1927       36      0.00167  0.00166  0.50   82902     138   82832  3202287  38.63
1920-1927       37      0.00185  0.00184  0.50   82764     153   82687  3119455  37.69
1920-1927       38      0.00206  0.00206  0.50   82611     170   82525  3036768  36.76
1920-1927       39      0.00223  0.00223  0.50   82441     184   82349  2954243  35.83
1920-1927       40      0.00246  0.00246  0.50   82258     202   82156  2871894  34.91
1920-1927       41      0.00267  0.00267  0.50   82056     219   81946  2789738  34.00
1920-1927       42      0.00311  0.00311  0.50   81836     254   81709  2707792  33.09
1920-1927       43      0.00339  0.00338  0.50   81582     276   81443  2626083  32.19
1920-1927       44      0.00371  0.00370  0.50   81306     301   81155  2544640  31.30
1920-1927       45      0.00423  0.00422  0.50   81005     342   80834  2463485  30.41
1920-1927       46      0.00474  0.00473  0.50   80664     382   80472  2382651  29.54
1920-1927       47      0.00521  0.00520  0.50   80282     417   80073  2302179  28.68
1920-1927       48      0.00584  0.00582  0.50   79865     465   79631  2222106  27.82
1920-1927       49      0.00669  0.00666  0.50   79400     529   79133  2142475  26.98
1920-1927       50      0.00735  0.00732  0.50   78871     577   78580  2063342  26.16
1920-1927       51      0.00795  0.00792  0.50   78293     620   77981  1984762  25.35
1920-1927       52      0.00891  0.00887  0.50   77673     689   77326  1906780  24.55
1920-1927       53      0.00972  0.00967  0.50   76984     745   76609  1829454  23.76
1920-1927       54      0.01065  0.01059  0.50   76240     808   75832  1752845  22.99
1920-1927       55      0.01161  0.01155  0.50   75432     871   74993  1677013  22.23
1920-1927       56      0.01252  0.01244  0.49   74561     928   74092  1602020  21.49
1920-1927       57      0.01376  0.01366  0.50   73633    1006   73125  1527927  20.75
1920-1927       58      0.01513  0.01501  0.49   72627    1090   72076  1454802  20.03
1920-1927       59      0.01644  0.01631  0.49   71537    1167   70947  1382726  19.33
1920-1927       60      0.01776  0.01760  0.49   70370    1239   69745  1311778  18.64
1920-1927       61      0.01927  0.01908  0.50   69132    1319   68466  1242034  17.97
1920-1927       62      0.02079  0.02058  0.50   67812    1395   67108  1173568  17.31
1920-1927       63      0.02245  0.02220  0.49   66417    1475   65672  1106460  16.66
1920-1927       64      0.02440  0.02410  0.50   64943    1565   64152  1040788  16.03
1920-1927       65      0.02636  0.02601  0.50   63378    1649   62545   976635  15.41
1920-1927       66      0.02825  0.02785  0.50   61729    1719   60861   914090  14.81
1920-1927       67      0.03077  0.03030  0.50   60010    1818   59092   853229  14.22
1920-1927       68      0.03263  0.03210  0.50   58191    1868   57248   794137  13.65
1920-1927       69      0.03537  0.03475  0.49   56323    1957   55334   736889  13.08
1920-1927       70      0.03810  0.03738  0.50   54366    2032   53341   681555  12.54
1920-1927       71      0.04119  0.04036  0.50   52333    2112   51268   628214  12.00
1920-1927       72      0.04406  0.04310  0.50   50221    2165   49129   576946  11.49
1920-1927       73      0.04750  0.04639  0.49   48057    2229   46930   527817  10.98
1920-1927       74      0.05095  0.04968  0.50   45827    2277   44679   480886  10.49
1920-1927       75      0.05439  0.05294  0.50   43551    2306   42389   436207  10.02
1920-1927       76      0.05805  0.05640  0.50   41245    2326   40072   393819   9.55
1920-1927       77      0.06211  0.06023  0.50   38919    2344   37738   353746   9.09
1920-1927       78      0.06629  0.06415  0.50   36575    2346   35392   316009   8.64
1920-1927       79      0.07141  0.06893  0.50   34229    2359   33039   280617   8.20
1920-1927       80      0.07599  0.07319  0.50   31869    2332   30695   247578   7.77
1920-1927       81      0.08223  0.07896  0.50   29537    2332   28363   216883   7.34
1920-1927       82      0.08850  0.08472  0.50   27205    2305   26044   188520   6.93
1920-1927       83      0.09476  0.09045  0.50   24900    2252   23766   162475   6.53
1920-1927       84      0.10324  0.09814  0.50   22648    2223   21530   138710   6.12
1920-1927       85      0.11193  0.10596  0.50   20425    2164   19335   117179   5.74
1920-1927       86      0.12266  0.11552  0.50   18261    2109   17198    97844   5.36
1920-1927       87      0.13445  0.12594  0.50   16151    2034   15129    80646   4.99
1920-1927       88      0.14805  0.13780  0.50   14117    1945   13139    65518   4.64
1920-1927       89      0.16363  0.15120  0.50   12172    1840   11248    52379   4.30
1920-1927       90      0.18299  0.16753  0.50   10332    1731    9459    41131   3.98
1920-1927       91      0.20367  0.18471  0.50    8601    1589    7800    31672   3.68
1920-1927       92      0.22756  0.20414  0.50    7012    1431    6290    23872   3.40
1920-1927       93      0.25223  0.22374  0.50    5581    1249    4950    17582   3.15
1920-1927       94      0.27763  0.24366  0.50    4332    1056    3802    12631   2.92
1920-1927       95      0.30923  0.26729  0.49    3276     876    2832     8829   2.69
1920-1927       96      0.34401  0.29299  0.49    2401     703    2045     5997   2.50
1920-1927       97      0.37513  0.31511  0.49    1697     535    1426     3953   2.33
1920-1927       98      0.40688  0.33754  0.50    1162     392     964     2527   2.17
1920-1927       99      0.44057  0.36008  0.49     770     277     629     1563   2.03
1920-1927      100      0.49070  0.39120  0.48     493     193     393      933   1.89
1920-1927      101      0.50775  0.40206  0.48     300     121     238      540   1.80
1920-1927      102      0.56080  0.43449  0.48     179      78     139      303   1.69
1920-1927      103      0.54859  0.42844  0.49     101      43      79      164   1.61
1920-1927      104      0.66915  0.49736  0.48      58      29      43       85   1.46
1920-1927      105      0.65435  0.48617  0.47      29      14      22       41   1.42
1920-1927      106      0.64711  0.48461  0.48      15       7      11       20   1.32
1920-1927      107      0.79711  0.56035  0.47       8       4       5        9   1.12
1920-1927      108      0.91342  0.61760  0.48       3       2       2        3   0.94
1920-1927      109      1.26982  0.76891  0.49       1       1       1        1   0.69
1920-1927      110+     2.85169  1.00000  0.35       0       0       0        0   0.35
