Finland, Life tables (cohort 1x10), Total	Last modified: 02 Aug 2021;  Methods Protocol: v6 (2017)

  Year          Age         mx       qx    ax      lx      dx      Lx       Tx     ex
1878-1879        0      0.17376  0.15505  0.31  100000   15505   89236  4229781  42.30
1878-1879        1      0.06534  0.06324  0.49   84495    5344   81789  4140545  49.00
1878-1879        2      0.04336  0.04245  0.50   79151    3360   77479  4058756  51.28
1878-1879        3      0.03016  0.02971  0.50   75791    2252   74656  3981277  52.53
1878-1879        4      0.02154  0.02131  0.50   73539    1567   72753  3906620  53.12
1878-1879        5      0.01527  0.01515  0.50   71972    1090   71429  3833868  53.27
1878-1879        6      0.01248  0.01240  0.51   70882     879   70451  3762439  53.08
1878-1879        7      0.00997  0.00992  0.49   70003     695   69645  3691988  52.74
1878-1879        8      0.00682  0.00679  0.48   69308     471   69062  3622342  52.26
1878-1879        9      0.00469  0.00468  0.50   68837     322   68677  3553281  51.62
1878-1879       10      0.00520  0.00519  0.52   68515     355   68344  3484604  50.86
1878-1879       11      0.00487  0.00486  0.51   68160     331   67999  3416259  50.12
1878-1879       12      0.00448  0.00448  0.52   67828     304   67681  3348261  49.36
1878-1879       13      0.00451  0.00450  0.51   67525     304   67375  3280579  48.58
1878-1879       14      0.00477  0.00476  0.51   67221     320   67063  3213204  47.80
1878-1879       15      0.00445  0.00444  0.50   66901     297   66753  3146141  47.03
1878-1879       16      0.00457  0.00456  0.52   66603     303   66456  3079389  46.23
1878-1879       17      0.00509  0.00508  0.51   66300     337   66136  3012932  45.44
1878-1879       18      0.00547  0.00546  0.51   65963     360   65787  2946796  44.67
1878-1879       19      0.00562  0.00560  0.52   65604     367   65427  2881009  43.92
1878-1879       20      0.00682  0.00680  0.51   65236     443   65020  2815582  43.16
1878-1879       21      0.00712  0.00709  0.51   64793     459   64567  2750562  42.45
1878-1879       22      0.00790  0.00787  0.50   64333     506   64079  2685995  41.75
1878-1879       23      0.00738  0.00736  0.50   63827     470   63593  2621916  41.08
1878-1879       24      0.00709  0.00707  0.51   63357     448   63137  2558323  40.38
1878-1879       25      0.00793  0.00790  0.50   62910     497   62663  2495186  39.66
1878-1879       26      0.00744  0.00741  0.51   62413     462   62184  2432523  38.97
1878-1879       27      0.00762  0.00759  0.51   61950     470   61718  2370339  38.26
1878-1879       28      0.00784  0.00781  0.51   61480     480   61244  2308621  37.55
1878-1879       29      0.00761  0.00759  0.50   61000     463   60769  2247377  36.84
1878-1879       30      0.00739  0.00736  0.50   60537     446   60315  2186608  36.12
1878-1879       31      0.00727  0.00724  0.50   60091     435   59875  2126294  35.38
1878-1879       32      0.00812  0.00809  0.51   59656     483   59419  2066419  34.64
1878-1879       33      0.00777  0.00774  0.51   59174     458   58949  2007000  33.92
1878-1879       34      0.00810  0.00807  0.51   58716     474   58482  1948051  33.18
1878-1879       35      0.00787  0.00784  0.50   58242     457   58016  1889568  32.44
1878-1879       36      0.00795  0.00792  0.51   57785     458   57559  1831553  31.70
1878-1879       37      0.00960  0.00956  0.51   57327     548   57060  1773994  30.94
1878-1879       38      0.01309  0.01302  0.55   56780     739   56450  1716934  30.24
1878-1879       39      0.01776  0.01760  0.51   56040     987   55553  1660483  29.63
1878-1879       40      0.01582  0.01569  0.47   55054     864   54593  1604930  29.15
1878-1879       41      0.00923  0.00919  0.52   54190     498   53951  1550337  28.61
1878-1879       42      0.00942  0.00938  0.51   53693     504   53447  1496386  27.87
1878-1879       43      0.00914  0.00910  0.51   53189     484   52952  1442939  27.13
1878-1879       44      0.00965  0.00961  0.50   52705     506   52453  1389987  26.37
1878-1879       45      0.01059  0.01054  0.51   52198     550   51932  1337535  25.62
1878-1879       46      0.01178  0.01171  0.50   51648     605   51345  1285603  24.89
1878-1879       47      0.01162  0.01156  0.52   51044     590   50763  1234258  24.18
1878-1879       48      0.01130  0.01124  0.51   50454     567   50178  1183495  23.46
1878-1879       49      0.01302  0.01294  0.53   49887     645   49583  1133317  22.72
1878-1879       50      0.01463  0.01452  0.50   49241     715   48887  1083733  22.01
1878-1879       51      0.01443  0.01433  0.52   48526     696   48191  1034847  21.33
1878-1879       52      0.01568  0.01556  0.52   47831     744   47473   986656  20.63
1878-1879       53      0.01613  0.01601  0.52   47086     754   46725   939182  19.95
1878-1879       54      0.01568  0.01556  0.51   46333     721   45981   892458  19.26
1878-1879       55      0.01761  0.01746  0.51   45612     796   45218   846476  18.56
1878-1879       56      0.01819  0.01803  0.51   44815     808   44422   801259  17.88
1878-1879       57      0.01966  0.01948  0.51   44007     857   43587   756836  17.20
1878-1879       58      0.02236  0.02212  0.51   43150     955   42682   713249  16.53
1878-1879       59      0.02381  0.02353  0.51   42195     993   41704   670567  15.89
1878-1879       60      0.02705  0.02670  0.51   41203    1100   40668   628863  15.26
1878-1879       61      0.02839  0.02800  0.51   40103    1123   39549   588195  14.67
1878-1879       62      0.02962  0.02920  0.51   38980    1138   38428   548646  14.08
1878-1879       63      0.03096  0.03049  0.50   37842    1154   37264   510218  13.48
1878-1879       64      0.03327  0.03273  0.50   36688    1201   36093   472954  12.89
1878-1879       65      0.03556  0.03495  0.51   35487    1240   34880   436861  12.31
1878-1879       66      0.03695  0.03628  0.50   34247    1243   33626   401982  11.74
1878-1879       67      0.04055  0.03976  0.51   33004    1312   32356   368355  11.16
1878-1879       68      0.04493  0.04394  0.50   31692    1393   30998   335999  10.60
1878-1879       69      0.04899  0.04784  0.51   30299    1449   29590   305002  10.07
1878-1879       70      0.05634  0.05483  0.51   28850    1582   28077   275412   9.55
1878-1879       71      0.05881  0.05714  0.50   27268    1558   26495   247335   9.07
1878-1879       72      0.06329  0.06138  0.51   25710    1578   24934   220840   8.59
1878-1879       73      0.06823  0.06602  0.51   24132    1593   23349   195906   8.12
1878-1879       74      0.07932  0.07636  0.51   22539    1721   21699   172557   7.66
1878-1879       75      0.08271  0.07950  0.51   20817    1655   20009   150858   7.25
1878-1879       76      0.09039  0.08655  0.51   19163    1658   18348   130849   6.83
1878-1879       77      0.09957  0.09486  0.50   17504    1660   16676   112501   6.43
1878-1879       78      0.10660  0.10123  0.50   15844    1604   15046    95825   6.05
1878-1879       79      0.12566  0.11825  0.50   14240    1684   13400    80779   5.67
1878-1879       80      0.12755  0.11992  0.50   12556    1506   11805    67379   5.37
1878-1879       81      0.13389  0.12560  0.51   11050    1388   10367    55574   5.03
1878-1879       82      0.15773  0.14654  0.52    9662    1416    8976    45207   4.68
1878-1879       83      0.17536  0.16145  0.51    8246    1331    7592    36230   4.39
1878-1879       84      0.17835  0.16385  0.50    6915    1133    6353    28638   4.14
1878-1879       85      0.20865  0.18925  0.51    5782    1094    5245    22285   3.85
1878-1879       86      0.22601  0.20334  0.51    4688     953    4218    17041   3.64
1878-1879       87      0.23415  0.20959  0.50    3735     783    3343    12823   3.43
1878-1879       88      0.26152  0.23156  0.51    2952     684    2614     9481   3.21
1878-1879       89      0.29077  0.25419  0.50    2268     577    1983     6867   3.03
1878-1879       90      0.31907  0.27531  0.50    1692     466    1460     4884   2.89
1878-1879       91      0.31835  0.27434  0.50    1226     336    1056     3424   2.79
1878-1879       92      0.34427  0.29443  0.51     890     262     761     2368   2.66
1878-1879       93      0.35482  0.30123  0.50     628     189     533     1607   2.56
1878-1879       94      0.38553  0.32332  0.50     439     142     368     1074   2.45
1878-1879       95      0.36847  0.31070  0.50     297      92     250      706   2.38
1878-1879       96      0.48006  0.39015  0.52     205      80     166      456   2.23
1878-1879       97      0.34327  0.29193  0.49     125      36     106      290   2.32
1878-1879       98      0.60705  0.46491  0.50      88      41      68      184   2.08
1878-1879       99      0.39913  0.32787  0.46      47      15      39      116   2.45
1878-1879      100      0.34543  0.29268  0.48      32       9      27       77   2.43
1878-1879      101      0.45714  0.37931  0.55      22       9      19       50   2.24
1878-1879      102      0.41807  0.33333  0.39      14       5      11       32   2.26
1878-1879      103      0.39883  0.33333  0.51       9       3       8       20   2.20
1878-1879      104      0.29956  0.25000  0.34       6       2       5       13   2.05
1878-1879      105      0.91769  0.66667  0.59       5       3       3        8   1.62
1878-1879      106      0.59825  0.50000  0.67       2       1       1        4   2.67
1878-1879      107      0.00000  0.00000  0.50       1       0       1        3   3.67
1878-1879      108      0.00000  0.00000  0.50       1       0       1        2   2.67
1878-1879      109      0.00000  0.00000  0.50       1       0       1        1   1.67
1878-1879      110+     1.48431  1.00000  0.67       1       1       1        1   0.67
1880-1889        0      0.17702  0.15765  0.31  100000   15765   89056  4332634  43.33
1880-1889        1      0.06043  0.05858  0.48   84235    4934   81651  4243578  50.38
1880-1889        2      0.03571  0.03509  0.50   79301    2783   77915  4161927  52.48
1880-1889        3      0.02556  0.02524  0.50   76518    1931   75554  4084012  53.37
1880-1889        4      0.01850  0.01833  0.50   74587    1367   73902  4008459  53.74
1880-1889        5      0.01352  0.01343  0.50   73220     983   72728  3934556  53.74
1880-1889        6      0.01013  0.01008  0.50   72237     728   71872  3861828  53.46
1880-1889        7      0.00778  0.00775  0.50   71509     554   71233  3789956  53.00
1880-1889        8      0.00667  0.00665  0.50   70955     472   70721  3718723  52.41
1880-1889        9      0.00603  0.00601  0.51   70483     423   70274  3648003  51.76
1880-1889       10      0.00555  0.00553  0.51   70059     388   69870  3577729  51.07
1880-1889       11      0.00503  0.00502  0.51   69672     349   69500  3507859  50.35
1880-1889       12      0.00465  0.00464  0.51   69322     322   69164  3438359  49.60
1880-1889       13      0.00444  0.00443  0.51   69001     306   68851  3369195  48.83
1880-1889       14      0.00446  0.00445  0.51   68695     305   68544  3300345  48.04
1880-1889       15      0.00482  0.00481  0.51   68390     329   68228  3231801  47.26
1880-1889       16      0.00563  0.00561  0.51   68060     382   67873  3163572  46.48
1880-1889       17      0.00587  0.00586  0.51   67679     396   67485  3095699  45.74
1880-1889       18      0.00629  0.00627  0.51   67282     422   67076  3028214  45.01
1880-1889       19      0.00661  0.00659  0.51   66860     441   66643  2961139  44.29
1880-1889       20      0.00716  0.00713  0.50   66419     474   66184  2894495  43.58
1880-1889       21      0.00724  0.00721  0.50   65946     476   65710  2828311  42.89
1880-1889       22      0.00761  0.00759  0.50   65470     497   65224  2762601  42.20
1880-1889       23      0.00738  0.00735  0.50   64973     478   64737  2697378  41.52
1880-1889       24      0.00727  0.00724  0.50   64496     467   64264  2632641  40.82
1880-1889       25      0.00753  0.00751  0.50   64029     481   63790  2568377  40.11
1880-1889       26      0.00769  0.00766  0.50   63548     487   63306  2504587  39.41
1880-1889       27      0.00779  0.00776  0.50   63062     489   62819  2441281  38.71
1880-1889       28      0.00909  0.00905  0.53   62572     566   62304  2378463  38.01
1880-1889       29      0.00993  0.00988  0.50   62006     613   61702  2316159  37.35
1880-1889       30      0.01046  0.01041  0.51   61393     639   61078  2254457  36.72
1880-1889       31      0.01052  0.01047  0.51   60754     636   60443  2193378  36.10
1880-1889       32      0.01034  0.01029  0.51   60118     618   59814  2132936  35.48
1880-1889       33      0.00999  0.00994  0.51   59500     592   59212  2073122  34.84
1880-1889       34      0.00998  0.00993  0.51   58908     585   58620  2013910  34.19
1880-1889       35      0.00986  0.00982  0.51   58323     572   58040  1955291  33.53
1880-1889       36      0.00996  0.00991  0.51   57750     572   57469  1897251  32.85
1880-1889       37      0.01003  0.00998  0.51   57178     571   56898  1839782  32.18
1880-1889       38      0.00945  0.00941  0.49   56607     532   56338  1782883  31.50
1880-1889       39      0.00811  0.00808  0.52   56075     453   55857  1726545  30.79
1880-1889       40      0.00888  0.00884  0.51   55622     492   55380  1670688  30.04
1880-1889       41      0.00853  0.00849  0.51   55130     468   54903  1615308  29.30
1880-1889       42      0.00891  0.00887  0.51   54662     485   54425  1560405  28.55
1880-1889       43      0.00936  0.00932  0.51   54178     505   53930  1505980  27.80
1880-1889       44      0.00964  0.00959  0.51   53673     515   53420  1452050  27.05
1880-1889       45      0.00992  0.00987  0.51   53158     525   52899  1398630  26.31
1880-1889       46      0.01054  0.01049  0.52   52633     552   52366  1345731  25.57
1880-1889       47      0.01028  0.01023  0.51   52081     533   51820  1293364  24.83
1880-1889       48      0.01113  0.01107  0.51   51548     571   51268  1241545  24.09
1880-1889       49      0.01152  0.01145  0.51   50978     584   50690  1190276  23.35
1880-1889       50      0.01266  0.01258  0.51   50394     634   50080  1139586  22.61
1880-1889       51      0.01337  0.01328  0.50   49760     661   49432  1089506  21.90
1880-1889       52      0.01420  0.01410  0.51   49099     692   48759  1040074  21.18
1880-1889       53      0.01481  0.01470  0.51   48407     712   48058   991315  20.48
1880-1889       54      0.01613  0.01601  0.51   47695     763   47319   943257  19.78
1880-1889       55      0.01705  0.01691  0.51   46932     793   46542   895938  19.09
1880-1889       56      0.01831  0.01815  0.50   46138     837   45723   849395  18.41
1880-1889       57      0.01982  0.01963  0.51   45301     889   44864   803672  17.74
1880-1889       58      0.02063  0.02042  0.50   44412     907   43959   758809  17.09
1880-1889       59      0.02206  0.02182  0.51   43505     949   43035   714850  16.43
1880-1889       60      0.02364  0.02337  0.50   42556     995   42062   671814  15.79
1880-1889       61      0.02527  0.02496  0.50   41561    1037   41047   629752  15.15
1880-1889       62      0.02661  0.02626  0.50   40524    1064   39994   588705  14.53
1880-1889       63      0.02859  0.02819  0.51   39460    1112   38910   548711  13.91
1880-1889       64      0.03143  0.03095  0.51   38347    1187   37761   509801  13.29
1880-1889       65      0.03325  0.03271  0.51   37161    1215   36561   472040  12.70
1880-1889       66      0.03646  0.03582  0.51   35945    1288   35308   435478  12.12
1880-1889       67      0.03895  0.03822  0.51   34658    1325   34005   400170  11.55
1880-1889       68      0.04166  0.04081  0.50   33333    1360   32659   366165  10.99
1880-1889       69      0.04623  0.04519  0.51   31973    1445   31259   333506  10.43
1880-1889       70      0.04961  0.04842  0.50   30528    1478   29793   302246   9.90
1880-1889       71      0.05447  0.05305  0.51   29049    1541   28291   272454   9.38
1880-1889       72      0.06011  0.05837  0.50   27509    1606   26712   244163   8.88
1880-1889       73      0.06544  0.06339  0.51   25903    1642   25090   217450   8.39
1880-1889       74      0.07008  0.06774  0.51   24261    1643   23451   192360   7.93
1880-1889       75      0.07968  0.07664  0.50   22618    1734   21757   168909   7.47
1880-1889       76      0.08812  0.08444  0.50   20884    1763   20011   147152   7.05
1880-1889       77      0.09621  0.09182  0.50   19121    1756   18250   127140   6.65
1880-1889       78      0.10530  0.10010  0.51   17365    1738   16507   108891   6.27
1880-1889       79      0.11715  0.11073  0.51   15627    1730   14770    92384   5.91
1880-1889       80      0.12928  0.12152  0.51   13896    1689   13062    77613   5.59
1880-1889       81      0.13934  0.13031  0.50   12208    1591   11417    64551   5.29
1880-1889       82      0.15048  0.13993  0.50   10617    1486    9873    53134   5.00
1880-1889       83      0.16442  0.15203  0.50    9131    1388    8443    43261   4.74
1880-1889       84      0.17618  0.16200  0.50    7743    1254    7120    34818   4.50
1880-1889       85      0.19133  0.17458  0.50    6489    1133    5921    27698   4.27
1880-1889       86      0.20634  0.18714  0.50    5356    1002    4858    21778   4.07
1880-1889       87      0.22065  0.19880  0.50    4354     866    3923    16920   3.89
1880-1889       88      0.23038  0.20649  0.50    3488     720    3126    12998   3.73
1880-1889       89      0.24182  0.21570  0.50    2768     597    2469     9871   3.57
1880-1889       90      0.25093  0.22303  0.50    2171     484    1929     7402   3.41
1880-1889       91      0.26499  0.23423  0.50    1687     395    1491     5473   3.24
1880-1889       92      0.28774  0.25143  0.50    1292     325    1129     3982   3.08
1880-1889       93      0.29871  0.25978  0.50     967     251     841     2853   2.95
1880-1889       94      0.32010  0.27601  0.50     716     198     617     2013   2.81
1880-1889       95      0.32828  0.28201  0.50     518     146     445     1396   2.69
1880-1889       96      0.34619  0.29428  0.49     372     109     316      950   2.55
1880-1889       97      0.35887  0.30388  0.50     263      80     222      634   2.42
1880-1889       98      0.40496  0.33711  0.50     183      62     152      412   2.25
1880-1889       99      0.42870  0.35488  0.51     121      43     100      260   2.14
1880-1889      100      0.44800  0.36484  0.49      78      29      64      159   2.04
1880-1889      101      0.50804  0.40774  0.52      50      20      40       96   1.93
1880-1889      102      0.44734  0.36683  0.51      29      11      24       56   1.90
1880-1889      103      0.50414  0.40476  0.51      19       8      15       32   1.71
1880-1889      104      0.68160  0.50667  0.49      11       6       8       17   1.52
1880-1889      105      0.59903  0.45946  0.49       5       3       4        9   1.58
1880-1889      106      0.65102  0.50000  0.54       3       1       2        4   1.50
1880-1889      107      0.89872  0.60000  0.45       1       1       1        2   1.47
1880-1889      108      0.27226  0.25000  0.67       1       0       1        1   2.00
1880-1889      109      1.19605  0.66667  0.34       0       0       0        1   1.45
1880-1889      110+     0.37460  1.00000  2.67       0       0       0        0   2.67
1890-1899        0      0.14942  0.13538  0.31  100000   13538   90602  4587723  45.88
1890-1899        1      0.05445  0.05294  0.48   86462    4577   84066  4497122  52.01
1890-1899        2      0.02975  0.02931  0.50   81885    2400   80673  4413056  53.89
1890-1899        3      0.02061  0.02040  0.50   79485    1622   78669  4332383  54.51
1890-1899        4      0.01482  0.01471  0.50   77863    1146   77288  4253714  54.63
1890-1899        5      0.01187  0.01180  0.50   76717     905   76269  4176426  54.44
1890-1899        6      0.00932  0.00927  0.51   75812     703   75464  4100157  54.08
1890-1899        7      0.00837  0.00833  0.51   75109     626   74800  4024693  53.58
1890-1899        8      0.00737  0.00734  0.51   74483     547   74213  3949893  53.03
1890-1899        9      0.00623  0.00621  0.50   73936     459   73708  3875680  52.42
1890-1899       10      0.00553  0.00551  0.51   73477     405   73277  3801973  51.74
1890-1899       11      0.00479  0.00478  0.51   73072     349   72900  3728696  51.03
1890-1899       12      0.00464  0.00463  0.51   72723     337   72557  3655797  50.27
1890-1899       13      0.00465  0.00464  0.51   72386     336   72220  3583240  49.50
1890-1899       14      0.00450  0.00449  0.51   72050     324   71891  3511019  48.73
1890-1899       15      0.00503  0.00501  0.51   71726     360   71550  3439128  47.95
1890-1899       16      0.00546  0.00545  0.51   71367     389   71177  3367578  47.19
1890-1899       17      0.00622  0.00620  0.51   70978     440   70762  3296401  46.44
1890-1899       18      0.00823  0.00820  0.54   70538     578   70270  3225639  45.73
1890-1899       19      0.00962  0.00957  0.51   69960     670   69634  3155369  45.10
1890-1899       20      0.01129  0.01123  0.52   69290     778   68916  3085735  44.53
1890-1899       21      0.01161  0.01154  0.52   68512     791   68129  3016819  44.03
1890-1899       22      0.01171  0.01164  0.51   67721     788   67337  2948690  43.54
1890-1899       23      0.01102  0.01096  0.51   66933     733   66575  2881353  43.05
1890-1899       24      0.01047  0.01042  0.51   66200     690   65860  2814778  42.52
1890-1899       25      0.01040  0.01035  0.51   65510     678   65180  2748918  41.96
1890-1899       26      0.01034  0.01029  0.51   64832     667   64507  2683739  41.40
1890-1899       27      0.01013  0.01008  0.51   64165     647   63850  2619232  40.82
1890-1899       28      0.00890  0.00886  0.49   63518     563   63234  2555381  40.23
1890-1899       29      0.00748  0.00745  0.51   62956     469   62726  2492147  39.59
1890-1899       30      0.00749  0.00746  0.50   62486     466   62255  2429421  38.88
1890-1899       31      0.00726  0.00723  0.51   62020     449   61800  2367166  38.17
1890-1899       32      0.00726  0.00723  0.51   61572     445   61353  2305366  37.44
1890-1899       33      0.00719  0.00716  0.51   61126     438   60912  2244013  36.71
1890-1899       34      0.00672  0.00670  0.51   60688     407   60487  2183101  35.97
1890-1899       35      0.00716  0.00714  0.51   60282     430   60069  2122614  35.21
1890-1899       36      0.00729  0.00727  0.51   59852     435   59639  2062545  34.46
1890-1899       37      0.00723  0.00720  0.50   59417     428   59204  2002905  33.71
1890-1899       38      0.00744  0.00742  0.51   58989     438   58776  1943701  32.95
1890-1899       39      0.00735  0.00732  0.51   58551     429   58340  1884926  32.19
1890-1899       40      0.00823  0.00820  0.51   58122     477   57891  1826586  31.43
1890-1899       41      0.00870  0.00866  0.52   57646     499   57407  1768695  30.68
1890-1899       42      0.00905  0.00901  0.51   57146     515   56895  1711288  29.95
1890-1899       43      0.00927  0.00923  0.51   56632     523   56374  1654393  29.21
1890-1899       44      0.00901  0.00897  0.51   56109     503   55861  1598019  28.48
1890-1899       45      0.00946  0.00942  0.50   55606     524   55346  1542159  27.73
1890-1899       46      0.00940  0.00936  0.50   55082     516   54825  1486813  26.99
1890-1899       47      0.00969  0.00965  0.51   54567     526   54307  1431987  26.24
1890-1899       48      0.01021  0.01016  0.51   54040     549   53770  1377680  25.49
1890-1899       49      0.01090  0.01084  0.50   53491     580   53203  1323910  24.75
1890-1899       50      0.01097  0.01091  0.51   52911     577   52626  1270707  24.02
1890-1899       51      0.01181  0.01174  0.51   52334     614   52031  1218081  23.28
1890-1899       52      0.01191  0.01184  0.51   51720     612   51419  1166050  22.55
1890-1899       53      0.01296  0.01288  0.50   51108     658   50779  1114631  21.81
1890-1899       54      0.01378  0.01369  0.50   50449     691   50104  1063852  21.09
1890-1899       55      0.01438  0.01428  0.50   49759     710   49406  1013748  20.37
1890-1899       56      0.01498  0.01487  0.50   49048     730   48686   964342  19.66
1890-1899       57      0.01607  0.01595  0.50   48319     771   47937   915657  18.95
1890-1899       58      0.01693  0.01679  0.50   47548     798   47153   867720  18.25
1890-1899       59      0.01811  0.01795  0.51   46750     839   46336   820567  17.55
1890-1899       60      0.01975  0.01956  0.50   45911     898   45465   774231  16.86
1890-1899       61      0.02120  0.02098  0.51   45013     944   44547   728767  16.19
1890-1899       62      0.02289  0.02263  0.50   44069     997   43571   684220  15.53
1890-1899       63      0.02479  0.02448  0.50   43071    1055   42546   640649  14.87
1890-1899       64      0.02725  0.02688  0.50   42017    1130   41457   598103  14.23
1890-1899       65      0.02936  0.02894  0.51   40887    1183   40303   556646  13.61
1890-1899       66      0.03237  0.03186  0.50   39704    1265   39077   516342  13.00
1890-1899       67      0.03603  0.03540  0.50   38439    1361   37765   477265  12.42
1890-1899       68      0.03934  0.03859  0.50   37078    1431   36369   439500  11.85
1890-1899       69      0.04257  0.04169  0.50   35647    1486   34908   403131  11.31
1890-1899       70      0.04730  0.04622  0.50   34161    1579   33379   368223  10.78
1890-1899       71      0.05174  0.05045  0.51   32582    1644   31771   334843  10.28
1890-1899       72      0.05662  0.05507  0.50   30938    1704   30091   303073   9.80
1890-1899       73      0.06093  0.05913  0.50   29235    1729   28375   272982   9.34
1890-1899       74      0.06693  0.06477  0.50   27506    1782   26617   244607   8.89
1890-1899       75      0.07111  0.06869  0.50   25724    1767   24846   217990   8.47
1890-1899       76      0.07661  0.07381  0.50   23957    1768   23081   193143   8.06
1890-1899       77      0.08482  0.08140  0.50   22189    1806   21295   170063   7.66
1890-1899       78      0.08993  0.08609  0.50   20383    1755   19512   148768   7.30
1890-1899       79      0.09748  0.09294  0.50   18628    1731   17762   129256   6.94
1890-1899       80      0.10232  0.09738  0.50   16897    1645   16080   111495   6.60
1890-1899       81      0.10975  0.10407  0.50   15252    1587   14463    95414   6.26
1890-1899       82      0.11858  0.11200  0.50   13664    1530   12906    80952   5.92
1890-1899       83      0.12673  0.11923  0.50   12134    1447   11416    68046   5.61
1890-1899       84      0.13578  0.12722  0.50   10687    1360   10013    56630   5.30
1890-1899       85      0.14502  0.13526  0.50    9328    1262    8700    46617   5.00
1890-1899       86      0.15599  0.14478  0.50    8066    1168    7486    37917   4.70
1890-1899       87      0.16668  0.15396  0.50    6898    1062    6372    30431   4.41
1890-1899       88      0.18647  0.17071  0.50    5836     996    5343    24059   4.12
1890-1899       89      0.20076  0.18265  0.51    4840     884    4403    18716   3.87
1890-1899       90      0.21855  0.19728  0.51    3956     780    3571    14313   3.62
1890-1899       91      0.23959  0.21408  0.50    3175     680    2837    10742   3.38
1890-1899       92      0.25346  0.22526  0.51    2496     562    2218     7905   3.17
1890-1899       93      0.28252  0.24759  0.50    1933     479    1694     5687   2.94
1890-1899       94      0.31896  0.27519  0.50    1455     400    1255     3992   2.74
1890-1899       95      0.33810  0.28933  0.50    1054     305     902     2737   2.60
1890-1899       96      0.36723  0.31003  0.50     749     232     633     1835   2.45
1890-1899       97      0.38140  0.31977  0.49     517     165     433     1202   2.33
1890-1899       98      0.40549  0.33638  0.49     352     118     292      769   2.19
1890-1899       99      0.44015  0.36051  0.50     233      84     191      477   2.04
1890-1899      100      0.49508  0.39587  0.49     149      59     119      286   1.92
1890-1899      101      0.48915  0.39079  0.49      90      35      72      167   1.85
1890-1899      102      0.56507  0.44146  0.50      55      24      43       95   1.72
1890-1899      103      0.55618  0.43231  0.48      31      13      24       52   1.68
1890-1899      104      0.63565  0.47692  0.48      17       8      13       28   1.60
1890-1899      105      0.70776  0.51471  0.47       9       5       7       15   1.62
1890-1899      106      0.44941  0.36364  0.48       4       2       4        8   1.84
1890-1899      107      0.65090  0.47619  0.44       3       1       2        5   1.62
1890-1899      108      0.44375  0.36364  0.50       1       1       1        3   1.70
1890-1899      109      0.52893  0.42857  0.56       1       0       1        1   1.38
1890-1899      110+     0.99753  1.00000  1.00       1       1       1        1   1.00
1900-1909        0      0.13918  0.12692  0.31  100000   12692   91189  4988954  49.89
1900-1909        1      0.04508  0.04404  0.48   87308    3845   85290  4897766  56.10
1900-1909        2      0.02233  0.02209  0.50   83463    1843   82537  4812475  57.66
1900-1909        3      0.01651  0.01637  0.50   81620    1336   80949  4729939  57.95
1900-1909        4      0.01112  0.01106  0.50   80284     888   79838  4648989  57.91
1900-1909        5      0.00932  0.00928  0.50   79396     737   79027  4569151  57.55
1900-1909        6      0.00732  0.00729  0.50   78659     574   78373  4490124  57.08
1900-1909        7      0.00592  0.00591  0.50   78086     461   77856  4411751  56.50
1900-1909        8      0.00528  0.00527  0.50   77624     409   77421  4333895  55.83
1900-1909        9      0.00496  0.00495  0.50   77216     382   77026  4256473  55.12
1900-1909       10      0.00500  0.00499  0.50   76833     383   76643  4179448  54.40
1900-1909       11      0.00453  0.00452  0.50   76450     346   76278  4102805  53.67
1900-1909       12      0.00430  0.00429  0.50   76105     326   75943  4026527  52.91
1900-1909       13      0.00422  0.00421  0.51   75778     319   75622  3950585  52.13
1900-1909       14      0.00451  0.00450  0.51   75459     340   75292  3874963  51.35
1900-1909       15      0.00518  0.00516  0.52   75119     388   74931  3799671  50.58
1900-1909       16      0.00614  0.00612  0.52   74731     457   74511  3724740  49.84
1900-1909       17      0.00720  0.00718  0.52   74274     533   74017  3650229  49.15
1900-1909       18      0.00725  0.00722  0.49   73741     532   73470  3576212  48.50
1900-1909       19      0.00673  0.00671  0.52   73208     491   72971  3502742  47.85
1900-1909       20      0.00851  0.00848  0.52   72717     617   72420  3429771  47.17
1900-1909       21      0.00773  0.00770  0.51   72101     555   71828  3357351  46.56
1900-1909       22      0.00748  0.00745  0.51   71545     533   71286  3285523  45.92
1900-1909       23      0.00742  0.00739  0.51   71012     525   70757  3214237  45.26
1900-1909       24      0.00714  0.00711  0.50   70487     501   70239  3143481  44.60
1900-1909       25      0.00715  0.00713  0.51   69986     499   69739  3073242  43.91
1900-1909       26      0.00669  0.00667  0.51   69487     463   69261  3003503  43.22
1900-1909       27      0.00650  0.00648  0.51   69024     447   68803  2934242  42.51
1900-1909       28      0.00618  0.00617  0.51   68577     423   68370  2865439  41.78
1900-1909       29      0.00616  0.00614  0.51   68154     418   67949  2797069  41.04
1900-1909       30      0.00809  0.00806  0.52   67736     546   67476  2729120  40.29
1900-1909       31      0.00821  0.00818  0.53   67190     549   66932  2661644  39.61
1900-1909       32      0.00930  0.00926  0.51   66640     617   66336  2594712  38.94
1900-1909       33      0.00943  0.00938  0.51   66023     620   65717  2528376  38.30
1900-1909       34      0.00951  0.00947  0.51   65404     619   65099  2462659  37.65
1900-1909       35      0.00928  0.00924  0.51   64785     599   64493  2397560  37.01
1900-1909       36      0.00936  0.00932  0.51   64186     598   63891  2333067  36.35
1900-1909       37      0.00907  0.00903  0.50   63588     574   63301  2269176  35.69
1900-1909       38      0.00840  0.00837  0.50   63014     527   62752  2205875  35.01
1900-1909       39      0.00819  0.00815  0.50   62486     509   62234  2143122  34.30
1900-1909       40      0.00726  0.00723  0.49   61977     448   61748  2080888  33.58
1900-1909       41      0.00689  0.00687  0.49   61529     423   61315  2019140  32.82
1900-1909       42      0.00649  0.00646  0.50   61106     395   60908  1957825  32.04
1900-1909       43      0.00624  0.00622  0.51   60711     378   60525  1896917  31.24
1900-1909       44      0.00604  0.00602  0.51   60333     363   60154  1836393  30.44
1900-1909       45      0.00630  0.00628  0.50   59970     377   59783  1776239  29.62
1900-1909       46      0.00650  0.00648  0.50   59593     386   59399  1716456  28.80
1900-1909       47      0.00665  0.00663  0.50   59207     393   59011  1657057  27.99
1900-1909       48      0.00727  0.00725  0.50   58815     426   58602  1598046  27.17
1900-1909       49      0.00765  0.00762  0.50   58388     445   58166  1539445  26.37
1900-1909       50      0.00804  0.00801  0.50   57943     464   57712  1481278  25.56
1900-1909       51      0.00848  0.00845  0.50   57479     486   57238  1423567  24.77
1900-1909       52      0.00932  0.00928  0.50   56993     529   56729  1366329  23.97
1900-1909       53      0.01015  0.01010  0.50   56465     570   56180  1309600  23.19
1900-1909       54      0.01120  0.01114  0.50   55895     623   55584  1253421  22.42
1900-1909       55      0.01214  0.01207  0.50   55272     667   54940  1197837  21.67
1900-1909       56      0.01292  0.01284  0.50   54605     701   54254  1142897  20.93
1900-1909       57      0.01425  0.01415  0.50   53904     763   53525  1088642  20.20
1900-1909       58      0.01552  0.01540  0.50   53141     818   52735  1035117  19.48
1900-1909       59      0.01736  0.01722  0.50   52323     901   51875   982383  18.78
1900-1909       60      0.01833  0.01816  0.50   51422     934   50958   930507  18.10
1900-1909       61      0.02005  0.01985  0.50   50488    1002   49991   879549  17.42
1900-1909       62      0.02202  0.02178  0.50   49486    1078   48948   829559  16.76
1900-1909       63      0.02402  0.02374  0.50   48408    1149   47836   780611  16.13
1900-1909       64      0.02549  0.02517  0.50   47259    1189   46668   732775  15.51
1900-1909       65      0.02767  0.02729  0.50   46070    1257   45445   686107  14.89
1900-1909       66      0.02952  0.02909  0.50   44812    1304   44163   640662  14.30
1900-1909       67      0.03182  0.03132  0.50   43509    1363   42829   596499  13.71
1900-1909       68      0.03344  0.03290  0.50   42146    1386   41455   553670  13.14
1900-1909       69      0.03653  0.03588  0.50   40760    1462   40033   512215  12.57
1900-1909       70      0.03880  0.03806  0.50   39297    1496   38553   472182  12.02
1900-1909       71      0.04175  0.04090  0.50   37801    1546   37034   433629  11.47
1900-1909       72      0.04469  0.04372  0.50   36255    1585   35469   396595  10.94
1900-1909       73      0.04828  0.04715  0.50   34670    1635   33856   361126  10.42
1900-1909       74      0.05154  0.05025  0.50   33036    1660   32210   327270   9.91
1900-1909       75      0.05636  0.05483  0.50   31376    1720   30521   295060   9.40
1900-1909       76      0.06090  0.05912  0.50   29655    1753   28785   264539   8.92
1900-1909       77      0.06526  0.06322  0.50   27902    1764   27028   235754   8.45
1900-1909       78      0.07037  0.06799  0.50   26138    1777   25255   208726   7.99
1900-1909       79      0.07632  0.07354  0.50   24361    1791   23472   183471   7.53
1900-1909       80      0.08566  0.08218  0.51   22570    1855   21652   159999   7.09
1900-1909       81      0.09195  0.08793  0.50   20715    1821   19809   138347   6.68
1900-1909       82      0.10128  0.09644  0.50   18893    1822   17990   118538   6.27
1900-1909       83      0.11161  0.10576  0.50   17071    1805   16177   100548   5.89
1900-1909       84      0.12204  0.11506  0.50   15266    1757   14394    84371   5.53
1900-1909       85      0.13423  0.12583  0.50   13509    1700   12664    69978   5.18
1900-1909       86      0.14664  0.13670  0.50   11809    1614   11009    57314   4.85
1900-1909       87      0.16083  0.14898  0.51   10195    1519    9444    46305   4.54
1900-1909       88      0.17531  0.16120  0.50    8676    1399    7978    36862   4.25
1900-1909       89      0.19357  0.17655  0.50    7278    1285    6638    28883   3.97
1900-1909       90      0.21144  0.19141  0.50    5993    1147    5425    22246   3.71
1900-1909       91      0.22583  0.20313  0.51    4846     984    4359    16821   3.47
1900-1909       92      0.25988  0.23026  0.50    3861     889    3421    12463   3.23
1900-1909       93      0.27077  0.23887  0.51    2972     710    2622     9041   3.04
1900-1909       94      0.30501  0.26479  0.50    2262     599    1964     6419   2.84
1900-1909       95      0.31986  0.27602  0.50    1663     459    1435     4455   2.68
1900-1909       96      0.34856  0.29664  0.50    1204     357    1025     3020   2.51
1900-1909       97      0.38035  0.32037  0.51     847     271     713     1995   2.36
1900-1909       98      0.40189  0.33445  0.50     576     193     479     1282   2.23
1900-1909       99      0.41905  0.34658  0.50     383     133     317      802   2.09
1900-1909      100      0.47286  0.38339  0.51     250      96     203      486   1.94
1900-1909      101      0.52262  0.41428  0.50     154      64     122      283   1.83
1900-1909      102      0.51779  0.40955  0.49      90      37      72      160   1.77
1900-1909      103      0.54702  0.42979  0.50      53      23      42       89   1.66
1900-1909      104      0.57901  0.45522  0.53      30      14      24       47   1.54
1900-1909      105      0.65734  0.49315  0.49      17       8      12       23   1.38
1900-1909      106      0.84936  0.59459  0.50       8       5       6       10   1.25
1900-1909      107      0.79527  0.56667  0.49       3       2       2        5   1.35
1900-1909      108      0.59892  0.46154  0.50       1       1       1        2   1.46
1900-1909      109      0.52867  0.42857  0.56       1       0       1        1   1.29
1900-1909      110+     1.19570  1.00000  0.84       0       0       0        0   0.84
1910-1919        0      0.12195  0.11243  0.31  100000   11243   92194  5316586  53.17
1910-1919        1      0.03919  0.03841  0.48   88757    3409   86989  5224391  58.86
1910-1919        2      0.02038  0.02017  0.50   85348    1722   84481  5137402  60.19
1910-1919        3      0.01480  0.01469  0.50   83627    1228   83008  5052921  60.42
1910-1919        4      0.00999  0.00994  0.49   82398     819   81983  4969913  60.32
1910-1919        5      0.00825  0.00821  0.50   81579     670   81242  4887930  59.92
1910-1919        6      0.00636  0.00634  0.49   80909     513   80649  4806689  59.41
1910-1919        7      0.00516  0.00515  0.50   80396     414   80189  4726040  58.78
1910-1919        8      0.00421  0.00420  0.50   79982     336   79813  4645851  58.09
1910-1919        9      0.00332  0.00331  0.50   79646     264   79515  4566038  57.33
1910-1919       10      0.00316  0.00315  0.51   79382     250   79259  4486523  56.52
1910-1919       11      0.00305  0.00305  0.52   79132     241   79015  4407263  55.70
1910-1919       12      0.00315  0.00315  0.51   78891     248   78769  4328248  54.86
1910-1919       13      0.00336  0.00336  0.51   78642     264   78514  4249479  54.04
1910-1919       14      0.00344  0.00344  0.51   78378     269   78247  4170965  53.22
1910-1919       15      0.00392  0.00392  0.51   78109     306   77960  4092719  52.40
1910-1919       16      0.00442  0.00441  0.52   77803     343   77638  4014758  51.60
1910-1919       17      0.00482  0.00480  0.51   77460     372   77278  3937120  50.83
1910-1919       18      0.00527  0.00526  0.51   77088     405   76888  3859842  50.07
1910-1919       19      0.00524  0.00523  0.51   76683     401   76487  3782954  49.33
1910-1919       20      0.00619  0.00618  0.52   76281     471   76054  3706467  48.59
1910-1919       21      0.00864  0.00861  0.55   75810     653   75518  3630413  47.89
1910-1919       22      0.01136  0.01130  0.52   75158     849   74753  3554895  47.30
1910-1919       23      0.01174  0.01167  0.52   74308     867   73888  3480142  46.83
1910-1919       24      0.01228  0.01221  0.52   73441     896   73009  3406254  46.38
1910-1919       25      0.01249  0.01241  0.51   72545     901   72104  3333245  45.95
1910-1919       26      0.01243  0.01235  0.51   71644     885   71207  3261141  45.52
1910-1919       27      0.01223  0.01216  0.50   70759     860   70333  3189934  45.08
1910-1919       28      0.01173  0.01166  0.50   69899     815   69495  3119602  44.63
1910-1919       29      0.01125  0.01119  0.50   69084     773   68699  3050106  44.15
1910-1919       30      0.00885  0.00881  0.48   68311     602   68000  2981407  43.64
1910-1919       31      0.00738  0.00735  0.47   67709     498   67447  2913407  43.03
1910-1919       32      0.00586  0.00584  0.50   67211     393   67015  2845960  42.34
1910-1919       33      0.00507  0.00506  0.50   66818     338   66648  2778945  41.59
1910-1919       34      0.00454  0.00453  0.48   66480     301   66325  2712297  40.80
1910-1919       35      0.00386  0.00385  0.50   66179     255   66051  2645971  39.98
1910-1919       36      0.00373  0.00372  0.50   65924     245   65801  2579920  39.13
1910-1919       37      0.00364  0.00363  0.50   65679     239   65560  2514119  38.28
1910-1919       38      0.00344  0.00343  0.50   65440     225   65329  2448558  37.42
1910-1919       39      0.00343  0.00343  0.50   65215     224   65103  2383230  36.54
1910-1919       40      0.00337  0.00336  0.50   64992     218   64883  2318126  35.67
1910-1919       41      0.00364  0.00363  0.50   64773     235   64655  2253243  34.79
1910-1919       42      0.00388  0.00387  0.51   64538     250   64415  2188589  33.91
1910-1919       43      0.00420  0.00419  0.51   64288     269   64155  2124174  33.04
1910-1919       44      0.00466  0.00465  0.50   64019     298   63871  2060018  32.18
1910-1919       45      0.00493  0.00492  0.50   63722     314   63565  1996147  31.33
1910-1919       46      0.00522  0.00520  0.50   63408     330   63245  1932582  30.48
1910-1919       47      0.00574  0.00573  0.50   63078     361   62899  1869338  29.64
1910-1919       48      0.00628  0.00626  0.51   62717     393   62523  1806439  28.80
1910-1919       49      0.00710  0.00708  0.50   62324     441   62104  1743916  27.98
1910-1919       50      0.00764  0.00761  0.50   61883     471   61647  1681812  27.18
1910-1919       51      0.00848  0.00844  0.50   61412     519   61155  1620165  26.38
1910-1919       52      0.00892  0.00888  0.50   60894     541   60625  1559010  25.60
1910-1919       53      0.00968  0.00964  0.50   60353     582   60064  1498386  24.83
1910-1919       54      0.01042  0.01037  0.50   59771     620   59461  1438322  24.06
1910-1919       55      0.01132  0.01126  0.50   59152     666   58820  1378861  23.31
1910-1919       56      0.01187  0.01180  0.50   58486     690   58142  1320041  22.57
1910-1919       57      0.01285  0.01277  0.50   57796     738   57428  1261899  21.83
1910-1919       58      0.01391  0.01382  0.50   57057     788   56665  1204471  21.11
1910-1919       59      0.01490  0.01479  0.50   56269     832   55852  1147807  20.40
1910-1919       60      0.01576  0.01563  0.50   55437     867   55004  1091955  19.70
1910-1919       61      0.01662  0.01648  0.50   54570     900   54121  1036950  19.00
1910-1919       62      0.01812  0.01796  0.50   53671     964   53189   982829  18.31
1910-1919       63      0.01915  0.01897  0.50   52707    1000   52211   929641  17.64
1910-1919       64      0.02041  0.02021  0.50   51707    1045   51188   877430  16.97
1910-1919       65      0.02180  0.02157  0.50   50662    1093   50117   826242  16.31
1910-1919       66      0.02301  0.02275  0.50   49569    1128   49008   776125  15.66
1910-1919       67      0.02477  0.02447  0.50   48441    1185   47851   727117  15.01
1910-1919       68      0.02692  0.02657  0.50   47256    1256   46631   679266  14.37
1910-1919       69      0.02902  0.02860  0.50   46001    1316   45343   632635  13.75
1910-1919       70      0.03127  0.03079  0.50   44685    1376   43998   587292  13.14
1910-1919       71      0.03433  0.03375  0.50   43309    1462   42581   543295  12.54
1910-1919       72      0.03683  0.03617  0.50   41847    1513   41096   500714  11.97
1910-1919       73      0.04024  0.03945  0.51   40334    1591   39548   459618  11.40
1910-1919       74      0.04342  0.04250  0.50   38743    1647   37923   420070  10.84
1910-1919       75      0.04727  0.04618  0.50   37096    1713   36242   382146  10.30
1910-1919       76      0.05140  0.05012  0.50   35383    1773   34502   345904   9.78
1910-1919       77      0.05616  0.05462  0.50   33609    1836   32692   311403   9.27
1910-1919       78      0.06081  0.05901  0.50   31774    1875   30837   278711   8.77
1910-1919       79      0.06682  0.06469  0.51   29898    1934   28942   247874   8.29
1910-1919       80      0.07166  0.06921  0.50   27964    1935   27006   218932   7.83
1910-1919       81      0.07935  0.07635  0.50   26029    1987   25045   191926   7.37
1910-1919       82      0.08676  0.08318  0.50   24042    2000   23051   166881   6.94
1910-1919       83      0.09728  0.09280  0.50   22042    2046   21029   143830   6.53
1910-1919       84      0.10271  0.09775  0.51   19996    1955   19031   122801   6.14
1910-1919       85      0.11288  0.10693  0.51   18042    1929   17090   103770   5.75
1910-1919       86      0.12554  0.11818  0.50   16113    1904   15169    86681   5.38
1910-1919       87      0.13635  0.12772  0.50   14208    1815   13310    71512   5.03
1910-1919       88      0.14982  0.13952  0.51   12394    1729   11541    58202   4.70
1910-1919       89      0.16526  0.15274  0.50   10664    1629    9856    46661   4.38
1910-1919       90      0.18294  0.16769  0.50    9036    1515    8282    36805   4.07
1910-1919       91      0.20334  0.18459  0.50    7520    1388    6827    28522   3.79
1910-1919       92      0.22002  0.19841  0.50    6132    1217    5530    21695   3.54
1910-1919       93      0.24278  0.21665  0.50    4916    1065    4387    16165   3.29
1910-1919       94      0.26372  0.23305  0.50    3851     897    3403    11779   3.06
1910-1919       95      0.28713  0.25129  0.50    2953     742    2585     8376   2.84
1910-1919       96      0.32236  0.27799  0.50    2211     615    1907     5792   2.62
1910-1919       97      0.35754  0.30371  0.50    1596     485    1356     3885   2.43
1910-1919       98      0.39121  0.32702  0.50    1112     364     929     2529   2.27
1910-1919       99      0.41077  0.34052  0.50     748     255     620     1600   2.14
1910-1919      100      0.46401  0.37582  0.49     493     185     400      979   1.99
1910-1919      101      0.49185  0.39372  0.49     308     121     246      580   1.88
1910-1919      102      0.51702  0.40958  0.49     187      76     148      333   1.79
1910-1919      103      0.58512  0.45450  0.51     110      50      86      185   1.68
1910-1919      104      0.55565  0.43893  0.52      60      26      47      100   1.66
1910-1919      105      0.61484  0.46903  0.49      34      16      26       52   1.55
1910-1919      106      0.70968  0.50255  0.42      18       9      13       27   1.48
1910-1919      107      0.60989  0.47635  0.54       9       4       7       14   1.55
1910-1919      108      0.61849  0.50000  0.62       5       2       4        7   1.48
1910-1919      109      0.27250  0.25000  0.67       2       1       2        3   1.34
1910-1919      110+     1.78906  1.00000  0.56       2       2       1        1   0.56
1920-1929        0      0.10026  0.09374  0.31  100000    9374   93492  6115982  61.16
1920-1929        1      0.02419  0.02389  0.48   90626    2165   89508  6022490  66.45
1920-1929        2      0.01057  0.01051  0.50   88461     930   87993  5932981  67.07
1920-1929        3      0.00681  0.00679  0.51   87531     594   87240  5844988  66.78
1920-1929        4      0.00444  0.00443  0.51   86937     385   86748  5757748  66.23
1920-1929        5      0.00393  0.00392  0.50   86552     340   86384  5671000  65.52
1920-1929        6      0.00338  0.00338  0.51   86212     291   86069  5584617  64.78
1920-1929        7      0.00308  0.00308  0.50   85921     265   85790  5498547  64.00
1920-1929        8      0.00287  0.00287  0.51   85657     245   85537  5412758  63.19
1920-1929        9      0.00252  0.00252  0.51   85411     215   85305  5327221  62.37
1920-1929       10      0.00243  0.00243  0.50   85196     207   85092  5241916  61.53
1920-1929       11      0.00227  0.00227  0.51   84989     193   84895  5156825  60.68
1920-1929       12      0.00226  0.00226  0.50   84796     191   84702  5071930  59.81
1920-1929       13      0.00237  0.00237  0.51   84605     200   84506  4987228  58.95
1920-1929       14      0.00251  0.00251  0.51   84405     212   84301  4902722  58.09
1920-1929       15      0.00317  0.00316  0.51   84193     266   84064  4818420  57.23
1920-1929       16      0.00358  0.00357  0.51   83927     300   83780  4734357  56.41
1920-1929       17      0.00432  0.00431  0.52   83627     361   83453  4650577  55.61
1920-1929       18      0.00586  0.00584  0.53   83266     486   83039  4567124  54.85
1920-1929       19      0.00994  0.00989  0.53   82780     819   82396  4484085  54.17
1920-1929       20      0.01362  0.01353  0.50   81961    1109   81406  4401688  53.70
1920-1929       21      0.01205  0.01197  0.47   80853     968   80335  4320282  53.43
1920-1929       22      0.00821  0.00818  0.48   79884     653   79548  4239947  53.08
1920-1929       23      0.00650  0.00648  0.49   79231     513   78970  4160400  52.51
1920-1929       24      0.00462  0.00461  0.46   78718     363   78522  4081429  51.85
1920-1929       25      0.00328  0.00327  0.50   78355     256   78227  4002907  51.09
1920-1929       26      0.00300  0.00299  0.49   78099     234   77980  3924681  50.25
1920-1929       27      0.00265  0.00265  0.49   77865     206   77760  3846701  49.40
1920-1929       28      0.00249  0.00249  0.49   77659     193   77561  3768941  48.53
1920-1929       29      0.00227  0.00227  0.50   77465     176   77377  3691380  47.65
1920-1929       30      0.00202  0.00202  0.49   77290     156   77209  3614003  46.76
1920-1929       31      0.00202  0.00202  0.49   77133     156   77055  3536794  45.85
1920-1929       32      0.00204  0.00204  0.49   76978     157   76898  3459739  44.94
1920-1929       33      0.00211  0.00211  0.49   76821     162   76738  3382841  44.04
1920-1929       34      0.00212  0.00212  0.51   76659     163   76579  3306103  43.13
1920-1929       35      0.00220  0.00220  0.50   76496     168   76411  3229524  42.22
1920-1929       36      0.00240  0.00240  0.50   76328     183   76237  3153113  41.31
1920-1929       37      0.00264  0.00263  0.51   76145     201   76046  3076876  40.41
1920-1929       38      0.00262  0.00262  0.50   75945     199   75845  3000830  39.51
1920-1929       39      0.00289  0.00288  0.50   75746     218   75637  2924985  38.62
1920-1929       40      0.00308  0.00308  0.50   75527     232   75412  2849348  37.73
1920-1929       41      0.00336  0.00336  0.50   75295     253   75167  2773937  36.84
1920-1929       42      0.00387  0.00386  0.50   75042     290   74898  2698769  35.96
1920-1929       43      0.00405  0.00404  0.50   74752     302   74601  2623872  35.10
1920-1929       44      0.00462  0.00460  0.50   74450     343   74280  2549271  34.24
1920-1929       45      0.00507  0.00506  0.50   74107     375   73922  2474991  33.40
1920-1929       46      0.00527  0.00526  0.50   73732     388   73540  2401069  32.56
1920-1929       47      0.00555  0.00553  0.50   73345     406   73141  2327529  31.73
1920-1929       48      0.00580  0.00578  0.50   72939     422   72730  2254388  30.91
1920-1929       49      0.00651  0.00649  0.51   72517     471   72285  2181659  30.08
1920-1929       50      0.00666  0.00663  0.50   72047     478   71807  2109373  29.28
1920-1929       51      0.00721  0.00718  0.50   71569     514   71314  2037566  28.47
1920-1929       52      0.00745  0.00742  0.51   71055     528   70794  1966252  27.67
1920-1929       53      0.00804  0.00801  0.50   70527     565   70245  1895458  26.88
1920-1929       54      0.00875  0.00871  0.50   69962     610   69658  1825213  26.09
1920-1929       55      0.00899  0.00895  0.50   69353     621   69045  1755556  25.31
1920-1929       56      0.00964  0.00960  0.50   68732     660   68402  1686510  24.54
1920-1929       57      0.01051  0.01045  0.50   68073     712   67719  1618109  23.77
1920-1929       58      0.01113  0.01107  0.50   67361     746   66988  1550389  23.02
1920-1929       59      0.01179  0.01172  0.50   66615     781   66225  1483401  22.27
1920-1929       60      0.01255  0.01247  0.50   65835     821   65426  1417176  21.53
1920-1929       61      0.01376  0.01367  0.50   65014     889   64571  1351749  20.79
1920-1929       62      0.01476  0.01465  0.50   64125     939   63656  1287178  20.07
1920-1929       63      0.01585  0.01573  0.50   63186     994   62690  1223522  19.36
1920-1929       64      0.01708  0.01694  0.50   62192    1054   61669  1160831  18.67
1920-1929       65      0.01793  0.01777  0.50   61138    1086   60597  1099163  17.98
1920-1929       66      0.01913  0.01895  0.50   60052    1138   59487  1038566  17.29
1920-1929       67      0.02099  0.02078  0.50   58914    1224   58303   979079  16.62
1920-1929       68      0.02196  0.02172  0.50   57690    1253   57067   920776  15.96
1920-1929       69      0.02364  0.02337  0.50   56437    1319   55780   863708  15.30
1920-1929       70      0.02579  0.02546  0.50   55118    1403   54422   807929  14.66
1920-1929       71      0.02722  0.02685  0.50   53715    1442   52997   753507  14.03
1920-1929       72      0.02974  0.02931  0.50   52272    1532   51513   700509  13.40
1920-1929       73      0.03211  0.03161  0.50   50740    1604   49946   648997  12.79
1920-1929       74      0.03363  0.03308  0.50   49137    1625   48331   599051  12.19
1920-1929       75      0.03721  0.03654  0.50   47512    1736   46652   550720  11.59
1920-1929       76      0.03947  0.03872  0.50   45776    1772   44896   504068  11.01
1920-1929       77      0.04297  0.04208  0.51   44003    1852   43087   459172  10.43
1920-1929       78      0.04697  0.04591  0.51   42152    1935   41196   416085   9.87
1920-1929       79      0.05067  0.04944  0.51   40217    1988   39235   374889   9.32
1920-1929       80      0.05568  0.05419  0.51   38228    2072   37205   335654   8.78
1920-1929       81      0.06069  0.05893  0.51   36157    2131   35106   298449   8.25
1920-1929       82      0.06626  0.06417  0.51   34026    2183   32949   263343   7.74
1920-1929       83      0.07287  0.07033  0.51   31843    2239   30734   230393   7.24
1920-1929       84      0.08189  0.07872  0.51   29603    2330   28458   199659   6.74
1920-1929       85      0.09152  0.08755  0.50   27273    2388   26091   171201   6.28
1920-1929       86      0.10330  0.09832  0.51   24885    2447   23686   145111   5.83
1920-1929       87      0.11473  0.10859  0.51   22438    2437   21238   121425   5.41
1920-1929       88      0.12965  0.12181  0.50   20002    2436   18792   100187   5.01
1920-1929       89      0.14408  0.13448  0.50   17565    2362   16395    81395   4.63
1920-1929       90      0.16310  0.15086  0.50   15203    2294   14063    65000   4.28
1920-1929       91      0.18214  0.16707  0.50   12909    2157   11842    50937   3.95
1920-1929       92      0.20450  0.18567  0.50   10753    1996    9763    39096   3.64
1920-1929       93      0.23054  0.20695  0.51    8756    1812    7860    29333   3.35
1920-1929       94      0.25612  0.22726  0.50    6944    1578    6161    21473   3.09
1920-1929       95      0.28939  0.25299  0.50    5366    1358    4691    15311   2.85
1920-1929       96      0.31875  0.27485  0.50    4008    1102    3456    10620   2.65
1920-1929       97      0.35380  0.30026  0.50    2907     873    2467     7164   2.46
1920-1929       98      0.38641  0.32378  0.50    2034     659    1704     4697   2.31
1920-1929       99      0.40808  0.33906  0.50    1375     466    1143     2993   2.18
1920-1929      100      0.44785  0.36540  0.50     909     332     742     1850   2.03
1920-1929      101      0.48048  0.38686  0.50     577     223     464     1108   1.92
1920-1929      102      0.50144  0.39949  0.49     354     141     282      644   1.82
1920-1929      103      0.57127  0.44685  0.51     212      95     166      362   1.70
1920-1929      104      0.54154  0.43043  0.52     117      51      93      196   1.67
1920-1929      105      0.61484  0.46903  0.49      67      31      51      102   1.53
1920-1929      106      0.75395  0.52542  0.42      36      19      25       51   1.44
1920-1929      107      0.58963  0.46429  0.54      17       8      13       27   1.57
1920-1929      108      0.62364  0.50000  0.60       9       5       7       13   1.47
1920-1929      109      0.27250  0.25000  0.67       5       1       4        6   1.34
1920-1929      110+     1.78906  1.00000  0.56       3       3       2        2   0.56
