Finland, Life tables (cohort 5x5), Total	Last modified: 02 Aug 2021;  Methods Protocol: v6 (2017)

  Year          Age         mx       qx    ax      lx      dx      Lx       Tx     ex
1878-1879        0      0.17376  0.15505  0.31  100000   15505   89236  4229781  42.30
1878-1879      1-4      0.04083  0.14821  1.50   84495   12523  306677  4140545  49.00
1878-1879      5-9      0.00990  0.04803  1.94   71972    3457  349264  3833868  53.27
1878-1879     10-14     0.00477  0.02356  2.45   68515    1614  338462  3484604  50.86
1878-1879     15-19     0.00504  0.02488  2.63   66901    1665  330559  3146141  47.03
1878-1879     20-24     0.00726  0.03566  2.51   65236    2326  320396  2815582  43.16
1878-1879     25-29     0.00769  0.03771  2.48   62910    2373  308578  2495186  39.66
1878-1879     30-34     0.00773  0.03791  2.54   60537    2295  297040  2186608  36.12
1878-1879     35-39     0.01120  0.05474  2.94   58242    3188  284638  1889568  32.44
1878-1879     40-44     0.01068  0.05187  2.24   55054    2856  267396  1604930  29.15
1878-1879     45-49     0.01165  0.05665  2.57   52198    2957  253801  1337535  25.62
1878-1879     50-54     0.01530  0.07371  2.53   49241    3630  237257  1083733  22.01
1878-1879     55-59     0.02026  0.09666  2.63   45612    4409  217614   846476  18.56
1878-1879     60-64     0.02977  0.13872  2.55   41203    5716  192001   628863  15.26
1878-1879     65-69     0.04111  0.18703  2.59   35487    6637  161450   436861  12.31
1878-1879     70-74     0.06449  0.27842  2.55   28850    8032  124554   275412   9.55
1878-1879     75-79     0.09897  0.39686  2.51   20817    8262   83479   150858   7.25
1878-1879     80-84     0.15022  0.53950  2.39   12556    6774   45093    67379   5.37
1878-1879     85-89     0.23505  0.70741  2.19    5782    4090   17401    22285   3.85
1878-1879     90-94     0.33389  0.82455  1.93    1692    1395    4178     4884   2.89
1878-1879     95-99     0.42126  0.89295  1.77     297     265     629      706   2.38
1878-1879    100-104    0.38950  0.85366  1.71      32      27      70       77   2.43
1878-1879    105-109    0.55369  0.83333  0.81       5       4       7        8   1.62
1878-1879    110+       1.48431  1.00000  0.67       1       1       1        1   0.67
1880-1884        0      0.18921  0.16724  0.31  100000   16724   88390  4255245  42.55
1880-1884      1-4      0.03760  0.13697  1.40   83276   11407  303395  4166854  50.04
1880-1884      5-9      0.00859  0.04192  2.20   71869    3013  350926  3863459  53.76
1880-1884     10-14     0.00469  0.02313  2.27   68857    1593  339941  3512533  51.01
1880-1884     15-19     0.00557  0.02747  2.70   67264    1848  332067  3172592  47.17
1880-1884     20-24     0.00736  0.03612  2.52   65416    2363  321216  2840525  43.42
1880-1884     25-29     0.00753  0.03696  2.48   63053    2330  309391  2519310  39.96
1880-1884     30-34     0.00906  0.04438  2.76   60723    2695  297585  2209918  36.39
1880-1884     35-39     0.01146  0.05559  2.31   58028    3226  281460  1912334  32.96
1880-1884     40-44     0.00897  0.04387  2.57   54803    2404  268175  1630873  29.76
1880-1884     45-49     0.01114  0.05423  2.56   52398    2841  255058  1362699  26.01
1880-1884     50-54     0.01423  0.06878  2.59   49557    3408  239558  1107641  22.35
1880-1884     55-59     0.02045  0.09746  2.60   46149    4497  219963   868083  18.81
1880-1884     60-64     0.02796  0.13095  2.59   41651    5454  195087   648120  15.56
1880-1884     65-69     0.04074  0.18543  2.58   36197    6712  164775   453033  12.52
1880-1884     70-74     0.06053  0.26354  2.55   29485    7770  128367   288258   9.78
1880-1884     75-79     0.09557  0.38579  2.50   21714    8377   87655   159891   7.36
1880-1884     80-84     0.15235  0.54429  2.38   13337    7259   47649    72235   5.42
1880-1884     85-89     0.22755  0.69139  2.16    6078    4202   18467    24586   4.05
1880-1884     90-94     0.29170  0.77956  2.01    1876    1462    5013     6119   3.26
1880-1884     95-99     0.35782  0.83965  1.84     413     347     970     1106   2.68
1880-1884    100-104    0.47493  0.92273  1.69      66      61     129      136   2.05
1880-1884    105-109    0.70680  1.00000  1.41       5       5       7        7   1.41
1880-1884    110+             .        .     .       0       0       0        0      .
1885-1889        0      0.16566  0.14857  0.31  100000   14857   89686  4404494  44.04
1885-1889      1-4      0.03386  0.12503  1.54   85143   10646  314361  4314808  50.68
1885-1889      5-9      0.00915  0.04451  1.94   74497    3316  362339  4000446  53.70
1885-1889     10-14     0.00496  0.02451  2.48   71181    1745  351509  3638107  51.11
1885-1889     15-19     0.00611  0.03009  2.59   69436    2089  342158  3286598  47.33
1885-1889     20-24     0.00731  0.03588  2.48   67347    2416  330651  2944440  43.72
1885-1889     25-29     0.00921  0.04510  2.76   64931    2928  318100  2613789  40.25
1885-1889     30-34     0.01142  0.05534  2.23   62003    3431  300512  2295690  37.03
1885-1889     35-39     0.00767  0.03763  2.53   58571    2204  287423  1995177  34.06
1885-1889     40-44     0.00915  0.04471  2.52   56367    2520  275582  1707754  30.30
1885-1889     45-49     0.01024  0.04994  2.56   53847    2689  262673  1432172  26.60
1885-1889     50-54     0.01419  0.06862  2.61   51158    3511  247388  1169499  22.86
1885-1889     55-59     0.01866  0.08926  2.58   47648    4253  227950   922111  19.35
1885-1889     60-64     0.02611  0.12284  2.59   43395    5331  204145   694161  16.00
1885-1889     65-69     0.03755  0.17214  2.59   38064    6552  174517   490015  12.87
1885-1889     70-74     0.05825  0.25516  2.57   31512    8041  138032   315498  10.01
1885-1889     75-79     0.09549  0.38541  2.50   23471    9046   94735   177466   7.56
1885-1889     80-84     0.14494  0.52309  2.34   14425    7546   52060    82731   5.74
1885-1889     85-89     0.20082  0.64341  2.21    6879    4426   22041    30672   4.46
1885-1889     90-94     0.26366  0.74790  2.11    2453    1835    6959     8631   3.52
1885-1889     95-99     0.35478  0.85527  1.97     618     529    1491     1673   2.70
1885-1889    100-104    0.48724  0.93528  1.71      90      84     172      182   2.03
1885-1889    105-109    0.59920  0.95000  1.41       6       6       9       10   1.72
1885-1889    110+       0.37460  1.00000  2.67       0       0       1        1   2.67
1890-1894        0      0.15139  0.13699  0.31  100000   13699   90489  4564107  45.64
1890-1894      1-4      0.02996  0.11100  1.34   86301    9579  319719  4473618  51.84
1890-1894      5-9      0.00879  0.04291  2.27   76721    3292  374608  4153899  54.14
1890-1894     10-14     0.00511  0.02523  2.41   73429    1853  362354  3779291  51.47
1890-1894     15-19     0.00598  0.02950  2.64   71576    2111  352901  3416936  47.74
1890-1894     20-24     0.00948  0.04643  2.85   69465    3225  340396  3064036  44.11
1890-1894     25-29     0.01197  0.05792  2.23   66240    3837  320556  2723640  41.12
1890-1894     30-34     0.00709  0.03485  2.48   62403    2175  306538  2403084  38.51
1890-1894     35-39     0.00779  0.03823  2.51   60228    2302  295399  2096546  34.81
1890-1894     40-44     0.00833  0.04082  2.52   57926    2365  283757  1801147  31.09
1890-1894     45-49     0.01017  0.04962  2.58   55561    2757  271141  1517390  27.31
1890-1894     50-54     0.01308  0.06342  2.59   52804    3349  255965  1246250  23.60
1890-1894     55-59     0.01693  0.08134  2.58   49455    4023  237561   990284  20.02
1890-1894     60-64     0.02343  0.11093  2.60   45433    5040  215083   752723  16.57
1890-1894     65-69     0.03573  0.16467  2.62   40393    6651  186154   537640  13.31
1890-1894     70-74     0.05820  0.25512  2.58   33741    8608  147907   351486  10.42
1890-1894     75-79     0.08993  0.36691  2.49   25133    9222  102537   203579   8.10
1890-1894     80-84     0.12621  0.47449  2.39   15912    7550   59819   101042   6.35
1890-1894     85-89     0.17073  0.58497  2.31    8362    4891   28649    41223   4.93
1890-1894     90-94     0.25080  0.73330  2.17    3470    2545   10147    12573   3.62
1890-1894     95-99     0.36604  0.85259  1.87     926     789    2156     2427   2.62
1890-1894    100-104    0.49371  0.93644  1.69     136     128     259      271   1.99
1890-1894    105-109    0.69976  0.96667  1.26       9       8      12       12   1.43
1890-1894    110+       0.74925  1.00000  1.33       0       0       0        0   1.33
1895-1899        0      0.14754  0.13383  0.31  100000   13383   90709  4607868  46.08
1895-1899      1-4      0.03077  0.11427  1.49   86617    9897  321634  4517159  52.15
1895-1899      5-9      0.00853  0.04162  2.10   76719    3193  374337  4195525  54.69
1895-1899     10-14     0.00456  0.02255  2.40   73526    1658  363319  3821188  51.97
1895-1899     15-19     0.00771  0.03798  3.00   71868    2730  353868  3457870  48.11
1895-1899     20-24     0.01283  0.06192  2.18   69138    4281  333626  3104002  44.90
1895-1899     25-29     0.00725  0.03561  2.50   64857    2310  318505  2770376  42.72
1895-1899     30-34     0.00727  0.03566  2.42   62547    2230  306982  2451871  39.20
1895-1899     35-39     0.00686  0.03372  2.51   60317    2034  296522  2144889  35.56
1895-1899     40-44     0.00929  0.04544  2.56   58283    2648  284959  1848367  31.71
1895-1899     45-49     0.00971  0.04743  2.54   55635    2639  271674  1563407  28.10
1895-1899     50-54     0.01155  0.05618  2.59   52996    2977  257790  1291733  24.37
1895-1899     55-59     0.01532  0.07388  2.59   50019    3696  241200  1033943  20.67
1895-1899     60-64     0.02280  0.10815  2.63   46323    5010  219742   792743  17.11
1895-1899     65-69     0.03567  0.16436  2.62   41313    6790  190379   573001  13.87
1895-1899     70-74     0.05446  0.24013  2.54   34523    8290  152236   382621  11.08
1895-1899     75-79     0.07725  0.32362  2.49   26233    8490  109895   230386   8.78
1895-1899     80-84     0.10955  0.42743  2.43   17743    7584   69228   120491   6.79
1895-1899     85-89     0.16319  0.56945  2.35   10159    5785   35450    51262   5.05
1895-1899     90-94     0.25054  0.73356  2.18    4374    3209   12807    15812   3.61
1895-1899     95-99     0.37146  0.86247  1.89    1165    1005    2706     3005   2.58
1895-1899    100-104    0.53498  0.94081  1.55     160     151     282      299   1.86
1895-1899    105-109    0.54046  0.92105  1.42       9       9      16       17   1.77
1895-1899    110+       1.12140  1.00000  0.89       1       1       1        1   0.89
1900-1904        0      0.14800  0.13421  0.31  100000   13421   90683  4848666  48.49
1900-1904      1-4      0.02597  0.09731  1.40   86579    8425  324435  4757983  54.96
1900-1904      5-9      0.00711  0.03484  2.07   78155    2723  382783  4433548  56.73
1900-1904     10-14     0.00448  0.02215  2.58   75431    1671  373110  4050765  53.70
1900-1904     15-19     0.00761  0.03737  2.54   73761    2756  362023  3677655  49.86
1900-1904     20-24     0.00776  0.03804  2.47   71004    2701  348179  3315632  46.70
1900-1904     25-29     0.00725  0.03559  2.41   68303    2431  335230  2967453  43.45
1900-1904     30-34     0.00622  0.03060  2.47   65872    2016  324269  2632223  39.96
1900-1904     35-39     0.01020  0.04976  2.60   63856    3178  311667  2307954  36.14
1900-1904     40-44     0.00810  0.03967  2.35   60679    2407  297022  1996287  32.90
1900-1904     45-49     0.00761  0.03735  2.54   58271    2177  286010  1699264  29.16
1900-1904     50-54     0.00975  0.04765  2.63   56095    2673  274149  1413254  25.19
1900-1904     55-59     0.01442  0.06975  2.65   53421    3726  258368  1139106  21.32
1900-1904     60-64     0.02250  0.10680  2.63   49695    5307  235892   880738  17.72
1900-1904     65-69     0.03356  0.15515  2.57   44388    6887  205212   644846  14.53
1900-1904     70-74     0.04780  0.21387  2.54   37501    8020  167774   439634  11.72
1900-1904     75-79     0.06809  0.29084  2.49   29481    8574  125922   271860   9.22
1900-1904     80-84     0.10329  0.40935  2.47   20907    8558   82860   145938   6.98
1900-1904     85-89     0.16095  0.56516  2.37   12348    6979   43360    63078   5.11
1900-1904     90-94     0.24525  0.72620  2.19    5370    3899   15900    19718   3.67
1900-1904     95-99     0.36860  0.86048  1.90    1470    1265    3432     3818   2.60
1900-1904    100-104    0.52129  0.93234  1.56     205     191     367      386   1.88
1900-1904    105-109    0.72361  0.98305  1.30      14      14      19       19   1.39
1900-1904    110+       0.59935  1.00000  1.67       0       0       0        0   1.67
1905-1909        0      0.13088  0.11998  0.31  100000   11998   91671  5121851  51.22
1905-1909      1-4      0.02233  0.08438  1.39   88002    7426  332591  5030181  57.16
1905-1909      5-9      0.00608  0.02990  2.26   80576    2410  396284  4697590  58.30
1905-1909     10-14     0.00455  0.02246  2.31   78167    1756  386116  4301306  55.03
1905-1909     15-19     0.00548  0.02707  2.74   76411    2068  377384  3915189  51.24
1905-1909     20-24     0.00757  0.03713  2.37   74343    2760  364454  3537806  47.59
1905-1909     25-29     0.00591  0.02909  2.42   71583    2083  352549  3173351  44.33
1905-1909     30-34     0.01130  0.05503  2.64   69500    3825  338489  2820802  40.59
1905-1909     35-39     0.00765  0.03746  2.19   65675    2460  321464  2482313  37.80
1905-1909     40-44     0.00523  0.02579  2.44   63215    1630  311904  2160849  34.18
1905-1909     45-49     0.00622  0.03065  2.63   61584    1887  303458  1848945  30.02
1905-1909     50-54     0.00914  0.04474  2.67   59697    2671  292252  1545487  25.89
1905-1909     55-59     0.01438  0.06957  2.65   57026    3967  275824  1253235  21.98
1905-1909     60-64     0.02138  0.10172  2.62   53059    5397  252460   977411  18.42
1905-1909     65-69     0.03002  0.13992  2.58   47661    6669  222161   724951  15.21
1905-1909     70-74     0.04213  0.19110  2.57   40993    7834  185931   502791  12.27
1905-1909     75-79     0.06283  0.27221  2.55   33159    9026  143656   316859   9.56
1905-1909     80-84     0.09853  0.39503  2.49   24133    9533   96751   173203   7.18
1905-1909     85-89     0.15476  0.54947  2.36   14600    8022   51836    76453   5.24
1905-1909     90-94     0.24192  0.71959  2.19    6578    4733   19565    24617   3.74
1905-1909     95-99     0.34690  0.84132  1.94    1844    1552    4473     5052   2.74
1905-1909    100-104    0.49518  0.93468  1.67     293     274     552      579   1.98
1905-1909    105-109    0.71035  0.96552  1.23      19      18      26       26   1.38
1905-1909    110+       1.78906  1.00000  0.56       1       1       0        0   0.56
1910-1914        0      0.11967  0.11049  0.31  100000   11049   92329  5273751  52.74
1910-1914      1-4      0.02018  0.07684  1.50   88951    6835  338707  5181422  58.25
1910-1914      5-9      0.00703  0.03443  1.97   82116    2828  402024  4842715  58.97
1910-1914     10-14     0.00352  0.01743  2.56   79288    1382  393066  4440691  56.01
1910-1914     15-19     0.00534  0.02638  2.65   77907    2055  384704  4047625  51.95
1910-1914     20-24     0.00595  0.02931  2.39   75851    2223  373461  3662921  48.29
1910-1914     25-29     0.01361  0.06598  2.71   73628    4858  356994  3289460  44.68
1910-1914     30-34     0.00856  0.04177  2.07   68770    2872  335424  2932466  42.64
1910-1914     35-39     0.00422  0.02085  2.35   65898    1374  325846  2597042  39.41
1910-1914     40-44     0.00411  0.02034  2.64   64524    1313  319524  2271195  35.20
1910-1914     45-49     0.00585  0.02885  2.68   63211    1824  311829  1951672  30.88
1910-1914     50-54     0.00925  0.04525  2.63   61388    2778  300357  1639842  26.71
1910-1914     55-59     0.01359  0.06582  2.62   58610    3858  283853  1339486  22.85
1910-1914     60-64     0.01896  0.09065  2.59   54752    4963  261805  1055633  19.28
1910-1914     65-69     0.02615  0.12298  2.59   49789    6123  234174   793828  15.94
1910-1914     70-74     0.03852  0.17628  2.60   43666    7698  199852   559654  12.82
1910-1914     75-79     0.05876  0.25700  2.56   35969    9244  157331   359802  10.00
1910-1914     80-84     0.09052  0.36913  2.50   26725    9865  108984   202471   7.58
1910-1914     85-89     0.14317  0.52240  2.41   16860    8808   61520    93487   5.54
1910-1914     90-94     0.22241  0.68550  2.20    8052    5520   24818    31967   3.97
1910-1914     95-99     0.33257  0.83235  2.00    2532    2108    6338     7148   2.82
1910-1914    100-104    0.51802  0.94093  1.62     425     399     771      810   1.91
1910-1914    105-109    0.61501  0.94686  1.35      25      24      39       39   1.57
1910-1914    110+       1.78906  1.00000  0.56       1       1       1        1   0.56
1915-1919        0      0.12457  0.11466  0.31  100000   11466   92040  5366497  53.66
1915-1919      1-4      0.02268  0.08554  1.33   88534    7573  333881  5274457  59.58
1915-1919      5-9      0.00370  0.01833  2.20   80961    1484  400652  4940576  61.02
1915-1919     10-14     0.00291  0.01447  2.56   79477    1150  394584  4539924  57.12
1915-1919     15-19     0.00403  0.01998  2.65   78327    1565  387964  4145341  52.92
1915-1919     20-24     0.01469  0.07135  3.00   76763    5477  372881  3757376  48.95
1915-1919     25-29     0.01015  0.04924  1.99   71286    3510  345849  3384496  47.48
1915-1919     30-34     0.00378  0.01870  2.29   67775    1267  335448  3038647  44.83
1915-1919     35-39     0.00293  0.01456  2.57   66508     969  330185  2703199  40.64
1915-1919     40-44     0.00376  0.01863  2.67   65540    1221  324853  2373014  36.21
1915-1919     45-49     0.00585  0.02886  2.67   64319    1856  317268  2048160  31.84
1915-1919     50-54     0.00875  0.04285  2.64   62463    2676  305989  1730892  27.71
1915-1919     55-59     0.01221  0.05934  2.62   59786    3548  290480  1424904  23.83
1915-1919     60-64     0.01685  0.08099  2.61   56238    4555  270286  1134423  20.17
1915-1919     65-69     0.02375  0.11236  2.61   51683    5807  244537   864138  16.72
1915-1919     70-74     0.03531  0.16265  2.58   45876    7462  211339   619601  13.51
1915-1919     75-79     0.05292  0.23430  2.56   38415    9001  170095   408262  10.63
1915-1919     80-84     0.08164  0.33967  2.53   29414    9991  122381   238167   8.10
1915-1919     85-89     0.12599  0.47565  2.43   19423    9238   73329   115785   5.96
1915-1919     90-94     0.20645  0.66176  2.29   10184    6740   32646    42457   4.17
1915-1919     95-99     0.33255  0.83346  2.01    3445    2871    8633     9811   2.85
1915-1919    100-104    0.47690  0.92275  1.68     574     529    1110     1178   2.05
1915-1919    105-109    0.63231  0.94938  1.31      44      42      67       68   1.53
1915-1919    110+       1.78906  1.00000  0.56       2       2       1        1   0.56
1920-1924        0      0.10527  0.09810  0.31  100000    9810   93189  5870522  58.71
1920-1924      1-4      0.01276  0.04934  1.29   90190    4450  348696  5777333  64.06
1920-1924      5-9      0.00322  0.01598  2.29   85740    1370  424991  5428636  63.32
1920-1924     10-14     0.00245  0.01217  2.48   84370    1027  419260  5003645  59.31
1920-1924     15-19     0.00591  0.02925  3.28   83343    2438  412518  4584385  55.01
1920-1924     20-24     0.01451  0.06942  1.89   80905    5617  387045  4171868  51.56
1920-1924     25-29     0.00367  0.01814  2.21   75289    1366  372638  3784822  50.27
1920-1924     30-34     0.00222  0.01106  2.50   73923     817  367572  3412184  46.16
1920-1924     35-39     0.00264  0.01311  2.63   73106     958  363254  3044612  41.65
1920-1924     40-44     0.00383  0.01897  2.70   72147    1368  357586  2681358  37.17
1920-1924     45-49     0.00585  0.02883  2.62   70779    2041  349046  2323772  32.83
1920-1924     50-54     0.00806  0.03957  2.63   68738    2720  337245  1974726  28.73
1920-1924     55-59     0.01088  0.05304  2.61   66018    3502  321722  1637481  24.80
1920-1924     60-64     0.01532  0.07391  2.64   62517    4620  301673  1315759  21.05
1920-1924     65-69     0.02200  0.10448  2.60   57896    6049  274944  1014087  17.52
1920-1924     70-74     0.03166  0.14702  2.58   51847    7623  240755   739143  14.26
1920-1924     75-79     0.04708  0.21121  2.57   44224    9340  198416   498387  11.27
1920-1924     80-84     0.07052  0.30049  2.54   34884   10482  148641   299972   8.60
1920-1924     85-89     0.11612  0.44969  2.49   24402   10973   94504   151331   6.20
1920-1924     90-94     0.20163  0.65379  2.31   13428    8779   43542    56827   4.23
1920-1924     95-99     0.33044  0.82980  2.00    4649    3858   11675    13285   2.86
1920-1924    100-104    0.48190  0.92639  1.68     791     733    1521     1610   2.03
1920-1924    105-109    0.63231  0.94938  1.31      58      55      87       89   1.53
1920-1924    110+       1.78906  1.00000  0.56       3       3       2        2   0.56
1925-1929        0      0.09506  0.08917  0.31  100000    8917   93808  6375727  63.76
1925-1929      1-4      0.01039  0.04041  1.31   91083    3681  354413  6281919  68.97
1925-1929      5-9      0.00309  0.01534  2.29   87402    1341  433370  5927505  67.82
1925-1929     10-14     0.00229  0.01136  2.57   86061     978  427931  5494136  63.84
1925-1929     15-19     0.00478  0.02365  2.88   85083    2012  421145  5066205  59.54
1925-1929     20-24     0.00358  0.01774  2.16   83071    1473  411169  4645060  55.92
1925-1929     25-29     0.00183  0.00913  2.49   81597     745  406116  4233890  51.89
1925-1929     30-34     0.00191  0.00950  2.54   80853     768  402373  3827775  47.34
1925-1929     35-39     0.00246  0.01223  2.62   80085     980  398088  3425402  42.77
1925-1929     40-44     0.00376  0.01864  2.68   79105    1474  392112  3027313  38.27
1925-1929     45-49     0.00543  0.02681  2.60   77631    2081  383161  2635201  33.95
1925-1929     50-54     0.00718  0.03529  2.61   75550    2666  371365  2252040  29.81
1925-1929     55-59     0.00993  0.04850  2.62   72884    3535  356020  1880676  25.80
1925-1929     60-64     0.01424  0.06888  2.61   69349    4777  335318  1524656  21.99
1925-1929     65-69     0.01941  0.09274  2.60   64572    5989  308489  1189338  18.42
1925-1929     70-74     0.02763  0.12955  2.59   58583    7589  274639   880849  15.04
1925-1929     75-79     0.03963  0.18083  2.59   50994    9221  232709   606210  11.89
1925-1929     80-84     0.06322  0.27426  2.59   41773   11457  181212   373501   8.94
1925-1929     85-89     0.11157  0.43647  2.51   30316   13232  118602   192289   6.34
1925-1929     90-94     0.19481  0.64103  2.33   17084   10951   56216    73687   4.31
1925-1929     95-99     0.33178  0.83141  2.00    6133    5099   15368    17472   2.85
1925-1929    100-104    0.48190  0.92639  1.68    1034     958    1987     2104   2.03
1925-1929    105-109    0.63231  0.94938  1.31      76      72     114      116   1.53
1925-1929    110+       1.78906  1.00000  0.56       4       4       2        2   0.56
