Finland, Life tables (cohort 5x10), Total	Last modified: 02 Aug 2021;  Methods Protocol: v6 (2017)

  Year          Age         mx       qx    ax      lx      dx      Lx       Tx     ex
1878-1879        0      0.17376  0.15505  0.31  100000   15505   89236  4229781  42.30
1878-1879      1-4      0.04083  0.14821  1.50   84495   12523  306677  4140545  49.00
1878-1879      5-9      0.00990  0.04803  1.94   71972    3457  349264  3833868  53.27
1878-1879     10-14     0.00477  0.02356  2.45   68515    1614  338462  3484604  50.86
1878-1879     15-19     0.00504  0.02488  2.63   66901    1665  330559  3146141  47.03
1878-1879     20-24     0.00726  0.03566  2.51   65236    2326  320396  2815582  43.16
1878-1879     25-29     0.00769  0.03771  2.48   62910    2373  308578  2495186  39.66
1878-1879     30-34     0.00773  0.03791  2.54   60537    2295  297040  2186608  36.12
1878-1879     35-39     0.01120  0.05474  2.94   58242    3188  284638  1889568  32.44
1878-1879     40-44     0.01068  0.05187  2.24   55054    2856  267396  1604930  29.15
1878-1879     45-49     0.01165  0.05665  2.57   52198    2957  253801  1337535  25.62
1878-1879     50-54     0.01530  0.07371  2.53   49241    3630  237257  1083733  22.01
1878-1879     55-59     0.02026  0.09666  2.63   45612    4409  217614   846476  18.56
1878-1879     60-64     0.02977  0.13872  2.55   41203    5716  192001   628863  15.26
1878-1879     65-69     0.04111  0.18703  2.59   35487    6637  161450   436861  12.31
1878-1879     70-74     0.06449  0.27842  2.55   28850    8032  124554   275412   9.55
1878-1879     75-79     0.09897  0.39686  2.51   20817    8262   83479   150858   7.25
1878-1879     80-84     0.15022  0.53950  2.39   12556    6774   45093    67379   5.37
1878-1879     85-89     0.23505  0.70741  2.19    5782    4090   17401    22285   3.85
1878-1879     90-94     0.33389  0.82455  1.93    1692    1395    4178     4884   2.89
1878-1879     95-99     0.42126  0.89295  1.77     297     265     629      706   2.38
1878-1879    100-104    0.38950  0.85366  1.71      32      27      70       77   2.43
1878-1879    105-109    0.55369  0.83333  0.81       5       4       7        8   1.62
1878-1879    110+       1.48431  1.00000  0.67       1       1       1        1   0.67
1880-1889        0      0.17702  0.15765  0.31  100000   15765   89056  4332634  43.33
1880-1889      1-4      0.03565  0.13077  1.47   84235   11015  309022  4243578  50.38
1880-1889      5-9      0.00886  0.04317  2.07   73220    3161  356827  3934556  53.74
1880-1889     10-14     0.00483  0.02383  2.38   70059    1670  345928  3577729  51.07
1880-1889     15-19     0.00584  0.02881  2.64   68390    1970  337305  3231801  47.26
1880-1889     20-24     0.00733  0.03599  2.50   66419    2391  326118  2894495  43.58
1880-1889     25-29     0.00840  0.04117  2.64   64029    2636  313920  2568377  40.11
1880-1889     30-34     0.01026  0.05001  2.46   61393    3070  299166  2254457  36.72
1880-1889     35-39     0.00949  0.04631  2.40   58323    2701  284603  1955291  33.53
1880-1889     40-44     0.00906  0.04430  2.54   55622    2464  272058  1670688  30.04
1880-1889     45-49     0.01067  0.05200  2.56   53158    2764  259044  1398630  26.31
1880-1889     50-54     0.01421  0.06870  2.60   50394    3462  243649  1139586  22.61
1880-1889     55-59     0.01953  0.09324  2.59   46932    4376  224123   895938  19.09
1880-1889     60-64     0.02701  0.12678  2.59   42556    5395  199775   671814  15.79
1880-1889     65-69     0.03907  0.17850  2.59   37161    6633  169793   472040  12.70
1880-1889     70-74     0.05932  0.25911  2.56   30528    7910  133338   302246   9.90
1880-1889     75-79     0.09553  0.38559  2.50   22618    8721   91295   168909   7.47
1880-1889     80-84     0.14841  0.53307  2.36   13896    7408   49915    77613   5.59
1880-1889     85-89     0.21275  0.66544  2.19    6489    4318   20296    27698   4.27
1880-1889     90-94     0.27513  0.76131  2.07    2171    1653    6007     7402   3.41
1880-1889     95-99     0.35595  0.84916  1.92     518     440    1236     1396   2.69
1880-1889    100-104    0.48209  0.93006  1.70      78      73     151      159   2.04
1880-1889    105-109    0.64561  0.97297  1.41       5       5       8        9   1.58
1880-1889    110+       0.37460  1.00000  2.67       0       0       0        0   2.67
1890-1899        0      0.14942  0.13538  0.31  100000   13538   90602  4587723  45.88
1890-1899      1-4      0.03039  0.11271  1.42   86462    9745  320696  4497122  52.01
1890-1899      5-9      0.00865  0.04224  2.18   76717    3240  374453  4176426  54.44
1890-1899     10-14     0.00482  0.02383  2.41   73477    1751  362845  3801973  51.74
1890-1899     15-19     0.00689  0.03396  2.85   71726    2436  353394  3439128  47.95
1890-1899     20-24     0.01122  0.05455  2.45   69290    3780  336816  3085735  44.53
1890-1899     25-29     0.00946  0.04615  2.34   65510    3024  319497  2748918  41.96
1890-1899     30-34     0.00719  0.03528  2.45   62486    2205  306807  2429421  38.88
1890-1899     35-39     0.00730  0.03582  2.51   60282    2160  296028  2122614  35.21
1890-1899     40-44     0.00885  0.04329  2.54   58122    2516  284427  1826586  31.43
1890-1899     45-49     0.00993  0.04846  2.56   55606    2695  271452  1542159  27.73
1890-1899     50-54     0.01227  0.05958  2.59   52911    3152  256959  1270707  24.02
1890-1899     55-59     0.01607  0.07733  2.59   49759    3848  239517  1013748  20.37
1890-1899     60-64     0.02309  0.10942  2.62   45911    5024  217586   774231  16.86
1890-1899     65-69     0.03570  0.16450  2.62   40887    6726  188423   556646  13.61
1890-1899     70-74     0.05616  0.24697  2.56   34161    8437  150233   368223  10.78
1890-1899     75-79     0.08289  0.34316  2.49   25724    8827  106495   217990   8.47
1890-1899     80-84     0.11667  0.44797  2.41   16897    7569   64878   111495   6.60
1890-1899     85-89     0.16629  0.57590  2.33    9328    5372   32303    46617   5.00
1890-1899     90-94     0.25064  0.73346  2.17    3956    2901   11576    14313   3.62
1890-1899     95-99     0.36925  0.85845  1.88    1054     905    2451     2737   2.60
1890-1899    100-104    0.51672  0.93896  1.61     149     140     271      286   1.92
1890-1899    105-109    0.60262  0.94118  1.35       9       9      14       15   1.62
1890-1899    110+       0.99753  1.00000  1.00       1       1       1        1   1.00
1900-1909        0      0.13918  0.12692  0.31  100000   12692   91189  4988954  49.89
1900-1909      1-4      0.02408  0.09062  1.39   87308    7912  328614  4897766  56.10
1900-1909      5-9      0.00658  0.03227  2.16   79396    2562  389703  4569151  57.55
1900-1909     10-14     0.00451  0.02231  2.44   76833    1714  379777  4179448  54.40
1900-1909     15-19     0.00649  0.03198  2.63   75119    2402  369900  3799671  50.58
1900-1909     20-24     0.00766  0.03756  2.42   72717    2731  356529  3429771  47.17
1900-1909     25-29     0.00654  0.03215  2.42   69986    2250  344122  3073242  43.91
1900-1909     30-34     0.00890  0.04357  2.59   67736    2951  331560  2729120  40.29
1900-1909     35-39     0.00887  0.04334  2.42   64785    2807  316672  2397560  37.01
1900-1909     40-44     0.00659  0.03238  2.39   61977    2007  304650  2080888  33.58
1900-1909     45-49     0.00687  0.03380  2.59   59970    2027  294961  1776239  29.62
1900-1909     50-54     0.00942  0.04610  2.65   57943    2671  283441  1481278  25.56
1900-1909     55-59     0.01440  0.06965  2.65   55272    3850  267330  1197837  21.67
1900-1909     60-64     0.02190  0.10409  2.63   51422    5352  244401   930507  18.10
1900-1909     65-69     0.03166  0.14700  2.58   46070    6772  213925   686107  14.89
1900-1909     70-74     0.04472  0.20158  2.56   39297    7922  177122   472182  12.02
1900-1909     75-79     0.06520  0.28066  2.52   31376    8806  135061   295060   9.40
1900-1909     80-84     0.10065  0.40144  2.48   22570    9060   90021   159999   7.09
1900-1909     85-89     0.15747  0.55639  2.36   13509    7516   47732    69978   5.18
1900-1909     90-94     0.24335  0.72245  2.19    5993    4330   17791    22246   3.71
1900-1909     95-99     0.35596  0.84949  1.92    1663    1413    3969     4455   2.68
1900-1909    100-104    0.50517  0.93376  1.62     250     234     463      486   1.94
1900-1909    105-109    0.71571  0.97260  1.26      17      16      23       23   1.38
1900-1909    110+       1.19570  1.00000  0.84       0       0       0        0   0.84
1910-1919        0      0.12195  0.11243  0.31  100000   11243   92194  5316586  53.17
1910-1919      1-4      0.02133  0.08088  1.41   88757    7178  336461  5224391  58.86
1910-1919      5-9      0.00547  0.02693  2.05   81579    2197  401408  4887930  59.92
1910-1919     10-14     0.00323  0.01604  2.56   79382    1274  393804  4486523  56.52
1910-1919     15-19     0.00473  0.02339  2.65   78109    1827  386252  4092719  52.40
1910-1919     20-24     0.01001  0.04899  2.81   76281    3737  373222  3706467  48.59
1910-1919     25-29     0.01203  0.05836  2.43   72545    4234  351838  3333245  45.95
1910-1919     30-34     0.00635  0.03120  2.13   68311    2131  335436  2981407  43.64
1910-1919     35-39     0.00362  0.01794  2.43   66179    1187  327845  2645971  39.98
1910-1919     40-44     0.00395  0.01955  2.65   64992    1270  321979  2318126  35.67
1910-1919     45-49     0.00585  0.02885  2.68   63722    1839  314335  1996147  31.33
1910-1919     50-54     0.00902  0.04413  2.63   61883    2731  302951  1681812  27.18
1910-1919     55-59     0.01295  0.06280  2.62   59152    3715  286906  1378861  23.31
1910-1919     60-64     0.01797  0.08613  2.60   55437    4775  265713  1091955  19.70
1910-1919     65-69     0.02501  0.11798  2.60   50662    5977  238950   826242  16.31
1910-1919     70-74     0.03699  0.16983  2.59   44685    7589  205146   587292  13.14
1910-1919     75-79     0.05595  0.24616  2.56   37096    9132  163215   382146  10.30
1910-1919     80-84     0.08616  0.35483  2.51   27964    9923  115161   218932   7.83
1910-1919     85-89     0.13449  0.49918  2.42   18042    9006   66966   103770   5.75
1910-1919     90-94     0.21395  0.67316  2.25    9036    6082   28428    36805   4.07
1910-1919     95-99     0.33256  0.83295  2.00    2953    2460    7397     8376   2.84
1910-1919    100-104    0.49575  0.93162  1.65     493     460     927      979   1.99
1910-1919    105-109    0.62361  0.94813  1.33      34      32      51       52   1.55
1910-1919    110+       1.78906  1.00000  0.56       2       2       1        1   0.56
1920-1929        0      0.10026  0.09374  0.31  100000    9374   93492  6115982  61.16
1920-1929      1-4      0.01159  0.04496  1.30   90626    4074  351489  6022490  66.45
1920-1929      5-9      0.00316  0.01567  2.29   86552    1356  429084  5671000  65.52
1920-1929     10-14     0.00237  0.01177  2.52   85196    1003  423496  5241916  61.53
1920-1929     15-19     0.00536  0.02651  3.10   84193    2232  416732  4818420  57.23
1920-1929     20-24     0.00904  0.04400  1.94   81961    3606  398781  4401688  53.70
1920-1929     25-29     0.00274  0.01360  2.31   78355    1066  388904  4002907  51.09
1920-1929     30-34     0.00206  0.01027  2.52   77290     793  384479  3614003  46.76
1920-1929     35-39     0.00255  0.01267  2.62   76496     969  380176  3229524  42.22
1920-1929     40-44     0.00379  0.01880  2.69   75527    1420  374357  2849348  37.73
1920-1929     45-49     0.00564  0.02780  2.61   74107    2061  365617  2474991  33.40
1920-1929     50-54     0.00761  0.03739  2.62   72047    2694  353818  2109373  29.28
1920-1929     55-59     0.01040  0.05073  2.62   69353    3518  338380  1755556  25.31
1920-1929     60-64     0.01477  0.07134  2.62   65835    4696  318013  1417176  21.53
1920-1929     65-69     0.02067  0.09846  2.60   61138    6020  291234  1099163  17.98
1920-1929     70-74     0.02957  0.13801  2.58   55118    7607  257209   807929  14.66
1920-1929     75-79     0.04316  0.19539  2.58   47512    9283  215066   550720  11.59
1920-1929     80-84     0.06662  0.28658  2.56   38228   10956  164453   335654   8.78
1920-1929     85-89     0.11365  0.44256  2.50   27273   12070  106202   171201   6.28
1920-1929     90-94     0.19797  0.64704  2.32   15203    9837   49688    65000   4.28
1920-1929     95-99     0.33109  0.83059  2.00    5366    4457   13461    15311   2.85
1920-1929    100-104    0.48190  0.92639  1.68     909     842    1748     1850   2.03
1920-1929    105-109    0.63231  0.94938  1.31      67      64     100      102   1.53
1920-1929    110+       1.78906  1.00000  0.56       3       3       2        2   0.56
