Finland, Life tables (period 5x5), Females	Last modified: 02 Aug 2021;  Methods Protocol: v6 (2017)

  Year          Age         mx       qx    ax      lx      dx      Lx       Tx     ex
1878-1879        0      0.16310  0.14669  0.31  100000   14669   89939  4308057  43.08
1878-1879      1-4      0.03880  0.14120  1.44   85331   12048  310520  4218119  49.43
1878-1879      5-9      0.00908  0.04424  2.08   73282    3242  356953  3907599  53.32
1878-1879     10-14     0.00491  0.02423  2.42   70040    1697  345816  3550646  50.69
1878-1879     15-19     0.00518  0.02558  2.51   68343    1748  337368  3204829  46.89
1878-1879     20-24     0.00624  0.03073  2.51   66595    2047  327877  2867461  43.06
1878-1879     25-29     0.00699  0.03436  2.52   64548    2218  317245  2539584  39.34
1878-1879     30-34     0.00828  0.04058  2.51   62330    2529  305347  2222339  35.65
1878-1879     35-39     0.00927  0.04529  2.49   59801    2708  292207  1916992  32.06
1878-1879     40-44     0.01006  0.04906  2.49   57093    2801  278442  1624786  28.46
1878-1879     45-49     0.01032  0.05030  2.53   54292    2731  264726  1346343  24.80
1878-1879     50-54     0.01412  0.06824  2.54   51561    3519  249151  1081617  20.98
1878-1879     55-59     0.02071  0.09856  2.55   48042    4735  228601   832467  17.33
1878-1879     60-64     0.03382  0.15616  2.55   43307    6763  199989   603865  13.94
1878-1879     65-69     0.05050  0.22500  2.58   36544    8222  162813   403876  11.05
1878-1879     70-74     0.07775  0.32623  2.53   28322    9239  118828   241063   8.51
1878-1879     75-79     0.12085  0.45909  2.38   19082    8760   72488   122235   6.41
1878-1879     80-84     0.18365  0.60927  2.24   10322    6289   34244    49748   4.82
1878-1879     85-89     0.24090  0.71132  2.12    4033    2869   11908    15504   3.84
1878-1879     90-94     0.30949  0.79972  1.98    1164     931    3008     3595   3.09
1878-1879     95-99     0.38745  0.86846  1.82     233     203     523      587   2.52
1878-1879    100-104    0.47162  0.91686  1.67      31      28      60       64   2.09
1878-1879    105-109    0.55762  0.94822  1.52       3       2       4        5   1.78
1878-1879    110+       0.62658  1.00000  1.60       0       0       0        0   1.60
1880-1884        0      0.16773  0.15042  0.31  100000   15042   89683  4213449  42.13
1880-1884      1-4      0.03898  0.14212  1.51   84958   12074  309768  4123766  48.54
1880-1884      5-9      0.01136  0.05493  2.00   72883    4003  352386  3813998  52.33
1880-1884     10-14     0.00525  0.02592  2.43   68880    1785  339802  3461612  50.26
1880-1884     15-19     0.00602  0.02967  2.50   67094    1991  330500  3121810  46.53
1880-1884     20-24     0.00651  0.03204  2.54   65104    2086  320386  2791310  42.87
1880-1884     25-29     0.00730  0.03582  2.41   63018    2257  309253  2470924  39.21
1880-1884     30-34     0.00835  0.04089  2.49   60761    2485  297566  2161671  35.58
1880-1884     35-39     0.00917  0.04483  2.49   58276    2612  284817  1864104  31.99
1880-1884     40-44     0.01013  0.04941  2.50   55664    2750  271445  1579287  28.37
1880-1884     45-49     0.01097  0.05346  2.61   52913    2829  257803  1307842  24.72
1880-1884     50-54     0.01448  0.06994  2.59   50084    3503  241986  1050039  20.97
1880-1884     55-59     0.02051  0.09772  2.59   46582    4552  221947   808054  17.35
1880-1884     60-64     0.03133  0.14579  2.62   42029    6127  195586   586107  13.95
1880-1884     65-69     0.05129  0.22774  2.54   35902    8176  159402   390520  10.88
1880-1884     70-74     0.08004  0.33334  2.49   27726    9242  115472   231119   8.34
1880-1884     75-79     0.12413  0.47001  2.42   18484    8687   69988   115647   6.26
1880-1884     80-84     0.18747  0.61773  2.24    9796    6051   32280    45658   4.66
1880-1884     85-89     0.25824  0.74241  2.14    3745    2780   10766    13378   3.57
1880-1884     90-94     0.35562  0.84633  1.90     965     816    2296     2612   2.71
1880-1884     95-99     0.46017  0.91350  1.70     148     135     294      317   2.14
1880-1884    100-104    0.56870  0.95260  1.51      13      12      21       22   1.75
1880-1884    105-109    0.67163  0.97331  1.35       1       1       1        1   1.48
1880-1884    110+       0.74943  1.00000  1.33       0       0       0        0   1.33
1885-1889        0      0.15106  0.13688  0.31  100000   13688   90612  4483246  44.83
1885-1889      1-4      0.03235  0.11960  1.47   86312   10323  319119  4392634  50.89
1885-1889      5-9      0.00863  0.04210  2.14   75989    3199  370802  4073515  53.61
1885-1889     10-14     0.00454  0.02244  2.34   72790    1633  359607  3702713  50.87
1885-1889     15-19     0.00524  0.02586  2.64   71157    1840  351440  3343107  46.98
1885-1889     20-24     0.00645  0.03172  2.51   69316    2199  341097  2991666  43.16
1885-1889     25-29     0.00709  0.03482  2.54   67118    2337  329835  2650570  39.49
1885-1889     30-34     0.00828  0.04055  2.50   64780    2627  317329  2320735  35.82
1885-1889     35-39     0.00922  0.04508  2.54   62153    2802  303883  2003406  32.23
1885-1889     40-44     0.01004  0.04898  2.53   59352    2907  289566  1699523  28.63
1885-1889     45-49     0.01069  0.05209  2.53   56444    2940  274965  1409957  24.98
1885-1889     50-54     0.01369  0.06625  2.58   53504    3545  258949  1134992  21.21
1885-1889     55-59     0.02047  0.09751  2.59   49960    4871  238037   876043  17.53
1885-1889     60-64     0.03044  0.14193  2.62   45088    6399  210230   638006  14.15
1885-1889     65-69     0.04889  0.21864  2.59   38689    8459  173038   427775  11.06
1885-1889     70-74     0.07887  0.32965  2.51   30230    9965  126359   254738   8.43
1885-1889     75-79     0.12198  0.46296  2.40   20265    9382   76914   128378   6.34
1885-1889     80-84     0.18402  0.61547  2.31   10883    6698   36399    51464   4.73
1885-1889     85-89     0.25609  0.73966  2.15    4185    3095   12087    15065   3.60
1885-1889     90-94     0.35184  0.84328  1.91    1089     919    2611     2978   2.73
1885-1889     95-99     0.45736  0.91226  1.71     171     156     341      367   2.15
1885-1889    100-104    0.56720  0.95228  1.51      15      14      25       26   1.75
1885-1889    105-109    0.67146  0.97333  1.35       1       1       1        1   1.49
1885-1889    110+       0.75019  1.00000  1.33       0       0       0        0   1.33
1890-1894        0      0.13671  0.12499  0.31  100000   12499   91427  4451650  44.52
1890-1894      1-4      0.03607  0.13236  1.51   87501   11581  321117  4360223  49.83
1890-1894      5-9      0.01006  0.04888  2.08   75920    3711  368754  4039106  53.20
1890-1894     10-14     0.00521  0.02572  2.38   72209    1857  356178  3670352  50.83
1890-1894     15-19     0.00598  0.02948  2.68   70352    2074  346958  3314174  47.11
1890-1894     20-24     0.00679  0.03334  2.30   68278    2276  335249  2967216  43.46
1890-1894     25-29     0.00663  0.03261  2.63   66002    2153  324913  2631967  39.88
1890-1894     30-34     0.00803  0.03934  2.42   63849    2512  312768  2307054  36.13
1890-1894     35-39     0.00868  0.04249  2.57   61337    2607  300349  1994286  32.51
1890-1894     40-44     0.00968  0.04724  2.43   58730    2774  286524  1693937  28.84
1890-1894     45-49     0.01015  0.04952  2.59   55956    2771  273099  1407413  25.15
1890-1894     50-54     0.01411  0.06823  2.59   53185    3629  257190  1134314  21.33
1890-1894     55-59     0.01860  0.08892  2.54   49557    4407  236939   877124  17.70
1890-1894     60-64     0.02911  0.13639  2.70   45150    6158  211571   640185  14.18
1890-1894     65-69     0.04916  0.21949  2.56   38992    8558  174091   428614  10.99
1890-1894     70-74     0.07824  0.32768  2.52   30433    9973  127459   254522   8.36
1890-1894     75-79     0.12511  0.47219  2.40   20461    9661   77225   127064   6.21
1890-1894     80-84     0.18432  0.61360  2.28   10799    6627   35951    49839   4.61
1890-1894     85-89     0.27828  0.76834  2.09    4173    3206   11521    13888   3.33
1890-1894     90-94     0.39588  0.87924  1.84     967     850    2147     2366   2.45
1890-1894     95-99     0.52627  0.94161  1.59     117     110     209      219   1.88
1890-1894    100-104    0.65419  0.97141  1.38       7       7      10       10   1.52
1890-1894    105-109    0.76420  0.98453  1.23       0       0       0        0   1.31
1890-1894    110+       0.83953  1.00000  1.19       0       0       0        0   1.19
1895-1899        0      0.12906  0.11856  0.31  100000   11856   91868  4824860  48.25
1895-1899      1-4      0.02519  0.09467  1.45   88144    8344  331288  4732992  53.70
1895-1899      5-9      0.00731  0.03582  2.17   79799    2858  390918  4401703  55.16
1895-1899     10-14     0.00453  0.02237  2.42   76941    1722  380272  4010785  52.13
1895-1899     15-19     0.00549  0.02710  2.59   75220    2038  371185  3630513  48.27
1895-1899     20-24     0.00643  0.03161  2.45   73182    2314  360020  3259328  44.54
1895-1899     25-29     0.00657  0.03234  2.52   70868    2292  348667  2899309  40.91
1895-1899     30-34     0.00793  0.03887  2.46   68576    2666  336108  2550641  37.19
1895-1899     35-39     0.00806  0.03951  2.46   65910    2604  322933  2214533  33.60
1895-1899     40-44     0.00861  0.04214  2.45   63306    2668  309731  1891601  29.88
1895-1899     45-49     0.00956  0.04669  2.51   60638    2831  296145  1581869  26.09
1895-1899     50-54     0.01249  0.06063  2.59   57807    3505  280587  1285724  22.24
1895-1899     55-59     0.01776  0.08515  2.58   54302    4624  260318  1005136  18.51
1895-1899     60-64     0.02494  0.11771  2.63   49678    5848  234507   744818  14.99
1895-1899     65-69     0.04366  0.19762  2.60   43830    8662  198370   510312  11.64
1895-1899     70-74     0.07055  0.30027  2.52   35169   10560  149683   311941   8.87
1895-1899     75-79     0.11271  0.43637  2.41   24609   10739   95275   162258   6.59
1895-1899     80-84     0.17361  0.58921  2.27   13870    8172   47074    66984   4.83
1895-1899     85-89     0.26461  0.74872  2.10    5698    4266   16122    19910   3.49
1895-1899     90-94     0.36379  0.85465  1.90    1432    1224    3364     3788   2.65
1895-1899     95-99     0.48296  0.92489  1.66     208     192     399      424   2.04
1895-1899    100-104    0.60473  0.96189  1.46      16      15      25       26   1.64
1895-1899    105-109    0.71570  0.97950  1.29       1       1       1        1   1.39
1895-1899    110+       0.79591  1.00000  1.26       0       0       0        0   1.26
1900-1904        0      0.13387  0.12261  0.31  100000   12261   91590  4624573  46.25
1900-1904      1-4      0.02922  0.10889  1.49   87739    9554  326945  4532983  51.66
1900-1904      5-9      0.00963  0.04685  2.16   78185    3663  380521  4206038  53.80
1900-1904     10-14     0.00586  0.02886  2.43   74522    2151  367086  3825517  51.33
1900-1904     15-19     0.00638  0.03140  2.46   72371    2272  356087  3458432  47.79
1900-1904     20-24     0.00693  0.03406  2.52   70099    2387  344585  3102345  44.26
1900-1904     25-29     0.00762  0.03737  2.46   67711    2530  332139  2757760  40.73
1900-1904     30-34     0.00756  0.03707  2.46   65181    2416  319768  2425621  37.21
1900-1904     35-39     0.00839  0.04111  2.53   62765    2580  307450  2105852  33.55
1900-1904     40-44     0.00886  0.04330  2.43   60184    2606  294237  1798403  29.88
1900-1904     45-49     0.00943  0.04605  2.49   57578    2652  281225  1504166  26.12
1900-1904     50-54     0.01226  0.05949  2.53   54927    3268  266561  1222941  22.26
1900-1904     55-59     0.01735  0.08327  2.60   51659    4302  247954   956380  18.51
1900-1904     60-64     0.02676  0.12580  2.63   47357    5958  222646   708426  14.96
1900-1904     65-69     0.04178  0.18985  2.60   41400    7860  188121   485780  11.73
1900-1904     70-74     0.07080  0.30104  2.52   33540   10097  142610   297659   8.87
1900-1904     75-79     0.11268  0.43728  2.44   23443   10251   90975   155049   6.61
1900-1904     80-84     0.17149  0.58730  2.32   13192    7748   45179    64074   4.86
1900-1904     85-89     0.26608  0.74964  2.09    5444    4081   15339    18895   3.47
1900-1904     90-94     0.36905  0.85933  1.89    1363    1171    3174     3557   2.61
1900-1904     95-99     0.49363  0.92963  1.65     192     178     361      383   2.00
1900-1904    100-104    0.61996  0.96522  1.43      13      13      21       22   1.60
1900-1904    105-109    0.73295  0.98149  1.27       0       0       1        1   1.36
1900-1904    110+       0.81295  1.00000  1.23       0       0       0        0   1.23
1905-1909        0      0.11871  0.10977  0.31  100000   10977   92471  4854265  48.54
1905-1909      1-4      0.02395  0.09034  1.48   89023    8043  335827  4761794  53.49
1905-1909      5-9      0.00799  0.03906  2.19   80981    3163  396005  4425967  54.65
1905-1909     10-14     0.00550  0.02715  2.52   77818    2112  383856  4029962  51.79
1905-1909     15-19     0.00632  0.03110  2.48   75705    2354  372600  3646106  48.16
1905-1909     20-24     0.00667  0.03281  2.50   73351    2406  360736  3273506  44.63
1905-1909     25-29     0.00740  0.03636  2.54   70945    2580  348370  2912771  41.06
1905-1909     30-34     0.00769  0.03771  2.48   68365    2578  335337  2564400  37.51
1905-1909     35-39     0.00856  0.04190  2.54   65787    2757  322151  2229063  33.88
1905-1909     40-44     0.00870  0.04259  2.49   63030    2684  308407  1906912  30.25
1905-1909     45-49     0.00925  0.04519  2.52   60346    2727  294955  1598505  26.49
1905-1909     50-54     0.01179  0.05732  2.60   57619    3303  280176  1303550  22.62
1905-1909     55-59     0.01664  0.07998  2.59   54316    4344  261118  1023374  18.84
1905-1909     60-64     0.02535  0.11953  2.61   49972    5973  235581   762256  15.25
1905-1909     65-69     0.04080  0.18583  2.60   43999    8176  200398   526675  11.97
1905-1909     70-74     0.06746  0.28901  2.52   35823   10353  153474   326277   9.11
1905-1909     75-79     0.10664  0.42150  2.51   25470   10735  100665   172803   6.78
1905-1909     80-84     0.17065  0.58503  2.31   14734    8620   50513    72138   4.90
1905-1909     85-89     0.25408  0.73243  2.11    6114    4478   17625    21625   3.54
1905-1909     90-94     0.39817  0.87007  1.76    1636    1423    3575     3999   2.44
1905-1909     95-99     0.49359  0.92970  1.65     213     198     400      424   2.00
1905-1909    100-104    0.62093  0.96545  1.43      15      14      23       24   1.60
1905-1909    105-109    0.73461  0.98169  1.27       1       1       1        1   1.36
1905-1909    110+       0.81487  1.00000  1.23       0       0       0        0   1.23
1910-1914        0      0.10794  0.10050  0.31  100000   10050   93107  5063236  50.63
1910-1914      1-4      0.01977  0.07529  1.46   89950    6772  342573  4970129  55.25
1910-1914      5-9      0.00621  0.03050  2.18   83178    2537  408732  4627556  55.63
1910-1914     10-14     0.00470  0.02321  2.55   80642    1872  398613  4218824  52.32
1910-1914     15-19     0.00621  0.03057  2.54   78770    2408  387924  3820211  48.50
1910-1914     20-24     0.00680  0.03342  2.50   76362    2552  375423  3432287  44.95
1910-1914     25-29     0.00755  0.03702  2.48   73810    2732  362149  3056864  41.42
1910-1914     30-34     0.00756  0.03709  2.52   71077    2636  348839  2694715  37.91
1910-1914     35-39     0.00798  0.03914  2.50   68441    2679  335511  2345876  34.28
1910-1914     40-44     0.00833  0.04079  2.51   65762    2682  322134  2010365  30.57
1910-1914     45-49     0.00932  0.04555  2.52   63080    2873  308262  1688231  26.76
1910-1914     50-54     0.01147  0.05579  2.58   60207    3359  292908  1379969  22.92
1910-1914     55-59     0.01601  0.07710  2.60   56847    4383  273732  1087061  19.12
1910-1914     60-64     0.02479  0.11704  2.62   52465    6141  247734   813329  15.50
1910-1914     65-69     0.03936  0.17980  2.60   46324    8329  211631   565595  12.21
1910-1914     70-74     0.06391  0.27565  2.51   37995   10473  163869   353964   9.32
1910-1914     75-79     0.10264  0.40695  2.46   27521   11200  109123   190095   6.91
1910-1914     80-84     0.16863  0.58020  2.31   16321    9470   56157    80972   4.96
1910-1914     85-89     0.24990  0.72941  2.15    6852    4998   19999    24814   3.62
1910-1914     90-94     0.37133  0.85969  1.88    1854    1594    4292     4815   2.60
1910-1914     95-99     0.48995  0.92828  1.65     260     241     493      523   2.01
1910-1914    100-104    0.61780  0.96486  1.44      19      18      29       30   1.61
1910-1914    105-109    0.73227  0.98145  1.27       1       1       1        1   1.36
1910-1914    110+       0.81322  1.00000  1.23       0       0       0        0   1.23
1915-1919        0      0.11048  0.10270  0.31  100000   10270   92956  4759020  47.59
1915-1919      1-4      0.02412  0.09098  1.49   89730    8163  338452  4666064  52.00
1915-1919      5-9      0.00760  0.03720  2.16   81567    3034  399222  4327611  53.06
1915-1919     10-14     0.00550  0.02715  2.53   78532    2132  387389  3928390  50.02
1915-1919     15-19     0.00723  0.03553  2.52   76400    2715  375278  3541000  46.35
1915-1919     20-24     0.00832  0.04077  2.51   73686    3004  360948  3165723  42.96
1915-1919     25-29     0.00871  0.04264  2.51   70681    3014  345893  2804775  39.68
1915-1919     30-34     0.00891  0.04358  2.50   67668    2949  330957  2458881  36.34
1915-1919     35-39     0.00936  0.04574  2.52   64718    2961  316257  2127924  32.88
1915-1919     40-44     0.00961  0.04689  2.44   61758    2896  301376  1811667  29.33
1915-1919     45-49     0.01068  0.05203  2.53   58862    3063  286756  1510290  25.66
1915-1919     50-54     0.01284  0.06224  2.55   55800    3473  270495  1223535  21.93
1915-1919     55-59     0.01779  0.08528  2.59   52327    4463  250873   953040  18.21
1915-1919     60-64     0.02702  0.12685  2.59   47864    6072  224717   702167  14.67
1915-1919     65-69     0.04369  0.19787  2.62   41792    8270  189266   477450  11.42
1915-1919     70-74     0.07288  0.30882  2.53   33523   10353  142049   288184   8.60
1915-1919     75-79     0.11831  0.45386  2.44   23170   10516   88883   146135   6.31
1915-1919     80-84     0.18810  0.62237  2.28   12654    7876   41869    57252   4.52
1915-1919     85-89     0.29047  0.78235  2.05    4779    3739   12871    15383   3.22
1915-1919     90-94     0.40146  0.88231  1.82    1040     918    2286     2512   2.42
1915-1919     95-99     0.53507  0.94446  1.57     122     116     216      226   1.85
1915-1919    100-104    0.66286  0.97278  1.37       7       7      10       10   1.50
1915-1919    105-109    0.77167  0.98517  1.22       0       0       0        0   1.29
1915-1919    110+       0.84557  1.00000  1.18       0       0       0        0   1.18
1920-1924        0      0.09607  0.09013  0.31  100000    9013   93818  5328843  53.29
1920-1924      1-4      0.01526  0.05868  1.37   90987    5339  349906  5235025  57.54
1920-1924      5-9      0.00442  0.02184  2.20   85648    1871  423006  4885119  57.04
1920-1924     10-14     0.00390  0.01932  2.58   83777    1618  414975  4462113  53.26
1920-1924     15-19     0.00537  0.02652  2.58   82159    2179  405523  4047139  49.26
1920-1924     20-24     0.00637  0.03136  2.50   79980    2508  393629  3641615  45.53
1920-1924     25-29     0.00699  0.03434  2.56   77472    2661  380874  3247986  41.92
1920-1924     30-34     0.00713  0.03500  2.46   74811    2619  367396  2867113  38.32
1920-1924     35-39     0.00740  0.03631  2.51   72192    2621  354431  2499717  34.63
1920-1924     40-44     0.00807  0.03956  2.51   69571    2752  341003  2145286  30.84
1920-1924     45-49     0.00880  0.04306  2.54   66819    2877  327016  1804282  27.00
1920-1924     50-54     0.01109  0.05400  2.56   63942    3453  311294  1477267  23.10
1920-1924     55-59     0.01557  0.07509  2.63   60489    4542  291666  1165973  19.28
1920-1924     60-64     0.02385  0.11280  2.61   55947    6311  264640   874307  15.63
1920-1924     65-69     0.03777  0.17313  2.59   49636    8593  227492   609667  12.28
1920-1924     70-74     0.06458  0.27885  2.55   41043   11445  177219   382175   9.31
1920-1924     75-79     0.10321  0.40929  2.47   29598   12114  117371   204956   6.92
1920-1924     80-84     0.16719  0.57608  2.30   17484   10072   60245    87585   5.01
1920-1924     85-89     0.24436  0.71880  2.14    7412    5328   21802    27340   3.69
1920-1924     90-94     0.36326  0.84781  1.86    2084    1767    4864     5538   2.66
1920-1924     95-99     0.46217  0.91549  1.70     317     290     628      674   2.12
1920-1924    100-104    0.58225  0.95668  1.49      27      26      44       46   1.71
1920-1924    105-109    0.69418  0.97681  1.32       1       1       2        2   1.44
1920-1924    110+       0.77663  1.00000  1.29       0       0       0        0   1.29
1925-1929        0      0.08544  0.08071  0.31  100000    8071   94464  5529772  55.30
1925-1929      1-4      0.01068  0.04155  1.34   91929    3820  357568  5435308  59.13
1925-1929      5-9      0.00311  0.01541  2.33   88109    1358  436914  5077740  57.63
1925-1929     10-14     0.00345  0.01713  2.73   86751    1486  430379  4640825  53.50
1925-1929     15-19     0.00569  0.02808  2.56   85266    2394  420486  4210447  49.38
1925-1929     20-24     0.00675  0.03320  2.53   82872    2752  407558  3789961  45.73
1925-1929     25-29     0.00689  0.03387  2.49   80120    2713  393788  3382404  42.22
1925-1929     30-34     0.00689  0.03384  2.45   77407    2620  380347  2988615  38.61
1925-1929     35-39     0.00688  0.03383  2.50   74787    2530  367613  2608268  34.88
1925-1929     40-44     0.00779  0.03822  2.54   72257    2762  354481  2240655  31.01
1925-1929     45-49     0.00888  0.04346  2.57   69496    3020  340131  1886174  27.14
1925-1929     50-54     0.01152  0.05606  2.58   66475    3727  323363  1546044  23.26
1925-1929     55-59     0.01549  0.07462  2.56   62749    4682  302333  1222680  19.49
1925-1929     60-64     0.02352  0.11134  2.60   58066    6465  274829   920347  15.85
1925-1929     65-69     0.03747  0.17201  2.62   51601    8876  236899   645519  12.51
1925-1929     70-74     0.06170  0.26756  2.52   42725   11432  185280   408619   9.56
1925-1929     75-79     0.09693  0.39014  2.50   31293   12209  125959   223340   7.14
1925-1929     80-84     0.16300  0.56860  2.34   19085   10852   66575    97381   5.10
1925-1929     85-89     0.24216  0.72056  2.19    8233    5932   24498    30806   3.74
1925-1929     90-94     0.34911  0.84056  1.92    2301    1934    5539     6308   2.74
1925-1929     95-99     0.46875  0.91897  1.69     367     337     719      769   2.10
1925-1929    100-104    0.59386  0.95966  1.47      30      29      48       50   1.67
1925-1929    105-109    0.70887  0.97877  1.30       1       1       2        2   1.41
1925-1929    110+       0.79217  1.00000  1.26       0       0       0        0   1.26
1930-1934        0      0.06952  0.06636  0.31  100000    6636   95448  5785588  57.86
1930-1934      1-4      0.00855  0.03347  1.44   93364    3125  365446  5690140  60.95
1930-1934      5-9      0.00293  0.01453  2.29   90240    1311  447643  5324694  59.01
1930-1934     10-14     0.00283  0.01407  2.70   88929    1251  441764  4877051  54.84
1930-1934     15-19     0.00469  0.02322  2.63   87678    2035  433560  4435287  50.59
1930-1934     20-24     0.00589  0.02904  2.48   85642    2487  421938  4001727  46.73
1930-1934     25-29     0.00595  0.02931  2.47   83155    2438  409607  3579788  43.05
1930-1934     30-34     0.00608  0.02993  2.44   80718    2416  397397  3170181  39.27
1930-1934     35-39     0.00645  0.03176  2.51   78302    2487  385321  2772784  35.41
1930-1934     40-44     0.00709  0.03482  2.52   75815    2640  372527  2387463  31.49
1930-1934     45-49     0.00810  0.03974  2.58   73175    2908  358832  2014936  27.54
1930-1934     50-54     0.01065  0.05193  2.57   70267    3649  342485  1656104  23.57
1930-1934     55-59     0.01465  0.07077  2.59   66618    4715  321725  1313619  19.72
1930-1934     60-64     0.02328  0.11029  2.63   61903    6827  293314   991894  16.02
1930-1934     65-69     0.03717  0.17058  2.59   55076    9395  252753   698580  12.68
1930-1934     70-74     0.06021  0.26215  2.54   45681   11975  198892   445827   9.76
1930-1934     75-79     0.09601  0.38641  2.48   33706   13024  135659   246935   7.33
1930-1934     80-84     0.15026  0.53651  2.34   20682   11096   73847   111276   5.38
1930-1934     85-89     0.22740  0.69157  2.17    9586    6629   29152    37429   3.90
1930-1934     90-94     0.34193  0.83250  1.92    2957    2461    7198     8277   2.80
1930-1934     95-99     0.44957  0.90992  1.73     495     451    1002     1079   2.18
1930-1934    100-104    0.57562  0.95537  1.50      45      43      74       77   1.72
1930-1934    105-109    0.69353  0.97689  1.32       2       2       3        3   1.44
1930-1934    110+       0.77992  1.00000  1.28       0       0       0        0   1.28
1935-1939        0      0.06372  0.06098  0.29  100000    6098   95695  5953796  59.54
1935-1939      1-4      0.00728  0.02861  1.46   93902    2686  368775  5858101  62.39
1935-1939      5-9      0.00265  0.01316  2.34   91216    1200  452889  5489326  60.18
1935-1939     10-14     0.00229  0.01137  2.57   90015    1023  447590  5036437  55.95
1935-1939     15-19     0.00376  0.01864  2.58   88992    1659  440954  4588847  51.56
1935-1939     20-24     0.00460  0.02275  2.57   87334    1987  431839  4147893  47.49
1935-1939     25-29     0.00517  0.02553  2.49   85347    2179  421267  3716054  43.54
1935-1939     30-34     0.00513  0.02533  2.53   83168    2107  410634  3294787  39.62
1935-1939     35-39     0.00563  0.02775  2.53   81061    2250  399747  2884153  35.58
1935-1939     40-44     0.00624  0.03070  2.48   78812    2419  387958  2484405  31.52
1935-1939     45-49     0.00746  0.03663  2.52   76393    2798  375035  2096447  27.44
1935-1939     50-54     0.01040  0.05073  2.60   73595    3734  359001  1721412  23.39
1935-1939     55-59     0.01477  0.07134  2.63   69861    4984  337502  1362411  19.50
1935-1939     60-64     0.02309  0.10956  2.67   64877    7108  307854  1024910  15.80
1935-1939     65-69     0.03893  0.17816  2.62   57769   10292  264376   717056  12.41
1935-1939     70-74     0.06229  0.27044  2.57   47477   12840  206141   452680   9.53
1935-1939     75-79     0.10149  0.40463  2.50   34637   14015  138095   246540   7.12
1935-1939     80-84     0.15980  0.56141  2.35   20622   11577   72450   108445   5.26
1935-1939     85-89     0.22725  0.68875  2.14    9045    6229   27413    35995   3.98
1935-1939     90-94     0.31067  0.80656  2.02    2815    2271    7309     8582   3.05
1935-1939     95-99     0.41750  0.89072  1.78     545     485    1162     1274   2.34
1935-1939    100-104    0.52720  0.94043  1.58      60      56     106      112   1.88
1935-1939    105-109    0.63493  0.96730  1.41       4       3       5        6   1.57
1935-1939    110+       0.71804  1.00000  1.39       0       0       0        0   1.39
1940-1944        0      0.06071  0.05818  0.28  100000    5818   95825  6022651  60.23
1940-1944      1-4      0.00717  0.02818  1.56   94182    2654  370245  5926827  62.93
1940-1944      5-9      0.00281  0.01393  2.24   91528    1275  454118  5556581  60.71
1940-1944     10-14     0.00216  0.01073  2.66   90253     969  449000  5102463  56.54
1940-1944     15-19     0.00383  0.01896  2.61   89285    1693  442379  4653462  52.12
1940-1944     20-24     0.00476  0.02351  2.56   87592    2059  432937  4211083  48.08
1940-1944     25-29     0.00507  0.02502  2.47   85533    2140  422258  3778146  44.17
1940-1944     30-34     0.00497  0.02455  2.51   83393    2047  411862  3355887  40.24
1940-1944     35-39     0.00506  0.02500  2.51   81346    2033  401659  2944026  36.19
1940-1944     40-44     0.00585  0.02883  2.52   79312    2286  390898  2542367  32.06
1940-1944     45-49     0.00709  0.03484  2.53   77026    2684  378496  2151469  27.93
1940-1944     50-54     0.00936  0.04576  2.62   74342    3402  363605  1772974  23.85
1940-1944     55-59     0.01386  0.06707  2.62   70940    4758  343384  1409368  19.87
1940-1944     60-64     0.02184  0.10384  2.64   66182    6872  314670  1065985  16.11
1940-1944     65-69     0.03537  0.16319  2.64   59310    9679  273676   751315  12.67
1940-1944     70-74     0.05911  0.25906  2.62   49631   12858  217514   477638   9.62
1940-1944     75-79     0.09931  0.39763  2.50   36774   14622  147247   260124   7.07
1940-1944     80-84     0.16250  0.56794  2.35   22151   12580   77418   112877   5.10
1940-1944     85-89     0.23498  0.70235  2.14    9571    6722   28607    35459   3.70
1940-1944     90-94     0.40649  0.89160  1.85    2849    2540    6248     6852   2.41
1940-1944     95-99     0.50403  0.93441  1.63     309     289     572      604   1.96
1940-1944    100-104    0.64006  0.96933  1.40      20      20      31       31   1.55
1940-1944    105-109    0.75809  0.98411  1.24       1       1       1        1   1.32
1940-1944    110+       0.83848  1.00000  1.19       0       0       0        0   1.19
1945-1949        0      0.05203  0.05007  0.25  100000    5007   96238  6448235  64.48
1945-1949      1-4      0.00430  0.01701  1.51   94993    1616  375942  6351997  66.87
1945-1949      5-9      0.00160  0.00797  2.23   93377     744  464827  5976055  64.00
1945-1949     10-14     0.00133  0.00665  2.74   92633     616  461774  5511228  59.50
1945-1949     15-19     0.00251  0.01248  2.71   92018    1149  457453  5049453  54.87
1945-1949     20-24     0.00323  0.01602  2.53   90869    1456  450755  4592000  50.53
1945-1949     25-29     0.00344  0.01704  2.50   89413    1524  443250  4141246  46.32
1945-1949     30-34     0.00356  0.01763  2.52   87890    1549  435607  3697996  42.08
1945-1949     35-39     0.00375  0.01859  2.49   86340    1605  427678  3262389  37.79
1945-1949     40-44     0.00429  0.02124  2.58   84735    1800  419313  2834712  33.45
1945-1949     45-49     0.00549  0.02708  2.62   82936    2246  409331  2415399  29.12
1945-1949     50-54     0.00787  0.03866  2.65   80689    3119  396123  2006068  24.86
1945-1949     55-59     0.01144  0.05571  2.65   77570    4322  377681  1609945  20.75
1945-1949     60-64     0.01906  0.09127  2.68   73248    6685  350720  1232265  16.82
1945-1949     65-69     0.03252  0.15111  2.66   66563   10058  309319   881545  13.24
1945-1949     70-74     0.05508  0.24351  2.62   56505   13760  249817   572226  10.13
1945-1949     75-79     0.08981  0.36749  2.53   42745   15708  174910   322409   7.54
1945-1949     80-84     0.14831  0.53444  2.39   27037   14450   97429   147499   5.46
1945-1949     85-89     0.21828  0.67616  2.19   12587    8511   38991    50070   3.98
1945-1949     90-94     0.35429  0.84899  1.93    4076    3461    9768    11079   2.72
1945-1949     95-99     0.46054  0.91583  1.71     616     564    1224     1311   2.13
1945-1949    100-104    0.59275  0.95976  1.48      52      50      84       87   1.68
1945-1949    105-109    0.71394  0.97954  1.30       2       2       3        3   1.40
1945-1949    110+       0.80064  1.00000  1.25       0       0       0        0   1.25
1950-1954        0      0.03131  0.03052  0.17  100000    3052   97461  6931433  69.31
1950-1954      1-4      0.00172  0.00683  1.45   96948     663  386103  6833972  70.49
1950-1954      5-9      0.00059  0.00295  2.26   96286     284  480647  6447868  66.97
1950-1954     10-14     0.00052  0.00259  2.70   96001     249  479433  5967221  62.16
1950-1954     15-19     0.00089  0.00442  2.73   95752     424  477801  5487788  57.31
1950-1954     20-24     0.00129  0.00643  2.64   95328     613  475197  5009988  52.56
1950-1954     25-29     0.00163  0.00813  2.63   94716     770  471757  4534791  47.88
1950-1954     30-34     0.00193  0.00961  2.60   93946     903  467566  4063034  43.25
1950-1954     35-39     0.00225  0.01121  2.57   93043    1043  462681  3595468  38.64
1950-1954     40-44     0.00294  0.01461  2.62   92000    1344  456802  3132786  34.05
1950-1954     45-49     0.00433  0.02145  2.64   90656    1945  448694  2675985  29.52
1950-1954     50-54     0.00687  0.03381  2.69   88711    2999  436627  2227291  25.11
1950-1954     55-59     0.01056  0.05149  2.62   85712    4413  418075  1790664  20.89
1950-1954     60-64     0.01794  0.08608  2.67   81299    6998  390154  1372589  16.88
1950-1954     65-69     0.03105  0.14475  2.66   74300   10755  346348   982435  13.22
1950-1954     70-74     0.05485  0.24233  2.60   63545   15399  280747   636087  10.01
1950-1954     75-79     0.09404  0.38196  2.54   48146   18390  195557   355340   7.38
1950-1954     80-84     0.14871  0.53533  2.38   29756   15929  107119   159783   5.37
1950-1954     85-89     0.23399  0.70626  2.19   13827    9765   41734    52664   3.81
1950-1954     90-94     0.35576  0.84945  1.92    4061    3450    9698    10930   2.69
1950-1954     95-99     0.48815  0.92849  1.66     611     568    1163     1232   2.02
1950-1954    100-104    0.62709  0.96711  1.42      44      42      67       69   1.59
1950-1954    105-109    0.74917  0.98334  1.25       1       1       2        2   1.33
1950-1954    110+       0.83280  1.00000  1.20       0       0       0        0   1.20
1955-1959        0      0.02335  0.02289  0.14  100000    2289   98025  7126070  71.26
1955-1959      1-4      0.00149  0.00596  1.45   97711     582  389358  7028045  71.93
1955-1959      5-9      0.00046  0.00230  2.36   97129     223  485054  6638687  68.35
1955-1959     10-14     0.00038  0.00192  2.61   96905     186  484080  6153633  63.50
1955-1959     15-19     0.00057  0.00283  2.69   96719     273  482964  5669553  58.62
1955-1959     20-24     0.00078  0.00388  2.53   96446     374  481302  5186588  53.78
1955-1959     25-29     0.00100  0.00500  2.70   96071     480  479252  4705286  48.98
1955-1959     30-34     0.00133  0.00662  2.64   95591     633  476459  4226034  44.21
1955-1959     35-39     0.00197  0.00979  2.62   94958     930  472574  3749575  39.49
1955-1959     40-44     0.00266  0.01321  2.64   94028    1242  467203  3277000  34.85
1955-1959     45-49     0.00391  0.01936  2.66   92786    1797  459729  2809797  30.28
1955-1959     50-54     0.00597  0.02943  2.68   90989    2678  448731  2350068  25.83
1955-1959     55-59     0.00948  0.04638  2.65   88311    4096  431951  1901337  21.53
1955-1959     60-64     0.01558  0.07519  2.69   84216    6332  406450  1469386  17.45
1955-1959     65-69     0.02838  0.13318  2.69   77883   10372  365455  1062936  13.65
1955-1959     70-74     0.05008  0.22383  2.63   67511   15111  301740   697481  10.33
1955-1959     75-79     0.09007  0.36904  2.55   52400   19338  214692   395741   7.55
1955-1959     80-84     0.14550  0.52876  2.42   33062   17482  120154   181049   5.48
1955-1959     85-89     0.22834  0.69650  2.20   15580   10852   47525    60894   3.91
1955-1959     90-94     0.33609  0.83208  1.97    4729    3935   11707    13370   2.83
1955-1959     95-99     0.46873  0.91991  1.70     794     730    1558     1663   2.09
1955-1959    100-104    0.60438  0.96247  1.46      64      61     101      105   1.64
1955-1959    105-109    0.72694  0.98105  1.28       2       2       3        3   1.37
1955-1959    110+       0.81320  1.00000  1.23       0       0       0        0   1.23
1960-1964        0      0.01731  0.01705  0.11  100000    1705   98489  7250434  72.50
1960-1964      1-4      0.00088  0.00350  1.57   98295     344  392345  7151944  72.76
1960-1964      5-9      0.00038  0.00189  2.10   97951     186  489218  6759599  69.01
1960-1964     10-14     0.00028  0.00140  2.58   97766     136  488499  6270381  64.14
1960-1964     15-19     0.00047  0.00236  2.64   97629     230  487605  5781882  59.22
1960-1964     20-24     0.00059  0.00294  2.50   97399     286  486283  5294277  54.36
1960-1964     25-29     0.00075  0.00373  2.57   97113     362  484689  4807994  49.51
1960-1964     30-34     0.00107  0.00535  2.71   96752     518  482573  4323305  44.68
1960-1964     35-39     0.00156  0.00776  2.65   96234     747  479413  3840732  39.91
1960-1964     40-44     0.00237  0.01178  2.71   95487    1125  474857  3361319  35.20
1960-1964     45-49     0.00358  0.01778  2.70   94362    1677  467945  2886463  30.59
1960-1964     50-54     0.00555  0.02737  2.63   92685    2537  457420  2418518  26.09
1960-1964     55-59     0.00871  0.04270  2.71   90147    3850  441908  1961099  21.75
1960-1964     60-64     0.01515  0.07321  2.71   86298    6318  417047  1519191  17.60
1960-1964     65-69     0.02693  0.12679  2.69   79980   10140  376519  1102144  13.78
1960-1964     70-74     0.04983  0.22278  2.62   69839   15559  312229   725625  10.39
1960-1964     75-79     0.08746  0.35977  2.54   54280   19528  223290   413396   7.62
1960-1964     80-84     0.14499  0.52743  2.42   34752   18329  126412   190106   5.47
1960-1964     85-89     0.23013  0.69922  2.19   16423   11483   49898    63694   3.88
1960-1964     90-94     0.34141  0.84059  1.98    4940    4152   12162    13796   2.79
1960-1964     95-99     0.47330  0.92208  1.69     787     726    1534     1634   2.08
1960-1964    100-104    0.61048  0.96380  1.45      61      59      97      100   1.63
1960-1964    105-109    0.73346  0.98177  1.27       2       2       3        3   1.36
1960-1964    110+       0.81931  1.00000  1.22       0       0       0        0   1.22
1965-1969        0      0.01327  0.01312  0.12  100000    1312   98848  7334903  73.35
1965-1969      1-4      0.00079  0.00314  1.59   98688     310  394006  7236055  73.32
1965-1969      5-9      0.00042  0.00211  2.31   98379     208  491335  6842048  69.55
1965-1969     10-14     0.00028  0.00140  2.53   98171     137  490515  6350713  64.69
1965-1969     15-19     0.00045  0.00223  2.63   98033     219  489648  5860198  59.78
1965-1969     20-24     0.00051  0.00255  2.55   97815     249  488462  5370550  54.91
1965-1969     25-29     0.00067  0.00336  2.68   97566     328  487068  4882087  50.04
1965-1969     30-34     0.00090  0.00447  2.54   97238     435  485117  4395019  45.20
1965-1969     35-39     0.00130  0.00649  2.61   96803     628  482515  3909902  40.39
1965-1969     40-44     0.00214  0.01063  2.77   96174    1022  478588  3427387  35.64
1965-1969     45-49     0.00337  0.01674  2.70   95152    1593  472092  2948799  30.99
1965-1969     50-54     0.00508  0.02510  2.67   93559    2349  462315  2476707  26.47
1965-1969     55-59     0.00812  0.03983  2.68   91211    3633  447638  2014392  22.09
1965-1969     60-64     0.01405  0.06808  2.70   87578    5962  424205  1566754  17.89
1965-1969     65-69     0.02558  0.12070  2.67   81616    9851  385085  1142549  14.00
1965-1969     70-74     0.04739  0.21324  2.65   71765   15303  322920   757465  10.55
1965-1969     75-79     0.08548  0.35329  2.55   56462   19947  233352   434544   7.70
1965-1969     80-84     0.14310  0.52113  2.39   36515   19029  132978   201192   5.51
1965-1969     85-89     0.22852  0.69679  2.20   17486   12184   53317    68214   3.90
1965-1969     90-94     0.33854  0.83290  1.95    5302    4416   13044    14897   2.81
1965-1969     95-99     0.46934  0.92028  1.70     886     815    1737     1853   2.09
1965-1969    100-104    0.60617  0.96290  1.46      71      68     112      116   1.64
1965-1969    105-109    0.72946  0.98134  1.28       3       3       4        4   1.37
1965-1969    110+       0.81590  1.00000  1.23       0       0       0        0   1.23
1970-1974        0      0.01035  0.01026  0.13  100000    1026   99105  7499648  75.00
1970-1974      1-4      0.00055  0.00221  1.73   98974     219  395399  7400543  74.77
1970-1974      5-9      0.00037  0.00183  2.31   98755     180  493291  7005144  70.93
1970-1974     10-14     0.00028  0.00139  2.68   98575     137  492558  6511853  66.06
1970-1974     15-19     0.00047  0.00233  2.61   98438     230  491641  6019296  61.15
1970-1974     20-24     0.00049  0.00243  2.66   98209     238  490486  5527654  56.28
1970-1974     25-29     0.00058  0.00292  2.61   97970     286  489168  5037169  51.42
1970-1974     30-34     0.00079  0.00393  2.70   97684     384  487537  4548001  46.56
1970-1974     35-39     0.00116  0.00577  2.70   97300     561  485210  4060463  41.73
1970-1974     40-44     0.00182  0.00905  2.65   96739     875  481641  3575254  36.96
1970-1974     45-49     0.00287  0.01425  2.72   95864    1366  476202  3093612  32.27
1970-1974     50-54     0.00450  0.02226  2.66   94498    2103  467567  2617411  27.70
1970-1974     55-59     0.00712  0.03504  2.72   92395    3237  454605  2149844  23.27
1970-1974     60-64     0.01231  0.05988  2.70   89157    5339  433526  1695239  19.01
1970-1974     65-69     0.02150  0.10241  2.69   83819    8584  399285  1261713  15.05
1970-1974     70-74     0.03979  0.18202  2.66   75235   13694  344170   862428  11.46
1970-1974     75-79     0.07313  0.31109  2.60   61541   19145  261796   518258   8.42
1970-1974     80-84     0.12535  0.47503  2.45   42396   20139  160667   256462   6.05
1970-1974     85-89     0.20235  0.65069  2.26   22257   14482   71570    95795   4.30
1970-1974     90-94     0.30072  0.80042  2.08    7775    6223   20693    24225   3.12
1970-1974     95-99     0.42836  0.89967  1.78    1552    1396    3259     3532   2.28
1970-1974    100-104    0.56448  0.95310  1.53     156     148     263      273   1.76
1970-1974    105-109    0.69277  0.97708  1.33       7       7      10       11   1.44
1970-1974    110+       0.78587  1.00000  1.27       0       0       0        0   1.27
1975-1979        0      0.00774  0.00768  0.13  100000     768   99334  7689252  76.89
1975-1979      1-4      0.00041  0.00163  1.71   99232     162  396557  7589918  76.49
1975-1979      5-9      0.00024  0.00118  2.49   99070     117  495058  7193361  72.61
1975-1979     10-14     0.00020  0.00098  2.59   98953      97  494533  6698303  67.69
1975-1979     15-19     0.00036  0.00181  2.72   98856     179  493873  6203770  62.76
1975-1979     20-24     0.00041  0.00206  2.64   98677     204  492904  5709897  57.86
1975-1979     25-29     0.00054  0.00268  2.52   98474     264  491712  5216993  52.98
1975-1979     30-34     0.00067  0.00333  2.62   98209     327  490269  4725280  48.11
1975-1979     35-39     0.00105  0.00525  2.59   97882     514  488171  4235011  43.27
1975-1979     40-44     0.00161  0.00801  2.66   97368     780  485013  3746840  38.48
1975-1979     45-49     0.00244  0.01214  2.65   96588    1173  480180  3261828  33.77
1975-1979     50-54     0.00394  0.01951  2.69   95415    1861  472769  2781648  29.15
1975-1979     55-59     0.00645  0.03180  2.69   93554    2975  460899  2308879  24.68
1975-1979     60-64     0.01035  0.05051  2.67   90579    4575  442250  1847980  20.40
1975-1979     65-69     0.01806  0.08672  2.71   86004    7458  412973  1405730  16.34
1975-1979     70-74     0.03323  0.15428  2.69   78546   12118  364678   992757  12.64
1975-1979     75-79     0.05994  0.26210  2.61   66428   17411  290492   628079   9.46
1975-1979     80-84     0.10290  0.40975  2.52   49017   20084  195189   337586   6.89
1975-1979     85-89     0.16996  0.58730  2.37   28932   16992   99976   142398   4.92
1975-1979     90-94     0.25564  0.73749  2.13   11940    8806   34447    42422   3.55
1975-1979     95-99     0.37889  0.86796  1.88    3134    2721    7180     7975   2.54
1975-1979    100-104    0.51424  0.93799  1.61     414     388     755      794   1.92
1975-1979    105-109    0.64864  0.97073  1.39      26      25      38       39   1.54
1975-1979    110+       0.74982  1.00000  1.33       1       1       1        1   1.33
1980-1984        0      0.00591  0.00588  0.14  100000     588   99493  7833565  78.34
1980-1984      1-4      0.00026  0.00105  1.62   99412     105  397399  7734072  77.80
1980-1984      5-9      0.00018  0.00091  2.30   99307      91  496293  7336673  73.88
1980-1984     10-14     0.00015  0.00076  2.55   99217      76  495899  6840381  68.94
1980-1984     15-19     0.00031  0.00153  2.68   99141     151  495354  6344482  63.99
1980-1984     20-24     0.00033  0.00167  2.46   98990     165  494528  5849128  59.09
1980-1984     25-29     0.00049  0.00243  2.65   98825     241  493557  5354600  54.18
1980-1984     30-34     0.00061  0.00307  2.71   98584     303  492228  4861042  49.31
1980-1984     35-39     0.00085  0.00426  2.68   98281     419  490433  4368814  44.45
1980-1984     40-44     0.00144  0.00719  2.67   97862     704  487675  3878381  39.63
1980-1984     45-49     0.00209  0.01040  2.68   97158    1010  483448  3390707  34.90
1980-1984     50-54     0.00331  0.01641  2.66   96148    1577  477044  2907258  30.24
1980-1984     55-59     0.00540  0.02668  2.70   94571    2523  467060  2430215  25.70
1980-1984     60-64     0.00926  0.04533  2.71   92048    4172  450689  1963155  21.33
1980-1984     65-69     0.01586  0.07652  2.70   87875    6724  423942  1512466  17.21
1980-1984     70-74     0.02898  0.13586  2.70   81151   11025  380382  1088524  13.41
1980-1984     75-79     0.05188  0.23077  2.61   70126   16183  311961   708142  10.10
1980-1984     80-84     0.09318  0.37851  2.52   53943   20418  219116   396181   7.34
1980-1984     85-89     0.15300  0.54605  2.38   33525   18306  119647   177065   5.28
1980-1984     90-94     0.23985  0.71868  2.21   15219   10937   45602    57418   3.77
1980-1984     95-99     0.34593  0.84104  1.95    4281    3601   10409    11816   2.76
1980-1984    100-104    0.47521  0.92258  1.68     681     628    1321     1407   2.07
1980-1984    105-109    0.60870  0.96327  1.45      53      51      83       86   1.63
1980-1984    110+       0.71253  1.00000  1.40       2       2       3        3   1.40
1985-1989        0      0.00536  0.00534  0.14  100000     534   99540  7871760  78.72
1985-1989      1-4      0.00028  0.00114  1.66   99466     113  397601  7772220  78.14
1985-1989      5-9      0.00014  0.00069  2.56   99353      68  496599  7374619  74.23
1985-1989     10-14     0.00014  0.00068  2.68   99285      68  496267  6878020  69.28
1985-1989     15-19     0.00033  0.00167  2.79   99217     166  495719  6381753  64.32
1985-1989     20-24     0.00037  0.00184  2.49   99051     182  494801  5886034  59.42
1985-1989     25-29     0.00045  0.00223  2.64   98869     220  493827  5391233  54.53
1985-1989     30-34     0.00061  0.00306  2.63   98649     302  492529  4897405  49.64
1985-1989     35-39     0.00095  0.00472  2.77   98347     464  490701  4404876  44.79
1985-1989     40-44     0.00134  0.00666  2.66   97884     652  487891  3914174  39.99
1985-1989     45-49     0.00225  0.01119  2.71   97232    1088  483672  3426283  35.24
1985-1989     50-54     0.00327  0.01621  2.67   96144    1558  477090  2942611  30.61
1985-1989     55-59     0.00507  0.02505  2.65   94586    2369  467352  2465521  26.07
1985-1989     60-64     0.00860  0.04217  2.72   92217    3889  452210  1998169  21.67
1985-1989     65-69     0.01510  0.07294  2.69   88328    6442  426790  1545959  17.50
1985-1989     70-74     0.02693  0.12668  2.67   81886   10373  385253  1119169  13.67
1985-1989     75-79     0.04958  0.22194  2.64   71512   15871  320121   733916  10.26
1985-1989     80-84     0.08964  0.36741  2.55   55641   20443  228055   413795   7.44
1985-1989     85-89     0.15117  0.54226  2.39   35198   19086  126260   185740   5.28
1985-1989     90-94     0.24403  0.72394  2.19   16111   11664   47795    59481   3.69
1985-1989     95-99     0.36496  0.85819  1.91    4448    3817   10459    11686   2.63
1985-1989    100-104    0.50667  0.93586  1.63     631     590    1165     1227   1.95
1985-1989    105-109    0.64858  0.97099  1.39      40      39      61       62   1.54
1985-1989    110+       0.75497  1.00000  1.32       1       1       2        2   1.32
1990-1994        0      0.00468  0.00466  0.14  100000     466   99599  7945184  79.45
1990-1994      1-4      0.00022  0.00087  1.57   99534      87  397926  7845585  78.82
1990-1994      5-9      0.00016  0.00082  2.42   99447      82  497026  7447659  74.89
1990-1994     10-14     0.00015  0.00075  2.56   99366      74  496647  6950633  69.95
1990-1994     15-19     0.00032  0.00162  2.80   99291     161  496105  6453986  65.00
1990-1994     20-24     0.00041  0.00203  2.52   99131     202  495153  5957881  60.10
1990-1994     25-29     0.00043  0.00216  2.58   98929     213  494129  5462728  55.22
1990-1994     30-34     0.00057  0.00285  2.68   98716     281  492926  4968599  50.33
1990-1994     35-39     0.00094  0.00467  2.63   98435     459  491085  4475672  45.47
1990-1994     40-44     0.00142  0.00708  2.67   97975     693  488258  3984587  40.67
1990-1994     45-49     0.00216  0.01073  2.66   97282    1044  483966  3496330  35.94
1990-1994     50-54     0.00318  0.01579  2.64   96238    1520  477606  3012364  31.30
1990-1994     55-59     0.00448  0.02219  2.67   94718    2102  468700  2534758  26.76
1990-1994     60-64     0.00757  0.03717  2.65   92616    3443  455003  2066058  22.31
1990-1994     65-69     0.01328  0.06442  2.71   89174    5745  432733  1611055  18.07
1990-1994     70-74     0.02438  0.11542  2.69   83429    9630  394902  1178322  14.12
1990-1994     75-79     0.04510  0.20401  2.67   73799   15056  333853   783420  10.62
1990-1994     80-84     0.08329  0.34693  2.59   58743   20379  244674   449567   7.65
1990-1994     85-89     0.14896  0.53794  2.42   38364   20637  138543   204894   5.34
1990-1994     90-94     0.23800  0.71542  2.21   17726   12682   53286    66351   3.74
1990-1994     95-99     0.37042  0.86335  1.91    5045    4355   11758    13065   2.59
1990-1994    100-104    0.52040  0.94116  1.61     689     649    1247     1307   1.90
1990-1994    105-109    0.66836  0.97427  1.36      41      40      59       60   1.49
1990-1994    110+       0.77669  1.00000  1.29       1       1       1        1   1.29
1995-1999        0      0.00350  0.00349  0.14  100000     349   99701  8062970  80.63
1995-1999      1-4      0.00022  0.00087  1.73   99651      86  398408  7963270  79.91
1995-1999      5-9      0.00013  0.00066  2.28   99565      65  497646  7564861  75.98
1995-1999     10-14     0.00014  0.00070  2.79   99499      70  497342  7067216  71.03
1995-1999     15-19     0.00026  0.00131  2.80   99429     130  496860  6569874  66.08
1995-1999     20-24     0.00033  0.00167  2.32   99299     166  496052  6073015  61.16
1995-1999     25-29     0.00035  0.00175  2.65   99134     174  495259  5576963  56.26
1995-1999     30-34     0.00054  0.00268  2.61   98960     266  494166  5081704  51.35
1995-1999     35-39     0.00081  0.00403  2.70   98694     398  492555  4587538  46.48
1995-1999     40-44     0.00136  0.00678  2.60   98296     666  489882  4094982  41.66
1995-1999     45-49     0.00207  0.01032  2.61   97630    1007  485742  3605100  36.93
1995-1999     50-54     0.00300  0.01490  2.69   96622    1440  479792  3119358  32.28
1995-1999     55-59     0.00416  0.02057  2.62   95183    1958  471256  2639565  27.73
1995-1999     60-64     0.00648  0.03194  2.67   93224    2977  459185  2168309  23.26
1995-1999     65-69     0.01106  0.05392  2.69   90247    4866  439987  1709124  18.94
1995-1999     70-74     0.02060  0.09834  2.70   85381    8396  407607  1269137  14.86
1995-1999     75-79     0.03935  0.18015  2.66   76985   13869  352468   861530  11.19
1995-1999     80-84     0.07428  0.31550  2.61   63116   19913  268066   509063   8.07
1995-1999     85-89     0.13663  0.50725  2.46   43203   21915  160392   240997   5.58
1995-1999     90-94     0.23406  0.70964  2.23   21288   15107   64545    80605   3.79
1995-1999     95-99     0.36850  0.86297  1.92    6181    5334   14475    16060   2.60
1995-1999    100-104    0.52770  0.94417  1.60     847     800    1516     1585   1.87
1995-1999    105-109    0.68337  0.97660  1.34      47      46      68       69   1.46
1995-1999    110+       0.79478  1.00000  1.26       1       1       1        1   1.26
2000-2004        0      0.00278  0.00277  0.14  100000     277   99762  8163353  81.63
2000-2004      1-4      0.00014  0.00056  1.71   99723      55  398764  8063590  80.86
2000-2004      5-9      0.00010  0.00052  2.66   99667      52  498215  7664827  76.90
2000-2004     10-14     0.00010  0.00050  2.81   99615      50  497967  7166612  71.94
2000-2004     15-19     0.00026  0.00130  2.86   99565     129  497550  6668645  66.98
2000-2004     20-24     0.00036  0.00181  2.30   99436     180  496694  6171095  62.06
2000-2004     25-29     0.00037  0.00185  2.58   99256     184  495836  5674400  57.17
2000-2004     30-34     0.00048  0.00242  2.70   99072     240  494809  5178564  52.27
2000-2004     35-39     0.00078  0.00388  2.61   98833     384  493246  4683755  47.39
2000-2004     40-44     0.00128  0.00637  2.71   98449     627  490806  4190508  42.57
2000-2004     45-49     0.00194  0.00964  2.65   97822     943  486895  3699702  37.82
2000-2004     50-54     0.00291  0.01444  2.62   96879    1399  481064  3212807  33.16
2000-2004     55-59     0.00411  0.02036  2.66   95479    1944  472854  2731743  28.61
2000-2004     60-64     0.00609  0.03001  2.65   93536    2807  461084  2258889  24.15
2000-2004     65-69     0.00962  0.04706  2.67   90729    4270  443704  1797805  19.82
2000-2004     70-74     0.01709  0.08227  2.73   86459    7113  416154  1354102  15.66
2000-2004     75-79     0.03363  0.15621  2.73   79346   12395  368566   937948  11.82
2000-2004     80-84     0.06580  0.28467  2.63   66951   19059  289637   569381   8.50
2000-2004     85-89     0.12553  0.47784  2.50   47892   22884  182307   279744   5.84
2000-2004     90-94     0.22498  0.69437  2.24   25008   17364   77183    97437   3.90
2000-2004     95-99     0.35987  0.85697  1.94    7643    6550   18201    20254   2.65
2000-2004    100-104    0.52527  0.94388  1.61    1093    1032    1964     2053   1.88
2000-2004    105-109    0.68747  0.97733  1.34      61      60      87       89   1.45
2000-2004    110+       0.80233  1.00000  1.25       1       1       2        2   1.25
2005-2009        0      0.00254  0.00253  0.14  100000     253   99783  8282317  82.82
2005-2009      1-4      0.00016  0.00063  1.89   99747      63  398855  8182533  82.03
2005-2009      5-9      0.00012  0.00059  2.30   99684      59  498262  7783678  78.08
2005-2009     10-14     0.00011  0.00057  2.77   99626      57  498001  7285416  73.13
2005-2009     15-19     0.00026  0.00129  2.73   99569     129  497552  6787414  68.17
2005-2009     20-24     0.00033  0.00166  2.47   99440     165  496783  6289862  63.25
2005-2009     25-29     0.00034  0.00169  2.47   99275     168  495951  5793079  58.35
2005-2009     30-34     0.00044  0.00219  2.76   99107     217  495051  5297128  53.45
2005-2009     35-39     0.00066  0.00330  2.64   98890     327  493680  4802078  48.56
2005-2009     40-44     0.00110  0.00550  2.68   98564     542  491560  4308398  43.71
2005-2009     45-49     0.00179  0.00889  2.72   98022     872  488118  3816837  38.94
2005-2009     50-54     0.00284  0.01412  2.58   97150    1372  482432  3328719  34.26
2005-2009     55-59     0.00416  0.02061  2.63   95778    1974  474205  2846286  29.72
2005-2009     60-64     0.00588  0.02899  2.62   93804    2719  462541  2372081  25.29
2005-2009     65-69     0.00860  0.04214  2.62   91085    3838  446307  1909540  20.96
2005-2009     70-74     0.01439  0.06964  2.71   87247    6076  422315  1463233  16.77
2005-2009     75-79     0.02668  0.12575  2.72   81171   10207  382562  1040919  12.82
2005-2009     80-84     0.05480  0.24300  2.67   70964   17244  314657   658357   9.28
2005-2009     85-89     0.10806  0.42718  2.55   53720   22948  212356   343700   6.40
2005-2009     90-94     0.19845  0.64774  2.32   30772   19932  100437   131344   4.27
2005-2009     95-99     0.33025  0.83150  2.01   10840    9013   27292    30907   2.85
2005-2009    100-104    0.49678  0.93444  1.66    1826    1707    3436     3615   1.98
2005-2009    105-109    0.66610  0.97462  1.37     120     117     175      179   1.50
2005-2009    110+       0.78860  1.00000  1.27       3       3       4        4   1.27
2010-2014        0      0.00197  0.00197  0.14  100000     197   99832  8357035  83.57
2010-2014      1-4      0.00014  0.00056  1.55   99803      56  399075  8257204  82.74
2010-2014      5-9      0.00009  0.00047  2.68   99747      47  498626  7858129  78.78
2010-2014     10-14     0.00008  0.00042  2.56   99700      42  498397  7359503  73.82
2010-2014     15-19     0.00020  0.00100  2.85   99658     100  498073  6861107  68.85
2010-2014     20-24     0.00032  0.00161  2.44   99558     160  497380  6363033  63.91
2010-2014     25-29     0.00035  0.00176  2.43   99398     175  496541  5865653  59.01
2010-2014     30-34     0.00042  0.00209  2.53   99223     207  495607  5369112  54.11
2010-2014     35-39     0.00056  0.00281  2.67   99016     278  494433  4873505  49.22
2010-2014     40-44     0.00086  0.00431  2.70   98738     426  492712  4379072  44.35
2010-2014     45-49     0.00142  0.00709  2.61   98313     697  489895  3886359  39.53
2010-2014     50-54     0.00241  0.01201  2.67   97615    1172  485347  3396465  34.79
2010-2014     55-59     0.00366  0.01816  2.66   96443    1752  478122  2911117  30.18
2010-2014     60-64     0.00558  0.02753  2.62   94691    2606  467255  2432995  25.69
2010-2014     65-69     0.00861  0.04220  2.66   92085    3886  451320  1965740  21.35
2010-2014     70-74     0.01349  0.06541  2.67   88199    5769  427528  1514420  17.17
2010-2014     75-79     0.02492  0.11789  2.71   82430    9718  389901  1086892  13.19
2010-2014     80-84     0.04975  0.22312  2.69   72712   16223  326069   696990   9.59
2010-2014     85-89     0.10209  0.40915  2.57   56489   23113  226390   370921   6.57
2010-2014     90-94     0.19335  0.63888  2.35   33376   21323  110284   144531   4.33
2010-2014     95-99     0.33104  0.83327  2.02   12053   10043   30338    34247   2.84
2010-2014    100-104    0.50570  0.93827  1.65    2010    1886    3728     3910   1.95
2010-2014    105-109    0.68148  0.97692  1.35     124     121     178      181   1.46
2010-2014    110+       0.80556  1.00000  1.24       3       3       4        4   1.24
2015-2019        0      0.00181  0.00180  0.15  100000     180   99846  8427128  84.27
2015-2019      1-4      0.00010  0.00041  1.61   99820      40  399182  8327282  83.42
2015-2019      5-9      0.00006  0.00030  2.43   99779      30  498819  7928101  79.46
2015-2019     10-14     0.00010  0.00048  2.79   99749      48  498641  7429281  74.48
2015-2019     15-19     0.00022  0.00109  2.86   99702     109  498276  6930640  69.51
2015-2019     20-24     0.00031  0.00156  2.59   99593     155  497592  6432364  64.59
2015-2019     25-29     0.00030  0.00151  2.56   99438     150  496824  5934772  59.68
2015-2019     30-34     0.00038  0.00190  2.43   99288     188  495955  5437948  54.77
2015-2019     35-39     0.00051  0.00254  2.66   99100     252  494908  4941993  49.87
2015-2019     40-44     0.00075  0.00373  2.69   98848     369  493386  4447085  44.99
2015-2019     45-49     0.00124  0.00621  2.71   98479     611  490996  3953699  40.15
2015-2019     50-54     0.00208  0.01035  2.65   97867    1013  486953  3462703  35.38
2015-2019     55-59     0.00315  0.01566  2.68   96854    1516  480755  2975750  30.72
2015-2019     60-64     0.00507  0.02507  2.67   95338    2390  471109  2494995  26.17
2015-2019     65-69     0.00811  0.03980  2.63   92948    3700  455964  2023886  21.77
2015-2019     70-74     0.01296  0.06290  2.68   89248    5613  433193  1567922  17.57
2015-2019     75-79     0.02337  0.11093  2.72   83635    9277  397031  1134729  13.57
2015-2019     80-84     0.04588  0.20750  2.70   74357   15429  336274   737698   9.92
2015-2019     85-89     0.09505  0.38665  2.59   58928   22784  239722   401424   6.81
2015-2019     90-94     0.18411  0.61971  2.36   36144   22399  121660   161702   4.47
2015-2019     95-99     0.32119  0.82407  2.05   13745   11327   35266    40042   2.91
2015-2019    100-104    0.49751  0.93558  1.67    2418    2262    4547     4777   1.98
2015-2019    105-109    0.67698  0.97643  1.36     156     152     225      229   1.47
2015-2019    110+       0.80410  1.00000  1.24       4       4       5        5   1.24
