Finland, Life tables (period 5x5), Males	Last modified: 02 Aug 2021;  Methods Protocol: v6 (2017)

  Year          Age         mx       qx    ax      lx      dx      Lx       Tx     ex
1878-1879        0      0.19027  0.16788  0.30  100000   16788   88234  4099103  40.99
1878-1879      1-4      0.03782  0.13780  1.41   83212   11466  303151  4010869  48.20
1878-1879      5-9      0.00848  0.04139  2.07   71746    2970  350024  3707717  51.68
1878-1879     10-14     0.00453  0.02236  2.35   68776    1538  339813  3357694  48.82
1878-1879     15-19     0.00516  0.02550  2.64   67238    1715  332152  3017881  44.88
1878-1879     20-24     0.00714  0.03509  2.52   65524    2299  321906  2685729  40.99
1878-1879     25-29     0.00781  0.03832  2.50   63224    2423  310055  2363823  37.39
1878-1879     30-34     0.00799  0.03914  2.45   60802    2380  297933  2053767  33.78
1878-1879     35-39     0.00968  0.04727  2.55   58422    2762  285332  1755834  30.05
1878-1879     40-44     0.01150  0.05590  2.52   55660    3111  270596  1470503  26.42
1878-1879     45-49     0.01394  0.06748  2.65   52549    3546  254426  1199906  22.83
1878-1879     50-54     0.01914  0.09135  2.52   49003    4476  233920   945480  19.29
1878-1879     55-59     0.02607  0.12266  2.59   44527    5462  209475   711560  15.98
1878-1879     60-64     0.04117  0.18659  2.49   39065    7289  177058   502085  12.85
1878-1879     65-69     0.05681  0.24894  2.52   31776    7910  139237   325026  10.23
1878-1879     70-74     0.09206  0.37572  2.55   23866    8967   97401   185790   7.78
1878-1879     75-79     0.13000  0.48629  2.41   14899    7245   55732    88388   5.93
1878-1879     80-84     0.21116  0.66559  2.22    7654    5094   24125    32656   4.27
1878-1879     85-89     0.28267  0.76988  2.04    2559    1970    6971     8531   3.33
1878-1879     90-94     0.36562  0.85296  1.87     589     502    1374     1560   2.65
1878-1879     95-99     0.45732  0.91089  1.70      87      79     173      186   2.15
1878-1879    100-104    0.55221  0.94720  1.53       8       7      13       14   1.80
1878-1879    105-109    0.64385  0.96829  1.39       0       0       1        1   1.55
1878-1879    110+       0.71484  1.00000  1.40       0       0       0        0   1.40
1880-1884        0      0.20243  0.17728  0.30  100000   17728   87576  3916401  39.16
1880-1884      1-4      0.04195  0.15180  1.49   82272   12489  297718  3828826  46.54
1880-1884      5-9      0.01164  0.05626  2.06   69783    3926  337381  3531108  50.60
1880-1884     10-14     0.00520  0.02562  2.32   65857    1687  324757  3193727  48.49
1880-1884     15-19     0.00549  0.02712  2.69   64170    1740  316830  2868970  44.71
1880-1884     20-24     0.00780  0.03826  2.46   62430    2388  306084  2552140  40.88
1880-1884     25-29     0.00754  0.03700  2.47   60041    2222  294579  2246055  37.41
1880-1884     30-34     0.00798  0.03913  2.52   57820    2263  283491  1951477  33.75
1880-1884     35-39     0.00940  0.04596  2.56   55557    2553  271556  1667986  30.02
1880-1884     40-44     0.01160  0.05638  2.55   53004    2989  257689  1396430  26.35
1880-1884     45-49     0.01443  0.06963  2.52   50015    3483  241428  1138741  22.77
1880-1884     50-54     0.01946  0.09286  2.55   46533    4321  222075   897313  19.28
1880-1884     55-59     0.02613  0.12281  2.55   42212    5184  198384   675238  16.00
1880-1884     60-64     0.03836  0.17542  2.57   37028    6495  169336   476854  12.88
1880-1884     65-69     0.05791  0.25353  2.55   30532    7741  133666   307519  10.07
1880-1884     70-74     0.09064  0.36926  2.49   22792    8416   92848   173852   7.63
1880-1884     75-79     0.14293  0.51806  2.34   14376    7447   52105    81004   5.63
1880-1884     80-84     0.20987  0.66510  2.25    6928    4608   21956    28899   4.17
1880-1884     85-89     0.31622  0.81507  2.03    2320    1891    5981     6943   2.99
1880-1884     90-94     0.43533  0.90314  1.76     429     388     890      963   2.24
1880-1884     95-99     0.56793  0.95379  1.52      42      40      70       73   1.75
1880-1884    100-104    0.69261  0.97696  1.33       2       2       3        3   1.44
1880-1884    105-109    0.79535  0.98701  1.19       0       0       0        0   1.26
1880-1884    110+       0.86352  1.00000  1.16       0       0       0        0   1.16
1885-1889        0      0.18178  0.16124  0.30  100000   16124   88700  4227309  42.27
1885-1889      1-4      0.03415  0.12563  1.44   83876   10537  308563  4138610  49.34
1885-1889      5-9      0.00885  0.04313  2.10   73339    3163  357515  3830047  52.22
1885-1889     10-14     0.00427  0.02110  2.26   70176    1481  346816  3472532  49.48
1885-1889     15-19     0.00476  0.02356  2.85   68695    1618  340004  3125717  45.50
1885-1889     20-24     0.00718  0.03525  2.48   67077    2365  329437  2785713  41.53
1885-1889     25-29     0.00731  0.03592  2.50   64712    2324  317752  2456275  37.96
1885-1889     30-34     0.00790  0.03873  2.54   62388    2416  305996  2138524  34.28
1885-1889     35-39     0.00901  0.04407  2.57   59972    2643  293448  1832528  30.56
1885-1889     40-44     0.01087  0.05289  2.49   57329    3032  279043  1539080  26.85
1885-1889     45-49     0.01378  0.06663  2.54   54297    3618  262576  1260036  23.21
1885-1889     50-54     0.01744  0.08364  2.55   50679    4239  243016   997461  19.68
1885-1889     55-59     0.02547  0.11984  2.55   46440    5565  218546   754445  16.25
1885-1889     60-64     0.03694  0.16950  2.57   40875    6928  187526   535899  13.11
1885-1889     65-69     0.05655  0.24835  2.55   33947    8431  149073   348372  10.26
1885-1889     70-74     0.08799  0.35939  2.45   25516    9170  104221   199299   7.81
1885-1889     75-79     0.13437  0.49614  2.36   16346    8110   60353    95078   5.82
1885-1889     80-84     0.20972  0.66198  2.22    8236    5452   25996    34725   4.22
1885-1889     85-89     0.30270  0.79940  2.05    2784    2225    7352     8728   3.14
1885-1889     90-94     0.39431  0.87597  1.83     558     489    1241     1376   2.46
1885-1889     95-99     0.50415  0.93238  1.62      69      65     128      136   1.96
1885-1889    100-104    0.61413  0.96332  1.44       5       5       7        8   1.62
1885-1889    105-109    0.71427  0.97905  1.29       0       0       0        0   1.40
1885-1889    110+       0.78773  1.00000  1.27       0       0       0        0   1.27
1890-1894        0      0.16514  0.14801  0.30  100000   14801   89627  4159726  41.60
1890-1894      1-4      0.03844  0.14016  1.48   85199   11942  310680  4070099  47.77
1890-1894      5-9      0.01038  0.05035  2.08   73258    3689  355506  3759419  51.32
1890-1894     10-14     0.00483  0.02386  2.25   69569    1660  343284  3403913  48.93
1890-1894     15-19     0.00536  0.02650  2.85   67909    1800  335679  3060629  45.07
1890-1894     20-24     0.00806  0.03940  2.24   66110    2605  323372  2724950  41.22
1890-1894     25-29     0.00731  0.03593  2.64   63505    2282  312150  2401578  37.82
1890-1894     30-34     0.00830  0.04064  2.42   61223    2488  299692  2089428  34.13
1890-1894     35-39     0.00898  0.04396  2.60   58735    2582  287468  1789736  30.47
1890-1894     40-44     0.01092  0.05314  2.51   56153    2984  273327  1502268  26.75
1890-1894     45-49     0.01403  0.06786  2.61   53169    3608  257223  1228941  23.11
1890-1894     50-54     0.01890  0.09039  2.59   49561    4480  236999   971719  19.61
1890-1894     55-59     0.02477  0.11657  2.48   45081    5255  212187   734719  16.30
1890-1894     60-64     0.03508  0.16203  2.64   39826    6453  183928   522533  13.12
1890-1894     65-69     0.05576  0.24529  2.55   33373    8186  146806   338604  10.15
1890-1894     70-74     0.08982  0.36654  2.49   25187    9232  102779   191799   7.61
1890-1894     75-79     0.14076  0.51404  2.38   15955    8202   58266    89019   5.58
1890-1894     80-84     0.22403  0.68371  2.15    7753    5301   23662    30754   3.97
1890-1894     85-89     0.32977  0.81791  1.92    2452    2006    6083     7092   2.89
1890-1894     90-94     0.43264  0.90033  1.76     447     402     929     1009   2.26
1890-1894     95-99     0.55142  0.94847  1.54      45      42      77       80   1.80
1890-1894    100-104    0.66541  0.97272  1.36       2       2       3        3   1.50
1890-1894    105-109    0.76369  0.98426  1.23       0       0       0        0   1.31
1890-1894    110+       0.83244  1.00000  1.20       0       0       0        0   1.20
1895-1899        0      0.15626  0.14084  0.30  100000   14084   90129  4554988  45.55
1895-1899      1-4      0.02641  0.09892  1.43   85916    8499  321816  4464859  51.97
1895-1899      5-9      0.00714  0.03498  2.18   77417    2708  379439  4143042  53.52
1895-1899     10-14     0.00398  0.01968  2.36   74709    1470  369671  3763604  50.38
1895-1899     15-19     0.00473  0.02341  2.77   73239    1714  362364  3393933  46.34
1895-1899     20-24     0.00750  0.03677  2.44   71524    2630  350886  3031569  42.39
1895-1899     25-29     0.00682  0.03356  2.54   68894    2312  338778  2680683  38.91
1895-1899     30-34     0.00744  0.03656  2.56   66582    2434  326974  2341906  35.17
1895-1899     35-39     0.00854  0.04183  2.55   64148    2683  314179  2014931  31.41
1895-1899     40-44     0.00999  0.04873  2.54   61465    2995  299942  1700752  27.67
1895-1899     45-49     0.01264  0.06133  2.57   58470    3586  283640  1400810  23.96
1895-1899     50-54     0.01749  0.08387  2.57   54884    4603  263225  1117170  20.36
1895-1899     55-59     0.02341  0.11071  2.55   50281    5567  237739   853945  16.98
1895-1899     60-64     0.03205  0.14875  2.59   44714    6651  207529   616207  13.78
1895-1899     65-69     0.05034  0.22465  2.61   38063    8551  169853   408678  10.74
1895-1899     70-74     0.08341  0.34412  2.46   29512   10156  121755   238824   8.09
1895-1899     75-79     0.12459  0.47180  2.43   19356    9132   73298   117070   6.05
1895-1899     80-84     0.20613  0.65822  2.26   10224    6730   32648    43772   4.28
1895-1899     85-89     0.29250  0.78407  2.04    3494    2740    9367    11124   3.18
1895-1899     90-94     0.41821  0.89290  1.79     755     674    1611     1758   2.33
1895-1899     95-99     0.54519  0.94720  1.56      81      77     140      147   1.82
1895-1899    100-104    0.66753  0.97332  1.36       4       4       6        6   1.49
1895-1899    105-109    0.77176  0.98510  1.22       0       0       0        0   1.29
1895-1899    110+       0.84315  1.00000  1.19       0       0       0        0   1.19
1900-1904        0      0.16182  0.14534  0.30  100000   14534   89814  4353699  43.54
1900-1904      1-4      0.03116  0.11550  1.46   85466    9871  316834  4263885  49.89
1900-1904      5-9      0.00948  0.04611  2.11   75595    3486  367890  3947051  52.21
1900-1904     10-14     0.00469  0.02316  2.32   72109    1670  356075  3579161  49.64
1900-1904     15-19     0.00568  0.02806  2.70   70439    1976  347659  3223086  45.76
1900-1904     20-24     0.00798  0.03913  2.53   68463    2679  335694  2875428  42.00
1900-1904     25-29     0.00801  0.03924  2.42   65784    2581  322250  2539734  38.61
1900-1904     30-34     0.00774  0.03796  2.50   63203    2399  310016  2217484  35.09
1900-1904     35-39     0.00848  0.04155  2.53   60804    2526  297778  1907468  31.37
1900-1904     40-44     0.01032  0.05034  2.55   58277    2934  284185  1609690  27.62
1900-1904     45-49     0.01249  0.06057  2.53   55343    3352  268436  1325505  23.95
1900-1904     50-54     0.01695  0.08140  2.57   51991    4232  249674  1057069  20.33
1900-1904     55-59     0.02339  0.11062  2.56   47759    5283  225917   807396  16.91
1900-1904     60-64     0.03406  0.15735  2.59   42476    6684  196248   581478  13.69
1900-1904     65-69     0.05104  0.22689  2.56   35792    8121  159119   385231  10.76
1900-1904     70-74     0.08123  0.33785  2.51   27671    9349  115092   226112   8.17
1900-1904     75-79     0.12552  0.47360  2.41   18322    8678   69130   111020   6.06
1900-1904     80-84     0.20086  0.64575  2.24    9645    6228   31008    41889   4.34
1900-1904     85-89     0.29239  0.79043  2.09    3417    2701    9237    10881   3.18
1900-1904     90-94     0.42597  0.88984  1.73     716     637    1496     1645   2.30
1900-1904     95-99     0.52392  0.94019  1.59      79      74     142      149   1.89
1900-1904    100-104    0.64328  0.96926  1.40       5       5       7        7   1.55
1900-1904    105-109    0.74805  0.98289  1.25       0       0       0        0   1.33
1900-1904    110+       0.82188  1.00000  1.22       0       0       0        0   1.22
1905-1909        0      0.14328  0.13021  0.30  100000   13021   90874  4540500  45.40
1905-1909      1-4      0.02526  0.09488  1.43   86979    8252  326734  4449625  51.16
1905-1909      5-9      0.00781  0.03822  2.18   78727    3009  385160  4122891  52.37
1905-1909     10-14     0.00434  0.02146  2.38   75718    1625  374339  3737731  49.36
1905-1909     15-19     0.00581  0.02870  2.74   74093    2126  365663  3363392  45.39
1905-1909     20-24     0.00817  0.04005  2.49   71967    2882  352604  2997729  41.65
1905-1909     25-29     0.00778  0.03816  2.47   69085    2636  338744  2645125  38.29
1905-1909     30-34     0.00810  0.03971  2.48   66449    2639  325589  2306380  34.71
1905-1909     35-39     0.00889  0.04347  2.52   63810    2774  312158  1980791  31.04
1905-1909     40-44     0.01084  0.05277  2.51   61036    3221  297164  1668634  27.34
1905-1909     45-49     0.01330  0.06440  2.55   57816    3723  279947  1371469  23.72
1905-1909     50-54     0.01767  0.08465  2.53   54092    4579  259135  1091522  20.18
1905-1909     55-59     0.02420  0.11428  2.57   49513    5658  233836   832387  16.81
1905-1909     60-64     0.03603  0.16555  2.55   43855    7260  201515   598551  13.65
1905-1909     65-69     0.05230  0.23179  2.55   36595    8482  162175   397036  10.85
1905-1909     70-74     0.07693  0.32245  2.49   28112    9065  117825   234861   8.35
1905-1909     75-79     0.12276  0.46495  2.39   19047    8856   72142   117036   6.14
1905-1909     80-84     0.19422  0.63117  2.23   10191    6432   33119    44894   4.41
1905-1909     85-89     0.29718  0.79246  2.06    3759    2979   10023    11775   3.13
1905-1909     90-94     0.43554  0.89816  1.73     780     701    1609     1751   2.25
1905-1909     95-99     0.55110  0.94933  1.55      79      75     137      143   1.80
1905-1909    100-104    0.67901  0.97519  1.35       4       4       6        6   1.47
1905-1909    105-109    0.78579  0.98632  1.20       0       0       0        0   1.27
1905-1909    110+       0.85710  1.00000  1.17       0       0       0        0   1.17
1910-1914        0      0.13042  0.11950  0.30  100000   11950   91625  4740499  47.40
1910-1914      1-4      0.02036  0.07737  1.42   88050    6812  334656  4648874  52.80
1910-1914      5-9      0.00588  0.02893  2.15   81238    2350  399502  4314217  53.11
1910-1914     10-14     0.00380  0.01883  2.35   78888    1485  390504  3914715  49.62
1910-1914     15-19     0.00569  0.02808  2.80   77403    2174  382233  3524211  45.53
1910-1914     20-24     0.00789  0.03870  2.50   75229    2911  368854  3141979  41.77
1910-1914     25-29     0.00782  0.03835  2.45   72317    2773  354516  2773124  38.35
1910-1914     30-34     0.00789  0.03868  2.50   69544    2690  341001  2418608  34.78
1910-1914     35-39     0.00863  0.04226  2.51   66854    2825  327235  2077607  31.08
1910-1914     40-44     0.01067  0.05200  2.59   64029    3329  312110  1750372  27.34
1910-1914     45-49     0.01369  0.06625  2.56   60700    4021  293678  1438263  23.69
1910-1914     50-54     0.01786  0.08562  2.58   56678    4853  271666  1144584  20.19
1910-1914     55-59     0.02513  0.11843  2.58   51825    6138  244266   872918  16.84
1910-1914     60-64     0.03573  0.16438  2.57   45688    7510  210208   628652  13.76
1910-1914     65-69     0.05046  0.22466  2.56   38177    8577  169972   418444  10.96
1910-1914     70-74     0.07689  0.32172  2.47   29600    9523  123861   248471   8.39
1910-1914     75-79     0.12058  0.46146  2.46   20077    9265   76838   124610   6.21
1910-1914     80-84     0.19763  0.64266  2.28   10812    6949   35160    47773   4.42
1910-1914     85-89     0.28448  0.77596  2.07    3864    2998   10539    12613   3.26
1910-1914     90-94     0.40571  0.88290  1.80     866     764    1884     2074   2.40
1910-1914     95-99     0.52664  0.94132  1.59     101      95     181      190   1.88
1910-1914    100-104    0.64898  0.97035  1.39       6       6       9        9   1.53
1910-1914    105-109    0.75540  0.98364  1.24       0       0       0        0   1.32
1910-1914    110+       0.82956  1.00000  1.21       0       0       0        0   1.21
1915-1919        0      0.13302  0.12168  0.30  100000   12168   91472  3929889  39.30
1915-1919      1-4      0.02524  0.09486  1.46   87832    8332  330137  3838417  43.70
1915-1919      5-9      0.00745  0.03650  2.15   79500    2902  389233  3508280  44.13
1915-1919     10-14     0.00459  0.02270  2.41   76599    1739  378494  3119048  40.72
1915-1919     15-19     0.01165  0.05694  3.00   74860    4263  365766  2740554  36.61
1915-1919     20-24     0.02101  0.09966  2.42   70597    7036  334823  2374788  33.64
1915-1919     25-29     0.01799  0.08592  2.40   63562    5461  303598  2039965  32.09
1915-1919     30-34     0.01613  0.07747  2.44   58101    4501  278992  1736367  29.89
1915-1919     35-39     0.01613  0.07750  2.48   53600    4154  257527  1457375  27.19
1915-1919     40-44     0.01728  0.08276  2.46   49446    4092  236847  1199848  24.27
1915-1919     45-49     0.02045  0.09730  2.52   45354    4413  215816   963001  21.23
1915-1919     50-54     0.02371  0.11212  2.59   40941    4590  193620   747185  18.25
1915-1919     55-59     0.03297  0.15240  2.53   36351    5540  168042   553565  15.23
1915-1919     60-64     0.04289  0.19390  2.53   30811    5974  139284   385523  12.51
1915-1919     65-69     0.06130  0.26600  2.52   24837    6607  107770   246238   9.91
1915-1919     70-74     0.09177  0.37174  2.45   18230    6777   73841   138469   7.60
1915-1919     75-79     0.13924  0.50984  2.37   11453    5839   41936    64628   5.64
1915-1919     80-84     0.21923  0.68078  2.22    5614    3822   17433    22691   4.04
1915-1919     85-89     0.32154  0.82023  2.01    1792    1470    4571     5258   2.93
1915-1919     90-94     0.46109  0.91638  1.71     322     295     640      686   2.13
1915-1919     95-99     0.57939  0.95662  1.50      27      26      44       46   1.71
1915-1919    100-104    0.70196  0.97811  1.31       1       1       2        2   1.42
1915-1919    105-109    0.80203  0.98748  1.18       0       0       0        0   1.25
1915-1919    110+       0.86810  1.00000  1.15       0       0       0        0   1.15
1920-1924        0      0.11613  0.10739  0.30  100000   10739   92473  4858990  48.59
1920-1924      1-4      0.01595  0.06121  1.34   89261    5464  342526  4766517  53.40
1920-1924      5-9      0.00447  0.02209  2.23   83797    1851  413854  4423990  52.79
1920-1924     10-14     0.00342  0.01695  2.46   81946    1389  406199  4010136  48.94
1920-1924     15-19     0.00572  0.02826  2.84   80556    2277  397857  3603937  44.74
1920-1924     20-24     0.00955  0.04658  2.33   78280    3646  381664  3206079  40.96
1920-1924     25-29     0.00821  0.04018  2.42   74634    2999  365424  2824416  37.84
1920-1924     30-34     0.00843  0.04125  2.47   71635    2955  350707  2458991  34.33
1920-1924     35-39     0.00894  0.04374  2.51   68680    3004  335927  2108284  30.70
1920-1924     40-44     0.01063  0.05184  2.58   65676    3404  320147  1772357  26.99
1920-1924     45-49     0.01407  0.06799  2.54   62271    4234  300959  1452211  23.32
1920-1924     50-54     0.01857  0.08886  2.58   58037    5157  277716  1151251  19.84
1920-1924     55-59     0.02695  0.12647  2.56   52880    6688  248111   873535  16.52
1920-1924     60-64     0.03794  0.17345  2.53   46192    8012  211195   625425  13.54
1920-1924     65-69     0.05402  0.23826  2.52   38181    9097  168385   414230  10.85
1920-1924     70-74     0.07794  0.32574  2.48   29084    9474  121554   245845   8.45
1920-1924     75-79     0.11819  0.45105  2.38   19610    8845   74837   124291   6.34
1920-1924     80-84     0.18816  0.62093  2.26   10765    6684   35524    49454   4.59
1920-1924     85-89     0.27006  0.75413  2.07    4081    3077   11395    13930   3.41
1920-1924     90-94     0.38364  0.86914  1.85    1003     872    2273     2535   2.53
1920-1924     95-99     0.49501  0.92953  1.64     131     122     247      262   1.99
1920-1924    100-104    0.61345  0.96357  1.44       9       9      15       15   1.62
1920-1924    105-109    0.72071  0.97999  1.29       0       0       0        0   1.38
1920-1924    110+       0.79822  1.00000  1.25       0       0       0        0   1.25
1925-1929        0      0.10487  0.09769  0.30  100000    9769   93153  5028680  50.29
1925-1929      1-4      0.01153  0.04475  1.34   90231    4038  350184  4935526  54.70
1925-1929      5-9      0.00349  0.01728  2.30   86193    1490  426942  4585342  53.20
1925-1929     10-14     0.00296  0.01470  2.51   84703    1245  420411  4158400  49.09
1925-1929     15-19     0.00546  0.02698  2.85   83458    2252  412447  3737989  44.79
1925-1929     20-24     0.00915  0.04468  2.37   81206    3629  396494  3325543  40.95
1925-1929     25-29     0.00808  0.03957  2.43   77577    3070  380006  2929049  37.76
1925-1929     30-34     0.00788  0.03863  2.44   74507    2878  365164  2549043  34.21
1925-1929     35-39     0.00884  0.04324  2.54   71629    3097  350533  2183878  30.49
1925-1929     40-44     0.01077  0.05244  2.55   68532    3594  333859  1833345  26.75
1925-1929     45-49     0.01438  0.06946  2.57   64938    4511  313731  1499486  23.09
1925-1929     50-54     0.01997  0.09526  2.58   60427    5756  288208  1185755  19.62
1925-1929     55-59     0.02753  0.12901  2.56   54671    7053  256152   897547  16.42
1925-1929     60-64     0.03902  0.17798  2.53   47618    8475  217177   641395  13.47
1925-1929     65-69     0.05588  0.24555  2.53   39143    9612  172014   424218  10.84
1925-1929     70-74     0.07809  0.32566  2.45   29531    9617  123158   252204   8.54
1925-1929     75-79     0.11514  0.44413  2.43   19914    8844   76814   129046   6.48
1925-1929     80-84     0.17883  0.60442  2.32   11070    6691   37414    52232   4.72
1925-1929     85-89     0.27174  0.76168  2.12    4379    3335   12274    14818   3.38
1925-1929     90-94     0.39854  0.88569  1.86    1044     924    2319     2544   2.44
1925-1929     95-99     0.52530  0.94153  1.59     119     112     214      224   1.88
1925-1929    100-104    0.65641  0.97188  1.38       7       7      10       11   1.52
1925-1929    105-109    0.76852  0.98495  1.22       0       0       0        0   1.30
1925-1929    110+       0.84454  1.00000  1.18       0       0       0        0   1.18
1930-1934        0      0.08440  0.07969  0.30  100000    7969   94415  5274287  52.74
1930-1934      1-4      0.00914  0.03571  1.42   92031    3286  359638  5179872  56.28
1930-1934      5-9      0.00339  0.01682  2.33   88745    1493  439735  4820234  54.32
1930-1934     10-14     0.00268  0.01333  2.43   87252    1163  433275  4380498  50.20
1930-1934     15-19     0.00478  0.02365  2.80   86089    2036  425961  3947223  45.85
1930-1934     20-24     0.00743  0.03644  2.42   84054    3063  412367  3521262  41.89
1930-1934     25-29     0.00699  0.03432  2.48   80991    2780  397945  3108895  38.39
1930-1934     30-34     0.00729  0.03579  2.49   78211    2799  384034  2710950  34.66
1930-1934     35-39     0.00839  0.04111  2.54   75413    3100  369451  2326916  30.86
1930-1934     40-44     0.01051  0.05121  2.54   72312    3703  352451  1957465  27.07
1930-1934     45-49     0.01371  0.06637  2.59   68609    4553  332080  1605014  23.39
1930-1934     50-54     0.01937  0.09249  2.57   64056    5925  305862  1272934  19.87
1930-1934     55-59     0.02769  0.12971  2.56   58131    7540  272270   967073  16.64
1930-1934     60-64     0.03815  0.17434  2.54   50591    8820  231217   694803  13.73
1930-1934     65-69     0.05444  0.23915  2.46   41771    9990  183494   463586  11.10
1930-1934     70-74     0.07524  0.31701  2.52   31781   10075  133898   280093   8.81
1930-1934     75-79     0.11240  0.43403  2.38   21706    9421   83815   146195   6.74
1930-1934     80-84     0.16200  0.56302  2.29   12285    6917   42695    62380   5.08
1930-1934     85-89     0.24273  0.71498  2.13    5368    3838   15813    19685   3.67
1930-1934     90-94     0.38354  0.86266  1.81    1530    1320    3442     3872   2.53
1930-1934     95-99     0.48051  0.92441  1.67     210     194     404      430   2.05
1930-1934    100-104    0.60877  0.96304  1.45      16      15      25       26   1.63
1930-1934    105-109    0.72467  0.98065  1.28       1       1       1        1   1.38
1930-1934    110+       0.80716  1.00000  1.24       0       0       0        0   1.24
1935-1939        0      0.07868  0.07449  0.28  100000    7449   94673  5346003  53.46
1935-1939      1-4      0.00798  0.03127  1.46   92551    2894  362854  5251330  56.74
1935-1939      5-9      0.00294  0.01459  2.34   89657    1308  444807  4888477  54.52
1935-1939     10-14     0.00214  0.01063  2.49   88349     939  439381  4443670  50.30
1935-1939     15-19     0.00394  0.01955  2.80   87409    1708  433281  4004289  45.81
1935-1939     20-24     0.00761  0.03737  2.65   85701    3202  420991  3571007  41.67
1935-1939     25-29     0.00831  0.04069  2.45   82498    3357  403921  3150016  38.18
1935-1939     30-34     0.00798  0.03911  2.48   79141    3095  387914  2746095  34.70
1935-1939     35-39     0.00809  0.03965  2.56   76046    3015  372863  2358181  31.01
1935-1939     40-44     0.01008  0.04918  2.59   73031    3592  356495  1985318  27.18
1935-1939     45-49     0.01280  0.06207  2.59   69439    4310  336812  1628823  23.46
1935-1939     50-54     0.01840  0.08810  2.60   65129    5738  311871  1292012  19.84
1935-1939     55-59     0.02694  0.12652  2.60   59391    7514  278919   980140  16.50
1935-1939     60-64     0.03967  0.18076  2.55   51877    9377  236379   701221  13.52
1935-1939     65-69     0.05568  0.24444  2.51   42500   10389  186586   464842  10.94
1935-1939     70-74     0.07961  0.33177  2.49   32111   10653  133827   278256   8.67
1935-1939     75-79     0.11777  0.45000  2.38   21458    9656   81990   144429   6.73
1935-1939     80-84     0.16460  0.56940  2.29   11802    6720   40825    62439   5.29
1935-1939     85-89     0.21107  0.66389  2.21    5082    3374   15984    21615   4.25
1935-1939     90-94     0.28971  0.78219  2.06    1708    1336    4611     5631   3.30
1935-1939     95-99     0.35342  0.84179  1.89     372     313     886     1019   2.74
1935-1939    100-104    0.43482  0.89827  1.73      59      53     122      133   2.26
1935-1939    105-109    0.51999  0.93622  1.58       6       6      11       11   1.91
1935-1939    110+       0.58897  1.00000  1.70       0       0       1        1   1.70
1940-1944        0      0.07536  0.07145  0.27  100000    7145   94813  4202723  42.03
1940-1944      1-4      0.00794  0.03116  1.55   92855    2893  364331  4107911  44.24
1940-1944      5-9      0.00335  0.01659  2.32   89962    1492  445817  3743580  41.61
1940-1944     10-14     0.00262  0.01301  2.52   88470    1151  439494  3297763  37.28
1940-1944     15-19     0.00998  0.04919  3.52   87319    4295  430256  2858269  32.73
1940-1944     20-24     0.04275  0.19203  2.35   83024   15943  372887  2428014  29.24
1940-1944     25-29     0.03097  0.14300  2.33   67081    9593  309791  2055126  30.64
1940-1944     30-34     0.02294  0.10810  2.34   57488    6215  270933  1745335  30.36
1940-1944     35-39     0.01852  0.08831  2.38   51273    4528  244526  1474402  28.76
1940-1944     40-44     0.01444  0.06961  2.43   46746    3254  225350  1229875  26.31
1940-1944     45-49     0.01386  0.06703  2.58   43492    2915  210407  1004525  23.10
1940-1944     50-54     0.01905  0.09115  2.65   40576    3699  194181   794119  19.57
1940-1944     55-59     0.02760  0.12944  2.61   36878    4774  172959   599938  16.27
1940-1944     60-64     0.03957  0.18047  2.57   32104    5794  146414   426979  13.30
1940-1944     65-69     0.05683  0.24927  2.54   26310    6559  115404   280565  10.66
1940-1944     70-74     0.08073  0.33569  2.49   19752    6631   82128   165161   8.36
1940-1944     75-79     0.12305  0.46602  2.40   13121    6115   49695    83033   6.33
1940-1944     80-84     0.19413  0.63020  2.22    7007    4416   22745    33338   4.76
1940-1944     85-89     0.20131  0.63154  2.05    2591    1636    8129    10593   4.09
1940-1944     90-94     0.38743  0.89554  2.00     955     855    2207     2464   2.58
1940-1944     95-99     0.37807  0.86107  1.84     100      86     227      257   2.58
1940-1944    100-104    0.45692  0.90946  1.69      14      13      28       30   2.16
1940-1944    105-109    0.53811  0.94201  1.55       1       1       2        2   1.85
1940-1944    110+       0.60350  1.00000  1.66       0       0       0        0   1.66
1945-1949        0      0.06491  0.06185  0.24  100000    6185   95299  5632320  56.32
1945-1949      1-4      0.00485  0.01919  1.58   93815    1800  370906  5537021  59.02
1945-1949      5-9      0.00208  0.01034  2.24   92015     951  457447  5166115  56.14
1945-1949     10-14     0.00159  0.00791  2.57   91063     720  453564  4708668  51.71
1945-1949     15-19     0.00371  0.01841  3.04   90343    1663  448451  4255105  47.10
1945-1949     20-24     0.00700  0.03440  2.47   88680    3050  435669  3806654  42.93
1945-1949     25-29     0.00642  0.03157  2.47   85630    2703  421317  3370984  39.37
1945-1949     30-34     0.00630  0.03102  2.49   82927    2573  408184  2949667  35.57
1945-1949     35-39     0.00673  0.03312  2.53   80354    2661  395190  2541483  31.63
1945-1949     40-44     0.00877  0.04294  2.59   77693    3336  380426  2146293  27.63
1945-1949     45-49     0.01249  0.06069  2.66   74357    4513  361228  1765867  23.75
1945-1949     50-54     0.01784  0.08559  2.63   69845    5978  335044  1404638  20.11
1945-1949     55-59     0.02598  0.12229  2.61   63867    7810  300636  1069595  16.75
1945-1949     60-64     0.03809  0.17442  2.58   56057    9777  256660   768959  13.72
1945-1949     65-69     0.05359  0.23661  2.53   46280   10950  204331   512299  11.07
1945-1949     70-74     0.07743  0.32415  2.49   35329   11452  147903   307969   8.72
1945-1949     75-79     0.10955  0.42645  2.40   23877   10182   92950   160065   6.70
1945-1949     80-84     0.17281  0.58978  2.31   13695    8077   46738    67115   4.90
1945-1949     85-89     0.22348  0.67922  2.11    5618    3816   17074    20377   3.63
1945-1949     90-94     0.54422  0.94417  1.54    1802    1701    3127     3303   1.83
1945-1949     95-99     0.56608  0.95461  1.53     101      96     170      176   1.75
1945-1949    100-104    0.71066  0.97972  1.30       5       4       6        6   1.40
1945-1949    105-109    0.82365  0.98914  1.16       0       0       0        0   1.21
1945-1949    110+       0.89299  1.00000  1.12       0       0       0        0   1.12
1950-1954        0      0.03957  0.03829  0.16  100000    3829   96773  6266394  62.66
1950-1954      1-4      0.00224  0.00892  1.53   96171     858  382566  6169621  64.15
1950-1954      5-9      0.00095  0.00473  2.35   95313     451  475368  5787055  60.72
1950-1954     10-14     0.00079  0.00394  2.60   94862     374  473412  5311688  55.99
1950-1954     15-19     0.00149  0.00744  2.96   94488     703  471004  4838275  51.21
1950-1954     20-24     0.00259  0.01288  2.54   93785    1207  465958  4367271  46.57
1950-1954     25-29     0.00295  0.01466  2.57   92578    1357  459594  3901313  42.14
1950-1954     30-34     0.00332  0.01648  2.60   91220    1504  452487  3441718  37.73
1950-1954     35-39     0.00429  0.02124  2.62   89717    1905  444042  2989231  33.32
1950-1954     40-44     0.00592  0.02919  2.64   87812    2563  433017  2545189  28.98
1950-1954     45-49     0.00926  0.04534  2.68   85248    3865  417258  2112172  24.78
1950-1954     50-54     0.01465  0.07083  2.65   81383    5764  393352  1694914  20.83
1950-1954     55-59     0.02279  0.10809  2.62   75619    8174  358621  1301562  17.21
1950-1954     60-64     0.03411  0.15772  2.61   67445   10637  311853   942941  13.98
1950-1954     65-69     0.05174  0.22961  2.55   56807   13043  252100   631088  11.11
1950-1954     70-74     0.07563  0.31825  2.51   43764   13928  184155   378989   8.66
1950-1954     75-79     0.11587  0.44587  2.42   29836   13303  114806   194833   6.53
1950-1954     80-84     0.17413  0.59423  2.33   16533    9824   56421    80027   4.84
1950-1954     85-89     0.25487  0.73936  2.16    6709    4960   19461    23606   3.52
1950-1954     90-94     0.41082  0.88427  1.78    1749    1546    3764     4145   2.37
1950-1954     95-99     0.52446  0.94147  1.60     202     191     363      381   1.88
1950-1954    100-104    0.65851  0.97232  1.38      12      12      17       18   1.51
1950-1954    105-109    0.77249  0.98533  1.22       0       0       0        0   1.29
1950-1954    110+       0.84909  1.00000  1.18       0       0       0        0   1.18
1955-1959        0      0.02991  0.02914  0.13  100000    2914   97452  6460733  64.61
1955-1959      1-4      0.00184  0.00731  1.52   97086     710  386579  6363281  65.54
1955-1959      5-9      0.00076  0.00381  2.38   96376     367  480916  5976702  62.01
1955-1959     10-14     0.00058  0.00289  2.54   96009     277  479361  5495786  57.24
1955-1959     15-19     0.00112  0.00559  2.82   95731     535  477488  5016425  52.40
1955-1959     20-24     0.00174  0.00865  2.67   95196     823  474066  4538937  47.68
1955-1959     25-29     0.00223  0.01110  2.55   94373    1047  469304  4064871  43.07
1955-1959     30-34     0.00280  0.01390  2.57   93326    1298  463471  3595568  38.53
1955-1959     35-39     0.00376  0.01866  2.65   92028    1717  456100  3132096  34.03
1955-1959     40-44     0.00534  0.02639  2.73   90311    2383  446138  2675996  29.63
1955-1959     45-49     0.00833  0.04085  2.69   87928    3592  431353  2229858  25.36
1955-1959     50-54     0.01345  0.06522  2.67   84335    5500  408840  1798505  21.33
1955-1959     55-59     0.02120  0.10096  2.64   78835    7959  375370  1389664  17.63
1955-1959     60-64     0.03282  0.15200  2.58   70876   10773  328292  1014294  14.31
1955-1959     65-69     0.04852  0.21696  2.57   60103   13040  268768   686002  11.41
1955-1959     70-74     0.07321  0.30964  2.51   47063   14573  199043   417234   8.87
1955-1959     75-79     0.11128  0.43304  2.44   32490   14070  126434   218191   6.72
1955-1959     80-84     0.16768  0.57892  2.33   18421   10664   63598    91756   4.98
1955-1959     85-89     0.25035  0.72841  2.13    7757    5650   22568    28159   3.63
1955-1959     90-94     0.36312  0.85516  1.91    2107    1802    4961     5590   2.65
1955-1959     95-99     0.47700  0.92258  1.68     305     281     590      629   2.06
1955-1959    100-104    0.60148  0.96132  1.46      24      23      38       39   1.65
1955-1959    105-109    0.71509  0.97949  1.29       1       1       1        1   1.40
1955-1959    110+       0.79700  1.00000  1.25       0       0       0        0   1.25
1960-1964        0      0.02230  0.02186  0.10  100000    2186   98043  6545363  65.45
1960-1964      1-4      0.00122  0.00485  1.65   97814     474  390140  6447320  65.91
1960-1964      5-9      0.00064  0.00320  2.32   97340     311  485863  6057179  62.23
1960-1964     10-14     0.00052  0.00259  2.55   97028     251  484527  5571316  57.42
1960-1964     15-19     0.00115  0.00574  2.81   96777     556  482672  5086789  52.56
1960-1964     20-24     0.00156  0.00775  2.59   96222     745  479308  4604117  47.85
1960-1964     25-29     0.00195  0.00973  2.50   95476     929  475062  4124810  43.20
1960-1964     30-34     0.00248  0.01233  2.56   94547    1166  469897  3649747  38.60
1960-1964     35-39     0.00357  0.01769  2.66   93382    1652  463050  3179850  34.05
1960-1964     40-44     0.00539  0.02661  2.66   91730    2441  452938  2716800  29.62
1960-1964     45-49     0.00851  0.04174  2.66   89289    3727  437727  2263862  25.35
1960-1964     50-54     0.01362  0.06600  2.65   85562    5647  414559  1826135  21.34
1960-1964     55-59     0.02141  0.10189  2.64   79915    8142  380365  1411575  17.66
1960-1964     60-64     0.03266  0.15139  2.59   71773   10866  332720  1031210  14.37
1960-1964     65-69     0.04884  0.21827  2.57   60907   13294  272189   698490  11.47
1960-1964     70-74     0.07234  0.30657  2.51   47613   14597  201773   426301   8.95
1960-1964     75-79     0.11007  0.42932  2.44   33016   14174  128780   224528   6.80
1960-1964     80-84     0.16312  0.56721  2.32   18842   10687   65518    95748   5.08
1960-1964     85-89     0.24452  0.72364  2.18    8154    5901   24132    30230   3.71
1960-1964     90-94     0.35455  0.84523  1.90    2254    1905    5372     6098   2.71
1960-1964     95-99     0.47274  0.92083  1.69     349     321     679      725   2.08
1960-1964    100-104    0.59860  0.96075  1.47      28      27      44       46   1.66
1960-1964    105-109    0.71369  0.97936  1.30       1       1       1        2   1.40
1960-1964    110+       0.79664  1.00000  1.26       0       0       0        0   1.26
1965-1969        0      0.01716  0.01691  0.12  100000    1691   98504  6573799  65.74
1965-1969      1-4      0.00097  0.00386  1.76   98309     379  392387  6475295  65.87
1965-1969      5-9      0.00070  0.00348  2.35   97930     340  488748  6082908  62.11
1965-1969     10-14     0.00047  0.00236  2.67   97590     231  487411  5594160  57.32
1965-1969     15-19     0.00101  0.00503  2.76   97359     490  485699  5106749  52.45
1965-1969     20-24     0.00144  0.00716  2.63   96869     693  482703  4621050  47.70
1965-1969     25-29     0.00182  0.00905  2.59   96176     870  478783  4138347  43.03
1965-1969     30-34     0.00230  0.01142  2.63   95306    1089  473950  3659564  38.40
1965-1969     35-39     0.00361  0.01789  2.65   94217    1685  467126  3185614  33.81
1965-1969     40-44     0.00567  0.02796  2.70   92532    2588  456707  2718488  29.38
1965-1969     45-49     0.00895  0.04383  2.62   89944    3943  440349  2261781  25.15
1965-1969     50-54     0.01387  0.06717  2.66   86002    5777  416520  1821432  21.18
1965-1969     55-59     0.02173  0.10333  2.64   80225    8289  381561  1404911  17.51
1965-1969     60-64     0.03273  0.15182  2.62   71935   10921  333632  1023351  14.23
1965-1969     65-69     0.04933  0.22019  2.56   61014   13435  272344   689718  11.30
1965-1969     70-74     0.07473  0.31524  2.52   47580   14999  200718   417374   8.77
1965-1969     75-79     0.11236  0.43766  2.48   32581   14259  126910   216656   6.65
1965-1969     80-84     0.17016  0.58476  2.33   18322   10714   62964    89745   4.90
1965-1969     85-89     0.26202  0.74798  2.13    7608    5691   21718    26782   3.52
1965-1969     90-94     0.36356  0.85491  1.90    1917    1639    4509     5063   2.64
1965-1969     95-99     0.49407  0.92990  1.65     278     259     524      555   1.99
1965-1969    100-104    0.62159  0.96559  1.43      20      19      30       31   1.60
1965-1969    105-109    0.73534  0.98176  1.27       1       1       1        1   1.36
1965-1969    110+       0.81558  1.00000  1.23       0       0       0        0   1.23
1970-1974        0      0.01378  0.01361  0.12  100000    1361   98804  6651280  66.51
1970-1974      1-4      0.00077  0.00309  1.89   98639     305  393910  6552475  66.43
1970-1974      5-9      0.00059  0.00295  2.40   98334     290  490914  6158565  62.63
1970-1974     10-14     0.00047  0.00236  2.65   98044     231  489676  5667651  57.81
1970-1974     15-19     0.00125  0.00622  2.84   97813     609  487748  5177975  52.94
1970-1974     20-24     0.00160  0.00798  2.55   97204     775  484121  4690228  48.25
1970-1974     25-29     0.00175  0.00871  2.57   96429     839  480101  4206106  43.62
1970-1974     30-34     0.00224  0.01114  2.63   95589    1065  475425  3726005  38.98
1970-1974     35-39     0.00344  0.01708  2.69   94524    1615  468895  3250581  34.39
1970-1974     40-44     0.00550  0.02715  2.68   92909    2523  458681  2781685  29.94
1970-1974     45-49     0.00883  0.04322  2.63   90386    3907  442659  2323004  25.70
1970-1974     50-54     0.01318  0.06395  2.66   86480    5531  419459  1880345  21.74
1970-1974     55-59     0.02026  0.09667  2.63   80949    7825  386191  1460885  18.05
1970-1974     60-64     0.03098  0.14425  2.61   73124   10548  340448  1074694  14.70
1970-1974     65-69     0.04690  0.21055  2.57   62576   13175  280889   734246  11.73
1970-1974     70-74     0.07047  0.29973  2.51   49401   14807  210112   453358   9.18
1970-1974     75-79     0.10380  0.41124  2.48   34594   14226  137053   243245   7.03
1970-1974     80-84     0.15836  0.55700  2.34   20367   11345   71639   106192   5.21
1970-1974     85-89     0.23436  0.70728  2.20    9023    6382   27231    34553   3.83
1970-1974     90-94     0.34597  0.84062  1.94    2641    2220    6417     7322   2.77
1970-1974     95-99     0.45618  0.91298  1.72     421     384     842      905   2.15
1970-1974    100-104    0.58005  0.95635  1.50      37      35      60       63   1.71
1970-1974    105-109    0.69555  0.97709  1.32       2       2       2        2   1.43
1970-1974    110+       0.78022  1.00000  1.28       0       0       0        0   1.28
1975-1979        0      0.00988  0.00980  0.13  100000     980   99147  6808898  68.09
1975-1979      1-4      0.00059  0.00234  1.82   99020     232  395574  6709751  67.76
1975-1979      5-9      0.00042  0.00208  2.41   98788     206  493409  6314177  63.92
1975-1979     10-14     0.00035  0.00176  2.64   98582     173  492503  5820768  59.04
1975-1979     15-19     0.00106  0.00530  2.94   98409     522  490969  5328265  54.14
1975-1979     20-24     0.00147  0.00733  2.54   97887     718  487673  4837296  49.42
1975-1979     25-29     0.00172  0.00856  2.65   97170     832  483894  4349622  44.76
1975-1979     30-34     0.00200  0.00994  2.59   96338     957  479384  3865728  40.13
1975-1979     35-39     0.00290  0.01440  2.61   95381    1373  473621  3386345  35.50
1975-1979     40-44     0.00449  0.02221  2.71   94007    2088  465254  2912723  30.98
1975-1979     45-49     0.00762  0.03746  2.70   91919    3443  451689  2447470  26.63
1975-1979     50-54     0.01210  0.05881  2.66   88476    5203  430188  1995780  22.56
1975-1979     55-59     0.01840  0.08816  2.64   83272    7341  399058  1565592  18.80
1975-1979     60-64     0.02838  0.13290  2.61   75931   10091  355568  1166534  15.36
1975-1979     65-69     0.04319  0.19551  2.58   65840   12873  298060   810966  12.32
1975-1979     70-74     0.06452  0.27837  2.54   52968   14744  228516   512905   9.68
1975-1979     75-79     0.09762  0.39100  2.46   38223   14945  153096   284390   7.44
1975-1979     80-84     0.14463  0.52456  2.38   23278   12211   84431   131294   5.64
1975-1979     85-89     0.20728  0.65733  2.22   11067    7275   35097    46863   4.23
1975-1979     90-94     0.30451  0.79872  2.02    3792    3029    9947    11766   3.10
1975-1979     95-99     0.40877  0.88608  1.80     763     676    1655     1818   2.38
1975-1979    100-104    0.52528  0.94028  1.59      87      82     156      164   1.88
1975-1979    105-109    0.63980  0.96846  1.40       5       5       8        8   1.56
1975-1979    110+       0.72757  1.00000  1.37       0       0       0        0   1.37
1980-1984        0      0.00715  0.00711  0.14  100000     711   99385  6996577  69.97
1980-1984      1-4      0.00042  0.00170  1.69   99289     168  396766  6897192  69.47
1980-1984      5-9      0.00029  0.00146  2.49   99120     145  495238  6500427  65.58
1980-1984     10-14     0.00027  0.00135  2.68   98976     134  494567  6005188  60.67
1980-1984     15-19     0.00085  0.00426  2.80   98842     421  493282  5510621  55.75
1980-1984     20-24     0.00119  0.00595  2.64   98421     586  490720  5017339  50.98
1980-1984     25-29     0.00146  0.00726  2.57   97835     710  487448  4526619  46.27
1980-1984     30-34     0.00189  0.00943  2.58   97125     916  483408  4039171  41.59
1980-1984     35-39     0.00246  0.01224  2.67   96209    1178  478299  3555763  36.96
1980-1984     40-44     0.00369  0.01830  2.70   95031    1740  471147  3077463  32.38
1980-1984     45-49     0.00582  0.02868  2.60   93291    2676  460044  2606316  27.94
1980-1984     50-54     0.01002  0.04895  2.68   90616    4436  442794  2146272  23.69
1980-1984     55-59     0.01613  0.07770  2.66   86180    6696  415212  1703478  19.77
1980-1984     60-64     0.02502  0.11814  2.64   79484    9390  375286  1288267  16.21
1980-1984     65-69     0.03819  0.17494  2.60   70094   12262  321071   912981  13.03
1980-1984     70-74     0.05850  0.25585  2.55   57831   14796  252915   591909  10.24
1980-1984     75-79     0.08929  0.36479  2.49   43035   15699  175810   338995   7.88
1980-1984     80-84     0.13367  0.49521  2.38   27336   13537  101274   163184   5.97
1980-1984     85-89     0.19146  0.62916  2.28   13799    8682   45346    61910   4.49
1980-1984     90-94     0.29057  0.77806  2.02    5117    3982   13703    16564   3.24
1980-1984     95-99     0.38450  0.86964  1.85    1136     988    2569     2862   2.52
1980-1984    100-104    0.49874  0.93071  1.63     148     138     276      293   1.98
1980-1984    105-109    0.61372  0.96346  1.44      10      10      16       17   1.62
1980-1984    110+       0.70332  1.00000  1.42       0       0       1        1   1.42
1985-1989        0      0.00672  0.00668  0.14  100000     668   99422  7058485  70.58
1985-1989      1-4      0.00031  0.00125  1.66   99332     124  397037  6959062  70.06
1985-1989      5-9      0.00024  0.00119  2.54   99208     118  495748  6562025  66.14
1985-1989     10-14     0.00026  0.00132  2.68   99090     131  495144  6066277  61.22
1985-1989     15-19     0.00092  0.00461  2.87   98959     456  493820  5571133  56.30
1985-1989     20-24     0.00126  0.00628  2.56   98503     618  491004  5077313  51.54
1985-1989     25-29     0.00144  0.00720  2.59   97884     704  487722  4586309  46.85
1985-1989     30-34     0.00195  0.00969  2.65   97180     942  483685  4098587  42.18
1985-1989     35-39     0.00263  0.01308  2.63   96238    1259  478204  3614902  37.56
1985-1989     40-44     0.00395  0.01955  2.62   94979    1857  470482  3136698  33.03
1985-1989     45-49     0.00568  0.02802  2.70   93122    2610  459615  2666215  28.63
1985-1989     50-54     0.00899  0.04400  2.62   90513    3983  443075  2206601  24.38
1985-1989     55-59     0.01444  0.06985  2.65   86530    6044  418474  1763525  20.38
1985-1989     60-64     0.02310  0.10951  2.64   80486    8814  381598  1345051  16.71
1985-1989     65-69     0.03506  0.16165  2.59   71672   11586  330439   963453  13.44
1985-1989     70-74     0.05483  0.24200  2.58   60087   14541  265208   633014  10.54
1985-1989     75-79     0.08430  0.34805  2.50   45546   15852  188054   367805   8.08
1985-1989     80-84     0.12883  0.48166  2.38   29694   14302  111015   179751   6.05
1985-1989     85-89     0.19539  0.63765  2.28   15392    9814   50230    68736   4.47
1985-1989     90-94     0.28126  0.77652  2.12    5577    4331   15398    18506   3.32
1985-1989     95-99     0.38863  0.87301  1.85    1246    1088    2800     3108   2.49
1985-1989    100-104    0.50712  0.93416  1.62     158     148     292      308   1.95
1985-1989    105-109    0.62553  0.96596  1.42      10      10      16       17   1.59
1985-1989    110+       0.71699  1.00000  1.39       0       0       0        0   1.39
1990-1994        0      0.00556  0.00554  0.14  100000     554   99523  7177129  71.77
1990-1994      1-4      0.00028  0.00112  1.54   99446     111  397511  7077606  71.17
1990-1994      5-9      0.00019  0.00096  2.58   99335      95  496445  6680095  67.25
1990-1994     10-14     0.00020  0.00102  2.90   99240     101  495986  6183650  62.31
1990-1994     15-19     0.00088  0.00439  3.00   99138     435  494822  5687664  57.37
1990-1994     20-24     0.00135  0.00675  2.48   98703     666  491836  5192842  52.61
1990-1994     25-29     0.00142  0.00706  2.55   98037     692  488489  4701006  47.95
1990-1994     30-34     0.00182  0.00906  2.64   97345     882  484646  4212517  43.27
1990-1994     35-39     0.00268  0.01332  2.66   96463    1284  479309  3727871  38.65
1990-1994     40-44     0.00382  0.01893  2.61   95179    1802  471582  3248563  34.13
1990-1994     45-49     0.00540  0.02665  2.64   93377    2488  461011  2776980  29.74
1990-1994     50-54     0.00770  0.03781  2.62   90889    3437  446253  2315970  25.48
1990-1994     55-59     0.01188  0.05778  2.68   87452    5053  425513  1869716  21.38
1990-1994     60-64     0.01978  0.09454  2.66   82399    7790  393781  1444203  17.53
1990-1994     65-69     0.03096  0.14415  2.62   74609   10755  347400  1050423  14.08
1990-1994     70-74     0.04926  0.21986  2.56   63854   14039  285013   703022  11.01
1990-1994     75-79     0.07798  0.32686  2.53   49815   16282  208810   418009   8.39
1990-1994     80-84     0.12224  0.46565  2.44   33533   15615  127740   209199   6.24
1990-1994     85-89     0.18880  0.62225  2.26   17918   11150   59056    81459   4.55
1990-1994     90-94     0.28100  0.77296  2.09    6769    5232   18619    22404   3.31
1990-1994     95-99     0.39350  0.87713  1.84    1537    1348    3425     3785   2.46
1990-1994    100-104    0.51919  0.93893  1.60     189     177     341      359   1.90
1990-1994    105-109    0.64337  0.96946  1.40      12      11      17       18   1.55
1990-1994    110+       0.73781  1.00000  1.36       0       0       0        0   1.36
1995-1999        0      0.00423  0.00422  0.14  100000     422   99638  7330711  73.31
1995-1999      1-4      0.00022  0.00089  1.66   99578      89  398106  7231074  72.62
1995-1999      5-9      0.00018  0.00092  2.47   99490      92  497216  6832968  68.68
1995-1999     10-14     0.00020  0.00099  2.76   99398      99  496769  6335752  63.74
1995-1999     15-19     0.00069  0.00343  2.97   99299     341  495806  5838983  58.80
1995-1999     20-24     0.00106  0.00531  2.51   98959     525  493483  5343177  53.99
1995-1999     25-29     0.00122  0.00611  2.65   98433     601  490755  4849694  49.27
1995-1999     30-34     0.00148  0.00740  2.54   97832     724  487383  4358939  44.56
1995-1999     35-39     0.00219  0.01091  2.67   97109    1059  483076  3871556  39.87
1995-1999     40-44     0.00336  0.01668  2.67   96049    1602  476512  3388480  35.28
1995-1999     45-49     0.00495  0.02445  2.63   94447    2309  466751  2911969  30.83
1995-1999     50-54     0.00717  0.03524  2.62   92138    3247  452963  2445218  26.54
1995-1999     55-59     0.01057  0.05156  2.65   88891    4583  433669  1992255  22.41
1995-1999     60-64     0.01637  0.07880  2.63   84307    6643  405764  1558586  18.49
1995-1999     65-69     0.02701  0.12698  2.64   77664    9862  365085  1152821  14.84
1995-1999     70-74     0.04368  0.19775  2.61   67802   13408  306975   787736  11.62
1995-1999     75-79     0.07016  0.29926  2.55   54394   16278  232027   480761   8.84
1995-1999     80-84     0.11278  0.43829  2.46   38117   16706  148133   248734   6.53
1995-1999     85-89     0.18018  0.60769  2.32   21411   13011   72211   100601   4.70
1995-1999     90-94     0.27282  0.76329  2.11    8400    6411   23500    28390   3.38
1995-1999     95-99     0.39366  0.87806  1.85    1988    1746    4435     4890   2.46
1995-1999    100-104    0.52686  0.94200  1.59     242     228     433      455   1.88
1995-1999    105-109    0.65743  0.97203  1.38      14      14      21       21   1.52
1995-1999    110+       0.75521  1.00000  1.32       0       0       1        1   1.32
2000-2004        0      0.00378  0.00377  0.14  100000     377   99677  7480966  74.81
2000-2004      1-4      0.00022  0.00090  1.77   99623      89  398295  7381289  74.09
2000-2004      5-9      0.00013  0.00066  2.11   99534      66  497481  6982994  70.16
2000-2004     10-14     0.00015  0.00076  2.68   99468      76  497165  6485514  65.20
2000-2004     15-19     0.00066  0.00328  3.10   99392     326  496344  5988349  60.25
2000-2004     20-24     0.00112  0.00559  2.46   99066     554  493927  5492005  55.44
2000-2004     25-29     0.00111  0.00555  2.51   98512     547  491203  4998078  50.74
2000-2004     30-34     0.00131  0.00655  2.55   97966     641  488258  4506875  46.00
2000-2004     35-39     0.00181  0.00899  2.66   97324     875  484570  4018617  41.29
2000-2004     40-44     0.00283  0.01408  2.70   96449    1358  479120  3534048  36.64
2000-2004     45-49     0.00444  0.02199  2.65   95091    2091  470536  3054928  32.13
2000-2004     50-54     0.00666  0.03278  2.64   93000    3049  457806  2584392  27.79
2000-2004     55-59     0.00960  0.04696  2.66   89952    4224  439855  2126585  23.64
2000-2004     60-64     0.01413  0.06839  2.66   85728    5863  414910  1686730  19.68
2000-2004     65-69     0.02183  0.10384  2.65   79865    8293  379832  1271820  15.92
2000-2004     70-74     0.03662  0.16838  2.61   71572   12051  329099   891988  12.46
2000-2004     75-79     0.06074  0.26486  2.58   59521   15765  259529   562888   9.46
2000-2004     80-84     0.10087  0.40251  2.49   43756   17613  174600   303359   6.93
2000-2004     85-89     0.16651  0.57798  2.35   26144   15111   90750   128760   4.93
2000-2004     90-94     0.26572  0.75464  2.14   11033    8326   31333    38009   3.45
2000-2004     95-99     0.39188  0.87788  1.86    2707    2377    6064     6676   2.47
2000-2004    100-104    0.53446  0.94504  1.58     331     312     585      611   1.85
2000-2004    105-109    0.67299  0.97465  1.36      18      18      26       27   1.48
2000-2004    110+       0.77464  1.00000  1.29       0       0       1        1   1.29
2005-2009        0      0.00304  0.00303  0.14  100000     303   99740  7601036  76.01
2005-2009      1-4      0.00020  0.00080  1.81   99697      80  398611  7501296  75.24
2005-2009      5-9      0.00013  0.00065  2.61   99617      64  497930  7102684  71.30
2005-2009     10-14     0.00014  0.00070  2.78   99552      70  497606  6604755  66.34
2005-2009     15-19     0.00063  0.00312  3.02   99483     311  496798  6107148  61.39
2005-2009     20-24     0.00101  0.00503  2.57   99172     498  494648  5610350  56.57
2005-2009     25-29     0.00101  0.00506  2.51   98673     499  492124  5115703  51.84
2005-2009     30-34     0.00127  0.00633  2.49   98174     622  489307  4623578  47.10
2005-2009     35-39     0.00173  0.00861  2.66   97552     840  485796  4134271  42.38
2005-2009     40-44     0.00253  0.01256  2.66   96712    1214  480722  3648475  37.73
2005-2009     45-49     0.00407  0.02015  2.68   95498    1925  473022  3167753  33.17
2005-2009     50-54     0.00639  0.03147  2.62   93573    2945  460869  2694732  28.80
2005-2009     55-59     0.00949  0.04641  2.61   90628    4206  443108  2233862  24.65
2005-2009     60-64     0.01362  0.06595  2.61   86422    5700  418494  1790754  20.72
2005-2009     65-69     0.01960  0.09360  2.60   80722    7556  385477  1372260  17.00
2005-2009     70-74     0.03032  0.14141  2.63   73167   10347  341287   986783  13.49
2005-2009     75-79     0.05147  0.22931  2.62   62820   14405  279851   645496  10.28
2005-2009     80-84     0.08714  0.35909  2.55   48415   17385  199500   365645   7.55
2005-2009     85-89     0.14541  0.52826  2.41   31030   16392  112731   166146   5.35
2005-2009     90-94     0.24757  0.72716  2.16   14638   10644   42995    53415   3.65
2005-2009     95-99     0.36761  0.86072  1.91    3994    3438    9351    10420   2.61
2005-2009    100-104    0.51347  0.93855  1.62     556     522    1017     1068   1.92
2005-2009    105-109    0.65848  0.97268  1.38      34      33      50       52   1.51
2005-2009    110+       0.76597  1.00000  1.31       1       1       1        1   1.31
2010-2014        0      0.00235  0.00234  0.14  100000     234   99800  7748587  77.49
2010-2014      1-4      0.00016  0.00066  1.62   99766      66  398907  7648788  76.67
2010-2014      5-9      0.00009  0.00044  2.56   99700      44  498394  7249881  72.72
2010-2014     10-14     0.00010  0.00048  2.86   99657      48  498180  6751486  67.75
2010-2014     15-19     0.00045  0.00223  3.06   99609     223  497612  6253306  62.78
2010-2014     20-24     0.00087  0.00433  2.57   99386     431  495885  5755694  57.91
2010-2014     25-29     0.00104  0.00518  2.55   98955     512  493520  5259809  53.15
2010-2014     30-34     0.00111  0.00554  2.51   98443     546  490860  4766289  48.42
2010-2014     35-39     0.00137  0.00685  2.59   97898     670  487873  4275428  43.67
2010-2014     40-44     0.00199  0.00992  2.62   97227     965  483837  3787556  38.96
2010-2014     45-49     0.00321  0.01595  2.67   96263    1536  477727  3303718  34.32
2010-2014     50-54     0.00502  0.02481  2.71   94727    2350  468242  2825991  29.83
2010-2014     55-59     0.00813  0.03986  2.65   92377    3683  453225  2357749  25.52
2010-2014     60-64     0.01221  0.05936  2.64   88694    5265  431052  1904524  21.47
2010-2014     65-69     0.01814  0.08691  2.61   83430    7251  399826  1473471  17.66
2010-2014     70-74     0.02708  0.12728  2.65   76179    9696  358081  1073646  14.09
2010-2014     75-79     0.04524  0.20428  2.63   66483   13581  300215   715565  10.76
2010-2014     80-84     0.07943  0.33288  2.57   52902   17610  221693   415349   7.85
2010-2014     85-89     0.13956  0.51317  2.42   35292   18111  129775   193656   5.49
2010-2014     90-94     0.24087  0.72014  2.21   17181   12373   51368    63881   3.72
2010-2014     95-99     0.36815  0.86205  1.92    4808    4145   11259    12513   2.60
2010-2014    100-104    0.52182  0.94190  1.61     663     625    1197     1254   1.89
2010-2014    105-109    0.67316  0.97507  1.36      39      38      56       57   1.48
2010-2014    110+       0.78313  1.00000  1.28       1       1       1        1   1.28
2015-2019        0      0.00201  0.00201  0.15  100000     201   99828  7876981  78.77
2015-2019      1-4      0.00013  0.00053  1.54   99799      53  399066  7777153  77.93
2015-2019      5-9      0.00006  0.00032  2.20   99746      32  498640  7378087  73.97
2015-2019     10-14     0.00009  0.00045  2.97   99714      45  498477  6879447  68.99
2015-2019     15-19     0.00043  0.00216  3.10   99669     216  497932  6380970  64.02
2015-2019     20-24     0.00075  0.00376  2.51   99453     374  496335  5883037  59.15
2015-2019     25-29     0.00084  0.00420  2.49   99079     416  494354  5386703  54.37
2015-2019     30-34     0.00096  0.00481  2.56   98664     474  492161  4892349  49.59
2015-2019     35-39     0.00121  0.00602  2.65   98189     592  489558  4400189  44.81
2015-2019     40-44     0.00168  0.00836  2.70   97598     816  486112  3910630  40.07
2015-2019     45-49     0.00255  0.01265  2.70   96781    1224  481085  3424518  35.38
2015-2019     50-54     0.00414  0.02052  2.65   95557    1960  473174  2943433  30.80
2015-2019     55-59     0.00659  0.03248  2.68   93597    3040  460936  2470259  26.39
2015-2019     60-64     0.01081  0.05271  2.68   90557    4773  441731  2009323  22.19
2015-2019     65-69     0.01632  0.07854  2.62   85784    6737  412874  1567591  18.27
2015-2019     70-74     0.02517  0.11874  2.62   79046    9386  372935  1154717  14.61
2015-2019     75-79     0.04088  0.18634  2.63   69660   12981  317565   781783  11.22
2015-2019     80-84     0.07192  0.30660  2.60   56680   17378  241646   464218   8.19
2015-2019     85-89     0.13273  0.49691  2.47   39302   19530  147138   222572   5.66
2015-2019     90-94     0.23177  0.70855  2.26   19772   14010   60445    75434   3.82
2015-2019     95-99     0.36787  0.86280  1.92    5762    4972   13515    14989   2.60
2015-2019    100-104    0.52975  0.94499  1.60     791     747    1410     1473   1.86
2015-2019    105-109    0.68763  0.97723  1.34      43      43      62       63   1.45
2015-2019    110+       0.79982  1.00000  1.25       1       1       1        1   1.25
