Germany, Life tables (period 5x1), Total	Last modified: 17 Dec 2018;  Methods Protocol: v6 (2017)

  Year          Age         mx       qx    ax      lx      dx      Lx       Tx     ex
  1990           0      0.00712  0.00708  0.13  100000     708   99388  7534910  75.35
  1990         1-4      0.00042  0.00169  1.64   99292     167  396775  7435523  74.89
  1990         5-9      0.00022  0.00110  2.35   99125     109  495336  7038747  71.01
  1990        10-14     0.00021  0.00104  2.75   99016     103  494848  6543412  66.08
  1990        15-19     0.00056  0.00278  2.95   98913     275  494001  6048563  61.15
  1990        20-24     0.00076  0.00379  2.46   98638     374  492240  5554562  56.31
  1990        25-29     0.00079  0.00397  2.57   98264     390  490375  5062323  51.52
  1990        30-34     0.00106  0.00530  2.64   97874     519  488146  4571948  46.71
  1990        35-39     0.00154  0.00769  2.64   97355     748  485013  4083802  41.95
  1990        40-44     0.00222  0.01102  2.65   96607    1064  480537  3598789  37.25
  1990        45-49     0.00357  0.01771  2.64   95543    1692  473727  3118252  32.64
  1990        50-54     0.00560  0.02765  2.68   93851    2595  463224  2644525  28.18
  1990        55-59     0.00919  0.04497  2.66   91256    4104  446688  2181301  23.90
  1990        60-64     0.01405  0.06795  2.61   87152    5922  421588  1734613  19.90
  1990        65-69     0.02108  0.10041  2.65   81230    8157  386953  1313025  16.16
  1990        70-74     0.03381  0.15626  2.58   73073   11418  337758   926071  12.67
  1990        75-79     0.05818  0.25519  2.60   61655   15733  270439   588314   9.54
  1990        80-84     0.10064  0.40254  2.52   45922   18486  183672   317874   6.92
  1990        85-89     0.16868  0.58294  2.35   27436   15993   94818   134202   4.89
  1990        90-94     0.26545  0.75242  2.12   11443    8610   32435    39385   3.44
  1990        95-99     0.39385  0.87968  1.86    2833    2492    6328     6950   2.45
  1990       100-104    0.54152  0.94759  1.57     341     323     596      622   1.83
  1990       105-109    0.68564  0.97661  1.34      18      17      25       26   1.45
  1990       110+       0.79043  1.00000  1.27       0       0       1        1   1.27
  1991           0      0.00650  0.00647  0.14  100000     647   99441  7556479  75.56
  1991         1-4      0.00040  0.00161  1.66   99353     160  397041  7457038  75.06
  1991         5-9      0.00020  0.00098  2.36   99194      97  495713  7059997  71.17
  1991        10-14     0.00018  0.00091  2.62   99097      90  495271  6564284  66.24
  1991        15-19     0.00058  0.00290  2.97   99007     288  494451  6069014  61.30
  1991        20-24     0.00076  0.00380  2.48   98719     375  492652  5574563  56.47
  1991        25-29     0.00083  0.00416  2.58   98344     409  490729  5081912  51.67
  1991        30-34     0.00110  0.00549  2.63   97935     538  488398  4591183  46.88
  1991        35-39     0.00157  0.00784  2.63   97397     764  485174  4102785  42.12
  1991        40-44     0.00228  0.01133  2.64   96633    1095  480578  3617611  37.44
  1991        45-49     0.00359  0.01779  2.67   95538    1700  473723  3137033  32.84
  1991        50-54     0.00557  0.02748  2.67   93838    2579  463178  2663309  28.38
  1991        55-59     0.00889  0.04355  2.68   91260    3975  447077  2200131  24.11
  1991        60-64     0.01413  0.06835  2.62   87285    5966  422224  1753054  20.08
  1991        65-69     0.02061  0.09828  2.64   81319    7992  387698  1330830  16.37
  1991        70-74     0.03333  0.15437  2.62   73327   11320  339657   943132  12.86
  1991        75-79     0.05598  0.24700  2.62   62008   15316  273592   603475   9.73
  1991        80-84     0.09753  0.39304  2.53   46692   18352  188163   329883   7.07
  1991        85-89     0.16429  0.57321  2.36   28340   16245   98877   141720   5.00
  1991        90-94     0.25604  0.74029  2.15   12095    8954   34970    42843   3.54
  1991        95-99     0.38463  0.87321  1.87    3141    2743    7131     7873   2.51
  1991       100-104    0.53090  0.94431  1.59     398     376     708      741   1.86
  1991       105-109    0.67527  0.97519  1.35      22      22      32       33   1.48
  1991       110+       0.78139  1.00000  1.28       1       1       1        1   1.28
  1992           0      0.00609  0.00606  0.14  100000     606   99477  7600862  76.01
  1992         1-4      0.00035  0.00140  1.65   99394     139  397248  7501386  75.47
  1992         5-9      0.00018  0.00089  2.29   99255      88  496036  7104138  71.57
  1992        10-14     0.00017  0.00085  2.59   99167      85  495630  6608102  66.64
  1992        15-19     0.00054  0.00271  3.04   99082     269  494885  6112472  61.69
  1992        20-24     0.00075  0.00372  2.46   98814     367  493136  5617586  56.85
  1992        25-29     0.00080  0.00397  2.57   98446     391  491283  5124450  52.05
  1992        30-34     0.00106  0.00527  2.65   98055     517  489062  4633167  47.25
  1992        35-39     0.00153  0.00763  2.65   97538     744  485943  4144105  42.49
  1992        40-44     0.00227  0.01127  2.65   96794    1091  481404  3658162  37.79
  1992        45-49     0.00347  0.01720  2.68   95704    1646  474696  3176758  33.19
  1992        50-54     0.00534  0.02637  2.65   94058    2480  464466  2702062  28.73
  1992        55-59     0.00865  0.04238  2.69   91578    3881  448911  2237596  24.43
  1992        60-64     0.01378  0.06675  2.64   87697    5854  424686  1788685  20.40
  1992        65-69     0.01995  0.09526  2.63   81843    7796  390737  1364000  16.67
  1992        70-74     0.03210  0.14908  2.61   74047   11039  343880   973263  13.14
  1992        75-79     0.05365  0.23766  2.60   63008   14975  279107   629383   9.99
  1992        80-84     0.09248  0.37650  2.53   48033   18085  195544   350275   7.29
  1992        85-89     0.15621  0.55423  2.38   29949   16598  106257   154732   5.17
  1992        90-94     0.24870  0.72877  2.16   13350    9729   39120    48475   3.63
  1992        95-99     0.37172  0.86374  1.90    3621    3128    8414     9355   2.58
  1992       100-104    0.51730  0.93990  1.61     493     464     896      941   1.91
  1992       105-109    0.66308  0.97345  1.37      30      29      44       45   1.50
  1992       110+       0.77145  1.00000  1.30       1       1       1        1   1.30
  1993           0      0.00579  0.00576  0.14  100000     576   99503  7608935  76.09
  1993         1-4      0.00034  0.00136  1.65   99424     135  397380  7509431  75.53
  1993         5-9      0.00017  0.00084  2.39   99290      84  496229  7112051  71.63
  1993        10-14     0.00018  0.00089  2.69   99206      89  495824  6615822  66.69
  1993        15-19     0.00055  0.00273  3.00   99117     270  495043  6119998  61.75
  1993        20-24     0.00071  0.00356  2.48   98847     352  493346  5624955  56.91
  1993        25-29     0.00073  0.00366  2.56   98495     361  491596  5131608  52.10
  1993        30-34     0.00102  0.00508  2.67   98134     499  489510  4640012  47.28
  1993        35-39     0.00150  0.00749  2.69   97636     732  486490  4150501  42.51
  1993        40-44     0.00225  0.01122  2.66   96904    1087  481972  3664012  37.81
  1993        45-49     0.00347  0.01721  2.70   95817    1649  475287  3182040  33.21
  1993        50-54     0.00534  0.02635  2.65   94168    2481  465022  2706753  28.74
  1993        55-59     0.00840  0.04121  2.69   91687    3778  449705  2241731  24.45
  1993        60-64     0.01373  0.06651  2.66   87909    5846  425871  1792026  20.39
  1993        65-69     0.02013  0.09604  2.61   82062    7881  391480  1366155  16.65
  1993        70-74     0.03234  0.15017  2.63   74181   11140  344453   974675  13.14
  1993        75-79     0.05336  0.23658  2.61   63041   14914  279520   630221  10.00
  1993        80-84     0.09194  0.37478  2.54   48127   18037  196176   350701   7.29
  1993        85-89     0.15672  0.55567  2.38   30090   16720  106688   154525   5.14
  1993        90-94     0.25293  0.73530  2.15   13370    9831   38868    47837   3.58
  1993        95-99     0.37962  0.86999  1.89    3539    3079    8110     8970   2.53
  1993       100-104    0.52888  0.94389  1.59     460     434     821      859   1.87
  1993       105-109    0.67622  0.97541  1.35      26      25      37       38   1.47
  1993       110+       0.78401  1.00000  1.28       1       1       1        1   1.28
  1994           0      0.00551  0.00549  0.14  100000     549   99527  7638830  76.39
  1994         1-4      0.00034  0.00136  1.61   99451     135  397483  7539303  75.81
  1994         5-9      0.00016  0.00079  2.41   99317      79  496380  7141819  71.91
  1994        10-14     0.00016  0.00082  2.59   99238      81  495995  6645440  66.96
  1994        15-19     0.00056  0.00278  2.93   99157     276  495215  6149445  62.02
  1994        20-24     0.00070  0.00347  2.46   98881     344  493534  5654230  57.18
  1994        25-29     0.00071  0.00354  2.56   98538     349  491836  5160696  52.37
  1994        30-34     0.00100  0.00498  2.65   98189     489  489793  4668861  47.55
  1994        35-39     0.00147  0.00732  2.63   97700     715  486804  4179067  42.77
  1994        40-44     0.00225  0.01117  2.64   96984    1084  482365  3692263  38.07
  1994        45-49     0.00340  0.01685  2.68   95901    1616  475753  3209899  33.47
  1994        50-54     0.00524  0.02589  2.65   94285    2441  465693  2734146  29.00
  1994        55-59     0.00814  0.03997  2.69   91844    3671  450737  2268453  24.70
  1994        60-64     0.01328  0.06439  2.68   88173    5678  427676  1817716  20.62
  1994        65-69     0.01998  0.09531  2.60   82496    7863  393603  1390040  16.85
  1994        70-74     0.03176  0.14790  2.68   74633   11038  347545   996437  13.35
  1994        75-79     0.05076  0.22686  2.66   63595   14427  284223   648892  10.20
  1994        80-84     0.08906  0.36538  2.54   49167   17965  201718   364669   7.42
  1994        85-89     0.15328  0.54739  2.39   31203   17080  111433   162951   5.22
  1994        90-94     0.24668  0.72643  2.17   14123   10259   41589    51518   3.65
  1994        95-99     0.37368  0.86567  1.90    3864    3345    8950     9929   2.57
  1994       100-104    0.52322  0.94212  1.60     519     489     934      979   1.89
  1994       105-109    0.67173  0.97481  1.36      30      29      44       45   1.48
  1994       110+       0.78079  1.00000  1.28       1       1       1        1   1.28
  1995           0      0.00531  0.00528  0.14  100000     528   99545  7656017  76.56
  1995         1-4      0.00031  0.00125  1.60   99472     124  397589  7556472  75.97
  1995         5-9      0.00016  0.00077  2.33   99347      77  496531  7158884  72.06
  1995        10-14     0.00015  0.00077  2.76   99270      77  496180  6662352  67.11
  1995        15-19     0.00056  0.00277  3.02   99194     275  495423  6166173  62.16
  1995        20-24     0.00070  0.00350  2.46   98918     346  493712  5670749  57.33
  1995        25-29     0.00070  0.00348  2.59   98572     343  492035  5177038  52.52
  1995        30-34     0.00093  0.00465  2.66   98229     457  490078  4685003  47.69
  1995        35-39     0.00144  0.00717  2.68   97772     701  487236  4194925  42.91
  1995        40-44     0.00224  0.01113  2.67   97071    1080  482844  3707689  38.20
  1995        45-49     0.00330  0.01639  2.67   95991    1573  476295  3224845  33.60
  1995        50-54     0.00515  0.02546  2.62   94418    2404  466375  2748551  29.11
  1995        55-59     0.00792  0.03889  2.68   92014    3578  451758  2282175  24.80
  1995        60-64     0.01299  0.06302  2.66   88436    5573  429155  1830417  20.70
  1995        65-69     0.02010  0.09591  2.61   82863    7947  395298  1401263  16.91
  1995        70-74     0.03078  0.14351  2.64   74916   10751  349250  1005965  13.43
  1995        75-79     0.05082  0.22616  2.57   64165   14511  285570   656715  10.23
  1995        80-84     0.08818  0.36193  2.53   49654   17971  203806   371145   7.47
  1995        85-89     0.15043  0.54134  2.41   31683   17151  114015   167339   5.28
  1995        90-94     0.24522  0.72508  2.18   14532   10537   42968    53324   3.67
  1995        95-99     0.37006  0.86290  1.91    3995    3447    9315    10356   2.59
  1995       100-104    0.51916  0.94077  1.61     548     515     993     1041   1.90
  1995       105-109    0.66792  0.97426  1.37      32      32      47       48   1.49
  1995       110+       0.77758  1.00000  1.29       1       1       1        1   1.29
  1996           0      0.00510  0.00508  0.14  100000     508   99563  7679015  76.79
  1996         1-4      0.00027  0.00109  1.62   99492     109  397711  7579452  76.18
  1996         5-9      0.00013  0.00067  2.31   99384      66  496740  7181741  72.26
  1996        10-14     0.00015  0.00075  2.75   99317      74  496420  6685000  67.31
  1996        15-19     0.00053  0.00263  2.99   99243     261  495691  6188580  62.36
  1996        20-24     0.00069  0.00345  2.44   98982     341  494037  5692890  57.51
  1996        25-29     0.00069  0.00343  2.60   98641     339  492391  5198853  52.70
  1996        30-34     0.00090  0.00449  2.64   98302     441  490471  4706462  47.88
  1996        35-39     0.00136  0.00676  2.66   97861     662  487757  4215991  43.08
  1996        40-44     0.00215  0.01069  2.68   97199    1039  483587  3728233  38.36
  1996        45-49     0.00328  0.01627  2.66   96160    1565  477140  3244646  33.74
  1996        50-54     0.00511  0.02525  2.65   94596    2388  467375  2767506  29.26
  1996        55-59     0.00766  0.03764  2.68   92207    3471  452975  2300130  24.95
  1996        60-64     0.01264  0.06137  2.66   88736    5446  430956  1847156  20.82
  1996        65-69     0.01998  0.09534  2.61   83290    7941  397500  1416200  17.00
  1996        70-74     0.03019  0.14092  2.65   75349   10618  351761  1018700  13.52
  1996        75-79     0.05016  0.22377  2.59   64731   14485  288793   666938  10.30
  1996        80-84     0.08671  0.35752  2.55   50246   17964  207159   378145   7.53
  1996        85-89     0.14939  0.53877  2.41   32282   17393  116423   170986   5.30
  1996        90-94     0.24535  0.72554  2.18   14889   10803   44031    54563   3.66
  1996        95-99     0.37237  0.86493  1.90    4087    3535    9492    10532   2.58
  1996       100-104    0.52401  0.94253  1.60     552     520     993     1040   1.88
  1996       105-109    0.67441  0.97524  1.36      32      31      46       47   1.48
  1996       110+       0.78433  1.00000  1.27       1       1       1        1   1.27
  1997           0      0.00485  0.00483  0.14  100000     483   99584  7722702  77.23
  1997         1-4      0.00029  0.00115  1.63   99517     114  397797  7623118  76.60
  1997         5-9      0.00013  0.00066  2.47   99403      65  496850  7225320  72.69
  1997        10-14     0.00014  0.00069  2.74   99338      69  496534  6728470  67.73
  1997        15-19     0.00053  0.00265  3.08   99269     263  495841  6231936  62.78
  1997        20-24     0.00064  0.00320  2.47   99006     317  494229  5736095  57.94
  1997        25-29     0.00064  0.00321  2.56   98689     317  492673  5241866  53.11
  1997        30-34     0.00083  0.00413  2.64   98372     407  490902  4749193  48.28
  1997        35-39     0.00128  0.00638  2.67   97966     625  488372  4258290  43.47
  1997        40-44     0.00208  0.01034  2.70   97340    1007  484387  3769918  38.73
  1997        45-49     0.00320  0.01587  2.64   96334    1529  478054  3285531  34.11
  1997        50-54     0.00494  0.02442  2.65   94805    2315  468592  2807477  29.61
  1997        55-59     0.00736  0.03617  2.65   92490    3345  454598  2338885  25.29
  1997        60-64     0.01199  0.05834  2.67   89145    5201  433605  1884286  21.14
  1997        65-69     0.01930  0.09231  2.64   83944    7749  401447  1450681  17.28
  1997        70-74     0.02912  0.13617  2.62   76195   10375  356267  1049235  13.77
  1997        75-79     0.04819  0.21578  2.58   65819   14203  294731   692968  10.53
  1997        80-84     0.08357  0.34684  2.55   51617   17903  214221   398236   7.72
  1997        85-89     0.14279  0.52254  2.43   33714   17617  123378   184016   5.46
  1997        90-94     0.23696  0.71276  2.21   16097   11473   48419    60638   3.77
  1997        95-99     0.36192  0.85676  1.93    4624    3961   10946    12220   2.64
  1997       100-104    0.51244  0.93864  1.62     662     622    1213     1274   1.92
  1997       105-109    0.66363  0.97370  1.37      41      40      60       61   1.50
  1997       110+       0.77532  1.00000  1.29       1       1       1        1   1.29
  1998           0      0.00461  0.00459  0.14  100000     459   99605  7757788  77.58
  1998         1-4      0.00027  0.00107  1.53   99541     106  397901  7658183  76.94
  1998         5-9      0.00012  0.00058  2.41   99435      57  497025  7260282  73.02
  1998        10-14     0.00015  0.00073  2.79   99377      73  496726  6763257  68.06
  1998        15-19     0.00048  0.00242  2.98   99305     240  496039  6266531  63.10
  1998        20-24     0.00062  0.00310  2.39   99065     307  494520  5770492  58.25
  1998        25-29     0.00060  0.00299  2.55   98757     295  493063  5275972  53.42
  1998        30-34     0.00074  0.00371  2.66   98462     366  491452  4782908  48.58
  1998        35-39     0.00118  0.00588  2.70   98096     577  489157  4291456  43.75
  1998        40-44     0.00200  0.00995  2.68   97520     971  485343  3802299  38.99
  1998        45-49     0.00310  0.01539  2.66   96549    1485  479268  3316955  34.36
  1998        50-54     0.00470  0.02325  2.68   95064    2211  470181  2837687  29.85
  1998        55-59     0.00715  0.03518  2.66   92853    3267  456621  2367506  25.50
  1998        60-64     0.01147  0.05585  2.68   89586    5004  436317  1910885  21.33
  1998        65-69     0.01870  0.08957  2.66   84583    7576  405162  1474568  17.43
  1998        70-74     0.02864  0.13402  2.61   77007   10321  360405  1069406  13.89
  1998        75-79     0.04725  0.21212  2.59   66686   14145  299387   709001  10.63
  1998        80-84     0.08155  0.34035  2.57   52541   17882  219266   409614   7.80
  1998        85-89     0.14128  0.51815  2.43   34659   17958  127112   190347   5.49
  1998        90-94     0.23522  0.71007  2.21   16700   11858   50413    63235   3.79
  1998        95-99     0.36102  0.85619  1.93    4842    4146   11483    12822   2.65
  1998       100-104    0.51271  0.93882  1.62     696     654    1275     1339   1.92
  1998       105-109    0.66496  0.97393  1.37      43      41      62       64   1.50
  1998       110+       0.77715  1.00000  1.29       1       1       1        1   1.29
  1999           0      0.00449  0.00447  0.14  100000     447   99616  7780677  77.81
  1999         1-4      0.00025  0.00101  1.65   99553     101  397975  7681062  77.16
  1999         5-9      0.00013  0.00065  2.49   99452      64  497099  7283087  73.23
  1999        10-14     0.00014  0.00072  2.77   99388      72  496779  6785988  68.28
  1999        15-19     0.00050  0.00248  2.99   99316     246  496086  6289209  63.33
  1999        20-24     0.00064  0.00319  2.47   99070     317  494549  5793123  58.48
  1999        25-29     0.00061  0.00304  2.52   98753     301  493021  5298575  53.65
  1999        30-34     0.00071  0.00356  2.62   98453     350  491429  4805554  48.81
  1999        35-39     0.00115  0.00574  2.72   98102     563  489228  4314124  43.98
  1999        40-44     0.00194  0.00966  2.70   97539     942  485526  3824896  39.21
  1999        45-49     0.00304  0.01510  2.64   96596    1458  479546  3339371  34.57
  1999        50-54     0.00466  0.02305  2.66   95138    2193  470560  2859825  30.06
  1999        55-59     0.00697  0.03430  2.64   92945    3188  457189  2389265  25.71
  1999        60-64     0.01101  0.05370  2.68   89757    4820  437618  1932076  21.53
  1999        65-69     0.01810  0.08684  2.68   84937    7376  407540  1494458  17.59
  1999        70-74     0.02819  0.13202  2.60   77561   10239  363280  1086918  14.01
  1999        75-79     0.04675  0.21077  2.67   67322   14190  303545   723638  10.75
  1999        80-84     0.07924  0.33333  2.62   53132   17711  223518   420093   7.91
  1999        85-89     0.13867  0.51187  2.44   35421   18131  130751   196576   5.55
  1999        90-94     0.23282  0.70665  2.22   17290   12218   52479    65825   3.81
  1999        95-99     0.36342  0.85856  1.93    5072    4355   11982    13345   2.63
  1999       100-104    0.51913  0.94126  1.61     717     675    1301     1363   1.90
  1999       105-109    0.67426  0.97536  1.36      42      41      61       62   1.48
  1999       110+       0.78715  1.00000  1.27       1       1       1        1   1.27
  2000           0      0.00437  0.00435  0.14  100000     435   99626  7806389  78.06
  2000         1-4      0.00024  0.00097  1.54   99565      96  398022  7706764  77.40
  2000         5-9      0.00012  0.00058  2.47   99468      57  497197  7308741  73.48
  2000        10-14     0.00013  0.00066  2.67   99411      65  496904  6811544  68.52
  2000        15-19     0.00046  0.00228  3.02   99346     226  496281  6314641  63.56
  2000        20-24     0.00063  0.00314  2.43   99120     311  494796  5818359  58.70
  2000        25-29     0.00059  0.00295  2.56   98808     291  493330  5323563  53.88
  2000        30-34     0.00072  0.00358  2.65   98517     352  491758  4830233  49.03
  2000        35-39     0.00110  0.00549  2.71   98165     539  489588  4338475  44.20
  2000        40-44     0.00191  0.00951  2.71   97626     928  486007  3848887  39.42
  2000        45-49     0.00304  0.01507  2.67   96698    1457  480099  3362880  34.78
  2000        50-54     0.00460  0.02274  2.66   95240    2166  471139  2882781  30.27
  2000        55-59     0.00695  0.03417  2.64   93075    3181  457851  2411642  25.91
  2000        60-64     0.01069  0.05212  2.65   89894    4685  438444  1953791  21.73
  2000        65-69     0.01755  0.08428  2.64   85209    7182  409117  1515348  17.78
  2000        70-74     0.02775  0.13008  2.60   78027   10150  365746  1106231  14.18
  2000        75-79     0.04443  0.20100  2.63   67878   13643  307090   740485  10.91
  2000        80-84     0.07743  0.32538  2.55   54234   17647  227904   433395   7.99
  2000        85-89     0.13710  0.50693  2.43   36587   18547  135285   205491   5.62
  2000        90-94     0.22718  0.69709  2.23   18040   12575   55355    70206   3.89
  2000        95-99     0.35050  0.84738  1.95    5465    4631   13211    14851   2.72
  2000       100-104    0.50068  0.93451  1.65     834     779    1557     1640   1.97
  2000       105-109    0.65365  0.97223  1.39      55      53      81       83   1.52
  2000       110+       0.76777  1.00000  1.30       2       2       2        2   1.30
  2001           0      0.00421  0.00420  0.14  100000     420   99639  7841009  78.41
  2001         1-4      0.00025  0.00102  1.61   99580     101  398078  7741370  77.74
  2001         5-9      0.00011  0.00055  2.47   99479      55  497255  7343292  73.82
  2001        10-14     0.00014  0.00069  2.84   99424      69  496970  6846038  68.86
  2001        15-19     0.00043  0.00216  3.06   99355     215  496357  6349068  63.90
  2001        20-24     0.00058  0.00289  2.41   99140     287  494956  5852711  59.03
  2001        25-29     0.00054  0.00269  2.53   98853     266  493611  5357755  54.20
  2001        30-34     0.00065  0.00326  2.62   98588     322  492172  4864144  49.34
  2001        35-39     0.00107  0.00535  2.69   98266     526  490115  4371972  44.49
  2001        40-44     0.00180  0.00896  2.70   97740     876  486688  3881857  39.72
  2001        45-49     0.00299  0.01483  2.67   96865    1437  480972  3395169  35.05
  2001        50-54     0.00450  0.02227  2.66   95428    2125  472176  2914198  30.54
  2001        55-59     0.00686  0.03378  2.65   93303    3151  459119  2442021  26.17
  2001        60-64     0.01031  0.05033  2.66   90151    4538  440147  1982902  22.00
  2001        65-69     0.01675  0.08061  2.67   85614    6901  412003  1542756  18.02
  2001        70-74     0.02707  0.12714  2.62   78713   10008  369711  1130753  14.37
  2001        75-79     0.04314  0.19576  2.64   68705   13449  311735   761042  11.08
  2001        80-84     0.07525  0.31780  2.56   55255   17560  233370   449307   8.13
  2001        85-89     0.13239  0.49517  2.46   37695   18666  140986   215937   5.73
  2001        90-94     0.22352  0.69125  2.24   19030   13154   58850    74951   3.94
  2001        95-99     0.34705  0.84462  1.96    5875    4963   14299    16100   2.74
  2001       100-104    0.49870  0.93392  1.65     913     853    1710     1801   1.97
  2001       105-109    0.65363  0.97230  1.39      60      59      90       92   1.52
  2001       110+       0.76909  1.00000  1.30       2       2       2        2   1.30
  2002           0      0.00418  0.00416  0.14  100000     416   99642  7848324  78.48
  2002         1-4      0.00023  0.00093  1.55   99584      92  398108  7748682  77.81
  2002         5-9      0.00010  0.00052  2.22   99491      52  497312  7350574  73.88
  2002        10-14     0.00012  0.00062  2.69   99439      62  497055  6853262  68.92
  2002        15-19     0.00043  0.00215  2.98   99378     214  496456  6356207  63.96
  2002        20-24     0.00056  0.00280  2.46   99164     278  495111  5859751  59.09
  2002        25-29     0.00052  0.00260  2.55   98886     257  493798  5364640  54.25
  2002        30-34     0.00064  0.00320  2.64   98628     316  492396  4870842  49.39
  2002        35-39     0.00101  0.00503  2.71   98313     495  490428  4378446  44.54
  2002        40-44     0.00177  0.00883  2.72   97818     864  487121  3888017  39.75
  2002        45-49     0.00300  0.01488  2.66   96954    1443  481399  3400896  35.08
  2002        50-54     0.00454  0.02244  2.65   95511    2143  472521  2919497  30.57
  2002        55-59     0.00679  0.03341  2.64   93368    3120  459491  2446977  26.21
  2002        60-64     0.01011  0.04935  2.65   90248    4454  440754  1987486  22.02
  2002        65-69     0.01638  0.07888  2.66   85794    6767  413146  1546732  18.03
  2002        70-74     0.02701  0.12696  2.64   79027   10033  371456  1133586  14.34
  2002        75-79     0.04286  0.19444  2.61   68994   13415  312965   762130  11.05
  2002        80-84     0.07570  0.31929  2.55   55579   17746  234416   449165   8.08
  2002        85-89     0.13394  0.49970  2.46   37833   18905  141152   214748   5.68
  2002        90-94     0.22680  0.69704  2.24   18928   13193   58171    73597   3.89
  2002        95-99     0.35435  0.85114  1.95    5734    4881   13774    15425   2.69
  2002       100-104    0.50919  0.93789  1.63     854     801    1572     1652   1.93
  2002       105-109    0.66545  0.97414  1.37      53      52      78       79   1.50
  2002       110+       0.78030  1.00000  1.28       1       1       2        2   1.28
  2003           0      0.00420  0.00418  0.14  100000     418   99640  7854579  78.55
  2003         1-4      0.00023  0.00090  1.56   99582      90  398107  7754938  77.88
  2003         5-9      0.00012  0.00060  2.38   99492      60  497303  7356831  73.94
  2003        10-14     0.00013  0.00064  2.74   99432      63  497018  6859528  68.99
  2003        15-19     0.00040  0.00199  2.95   99369     197  496440  6362510  64.03
  2003        20-24     0.00053  0.00264  2.45   99172     262  495189  5866070  59.15
  2003        25-29     0.00054  0.00269  2.48   98909     266  493879  5370880  54.30
  2003        30-34     0.00064  0.00320  2.64   98644     315  492473  4877002  49.44
  2003        35-39     0.00099  0.00492  2.70   98328     484  490528  4384529  44.59
  2003        40-44     0.00171  0.00852  2.73   97844     833  487325  3894001  39.80
  2003        45-49     0.00294  0.01459  2.69   97011    1415  481781  3406676  35.12
  2003        50-54     0.00449  0.02222  2.65   95596    2124  472987  2924896  30.60
  2003        55-59     0.00676  0.03325  2.67   93472    3108  460110  2451908  26.23
  2003        60-64     0.00994  0.04854  2.65   90363    4387  441514  1991798  22.04
  2003        65-69     0.01603  0.07725  2.67   85977    6642  414433  1550285  18.03
  2003        70-74     0.02681  0.12610  2.65   79335   10004  373196  1135852  14.32
  2003        75-79     0.04314  0.19550  2.61   69330   13554  314217   762656  11.00
  2003        80-84     0.07594  0.32013  2.55   55776   17855  235112   448439   8.04
  2003        85-89     0.13542  0.50431  2.47   37921   19124  141224   213326   5.63
  2003        90-94     0.23040  0.70250  2.22   18797   13205   57313    72102   3.84
  2003        95-99     0.36117  0.85699  1.93    5592    4792   13269    14789   2.64
  2003       100-104    0.51874  0.94129  1.62     800     753    1451     1520   1.90
  2003       105-109    0.67590  0.97566  1.35      47      46      68       69   1.47
  2003       110+       0.78992  1.00000  1.27       1       1       1        1   1.27
  2004           0      0.00414  0.00413  0.14  100000     413   99645  7913018  79.13
  2004         1-4      0.00021  0.00084  1.59   99587      84  398147  7813373  78.46
  2004         5-9      0.00010  0.00048  2.32   99504      48  497389  7415226  74.52
  2004        10-14     0.00010  0.00052  2.68   99456      52  497159  6917837  69.56
  2004        15-19     0.00037  0.00185  2.97   99404     183  496648  6420678  64.59
  2004        20-24     0.00049  0.00247  2.49   99221     245  495489  5924030  59.71
  2004        25-29     0.00049  0.00246  2.51   98976     243  494272  5428541  54.85
  2004        30-34     0.00060  0.00300  2.65   98732     296  492967  4934269  49.98
  2004        35-39     0.00092  0.00460  2.69   98436     453  491136  4441302  45.12
  2004        40-44     0.00162  0.00805  2.73   97983     789  488128  3950166  40.31
  2004        45-49     0.00281  0.01395  2.70   97194    1356  482854  3462038  35.62
  2004        50-54     0.00433  0.02144  2.65   95839    2055  474371  2979184  31.09
  2004        55-59     0.00651  0.03208  2.66   93784    3009  461891  2504813  26.71
  2004        60-64     0.00964  0.04711  2.63   90775    4276  443735  2042921  22.51
  2004        65-69     0.01511  0.07297  2.68   86499    6312  417830  1599186  18.49
  2004        70-74     0.02505  0.11832  2.66   80187    9487  378767  1181356  14.73
  2004        75-79     0.04119  0.18748  2.61   70700   13255  321772   802589  11.35
  2004        80-84     0.07254  0.30960  2.64   57445   17785  245178   480817   8.37
  2004        85-89     0.12420  0.47517  2.53   39660   18845  151732   235639   5.94
  2004        90-94     0.21620  0.67814  2.25   20815   14115   65290    83907   4.03
  2004        95-99     0.34125  0.83992  1.98    6699    5627   16489    18617   2.78
  2004       100-104    0.49577  0.93310  1.66    1072    1001    2018     2128   1.98
  2004       105-109    0.65424  0.97251  1.39      72      70     107      109   1.52
  2004       110+       0.77200  1.00000  1.30       2       2       3        3   1.30
  2005           0      0.00386  0.00385  0.14  100000     385   99669  7926147  79.26
  2005         1-4      0.00021  0.00083  1.57   99615      83  398258  7826477  78.57
  2005         5-9      0.00011  0.00054  2.36   99532      54  497517  7428220  74.63
  2005        10-14     0.00012  0.00060  2.78   99478      60  497257  6930703  69.67
  2005        15-19     0.00032  0.00162  2.94   99418     161  496760  6433446  64.71
  2005        20-24     0.00045  0.00225  2.50   99257     223  495727  5936686  59.81
  2005        25-29     0.00047  0.00237  2.54   99034     234  494593  5440958  54.94
  2005        30-34     0.00059  0.00296  2.61   98799     292  493298  4946365  50.06
  2005        35-39     0.00087  0.00435  2.69   98507     428  491545  4453066  45.21
  2005        40-44     0.00156  0.00776  2.74   98079     761  488673  3961521  40.39
  2005        45-49     0.00273  0.01357  2.71   97318    1321  483562  3472849  35.69
  2005        50-54     0.00433  0.02143  2.67   95997    2057  475193  2989287  31.14
  2005        55-59     0.00647  0.03185  2.62   93940    2992  462591  2514094  26.76
  2005        60-64     0.00962  0.04703  2.61   90947    4277  444522  2051504  22.56
  2005        65-69     0.01464  0.07077  2.66   86670    6134  418977  1606981  18.54
  2005        70-74     0.02440  0.11539  2.65   80536    9293  380839  1188004  14.75
  2005        75-79     0.04102  0.18684  2.62   71243   13311  324483   807165  11.33
  2005        80-84     0.07126  0.30427  2.60   57932   17627  247369   482682   8.33
  2005        85-89     0.12673  0.47902  2.45   40305   19307  152345   235313   5.84
  2005        90-94     0.22178  0.68636  2.22   20998   14413   64987    82969   3.95
  2005        95-99     0.34811  0.84627  1.96    6586    5573   16011    17981   2.73
  2005       100-104    0.50588  0.93699  1.64    1012     949    1875     1971   1.95
  2005       105-109    0.66566  0.97428  1.37      64      62      93       95   1.50
  2005       110+       0.78271  1.00000  1.28       2       2       2        2   1.28
  2006           0      0.00380  0.00379  0.14  100000     379   99675  7959055  79.59
  2006         1-4      0.00019  0.00074  1.62   99621      74  398307  7859381  78.89
  2006         5-9      0.00009  0.00045  2.43   99547      45  497618  7461074  74.95
  2006        10-14     0.00011  0.00053  2.82   99502      53  497393  6963455  69.98
  2006        15-19     0.00032  0.00159  2.98   99449     158  496926  6466062  65.02
  2006        20-24     0.00043  0.00214  2.48   99291     212  495921  5969136  60.12
  2006        25-29     0.00044  0.00221  2.51   99079     219  494851  5473215  55.24
  2006        30-34     0.00055  0.00277  2.63   98861     274  493654  4978365  50.36
  2006        35-39     0.00085  0.00424  2.70   98587     418  491972  4484711  45.49
  2006        40-44     0.00148  0.00740  2.73   98169     726  489192  3992739  40.67
  2006        45-49     0.00262  0.01302  2.70   97442    1268  484290  3503547  35.96
  2006        50-54     0.00423  0.02094  2.66   96174    2014  476146  3019256  31.39
  2006        55-59     0.00632  0.03112  2.66   94160    2930  463936  2543110  27.01
  2006        60-64     0.00943  0.04611  2.62   91229    4207  446153  2079174  22.79
  2006        65-69     0.01401  0.06782  2.65   87022    5902  421267  1633021  18.77
  2006        70-74     0.02358  0.11173  2.67   81120    9064  384465  1211754  14.94
  2006        75-79     0.04000  0.18263  2.62   72056   13160  329001   827289  11.48
  2006        80-84     0.06957  0.29807  2.60   58897   17555  252357   498289   8.46
  2006        85-89     0.12413  0.47236  2.47   41341   19528  157318   245932   5.95
  2006        90-94     0.21409  0.67564  2.27   21813   14738   68840    88614   4.06
  2006        95-99     0.33892  0.83798  1.98    7076    5929   17494    19774   2.79
  2006       100-104    0.49439  0.93266  1.66    1146    1069    2163     2280   1.99
  2006       105-109    0.65379  0.97247  1.39      77      75     115      118   1.52
  2006       110+       0.77202  1.00000  1.30       2       2       3        3   1.30
  2007           0      0.00393  0.00391  0.14  100000     391   99664  7974196  79.74
  2007         1-4      0.00020  0.00079  1.60   99609      79  398246  7874532  79.05
  2007         5-9      0.00009  0.00046  2.30   99530      46  497527  7476286  75.12
  2007        10-14     0.00010  0.00049  2.71   99484      49  497310  6978760  70.15
  2007        15-19     0.00030  0.00152  2.98   99436     151  496873  6481449  65.18
  2007        20-24     0.00043  0.00215  2.48   99285     213  495886  5984576  60.28
  2007        25-29     0.00046  0.00228  2.56   99072     226  494806  5488690  55.40
  2007        30-34     0.00056  0.00279  2.62   98846     276  493573  4993883  50.52
  2007        35-39     0.00081  0.00404  2.70   98570     399  491932  4500311  45.66
  2007        40-44     0.00139  0.00693  2.74   98171     680  489316  4008378  40.83
  2007        45-49     0.00255  0.01267  2.71   97491    1235  484632  3519063  36.10
  2007        50-54     0.00415  0.02057  2.66   96256    1980  476651  3034431  31.52
  2007        55-59     0.00626  0.03083  2.63   94276    2907  464503  2557781  27.13
  2007        60-64     0.00936  0.04578  2.64   91369    4183  446955  2093277  22.91
  2007        65-69     0.01386  0.06708  2.64   87186    5849  422110  1646322  18.88
  2007        70-74     0.02269  0.10776  2.67   81338    8765  386235  1224213  15.05
  2007        75-79     0.03941  0.18026  2.63   72572   13082  331911   837977  11.55
  2007        80-84     0.06841  0.29349  2.58   59490   17460  255208   506066   8.51
  2007        85-89     0.12293  0.46833  2.46   42030   19684  160129   250858   5.97
  2007        90-94     0.21408  0.67599  2.27   22346   15106   70563    90730   4.06
  2007        95-99     0.34008  0.83934  1.98    7240    6077   17870    20167   2.79
  2007       100-104    0.49818  0.93427  1.66    1163    1087    2182     2297   1.97
  2007       105-109    0.65949  0.97340  1.38      76      74     113      115   1.51
  2007       110+       0.77811  1.00000  1.29       2       2       3        3   1.29
  2008           0      0.00351  0.00350  0.14  100000     350   99700  7982497  79.82
  2008         1-4      0.00020  0.00078  1.62   99650      78  398416  7882797  79.10
  2008         5-9      0.00009  0.00043  2.43   99572      43  497751  7484381  75.17
  2008        10-14     0.00010  0.00052  2.76   99529      51  497531  6986630  70.20
  2008        15-19     0.00029  0.00146  2.90   99478     145  497084  6489099  65.23
  2008        20-24     0.00041  0.00203  2.52   99333     201  496164  5992015  60.32
  2008        25-29     0.00045  0.00225  2.54   99131     223  495108  5495851  55.44
  2008        30-34     0.00055  0.00276  2.60   98908     273  493887  5000743  50.56
  2008        35-39     0.00080  0.00399  2.68   98635     394  492264  4506857  45.69
  2008        40-44     0.00135  0.00674  2.71   98241     662  489686  4014593  40.86
  2008        45-49     0.00248  0.01232  2.72   97579    1202  485158  3524907  36.12
  2008        50-54     0.00410  0.02032  2.68   96377    1958  477333  3039749  31.54
  2008        55-59     0.00620  0.03054  2.66   94418    2883  465333  2562416  27.14
  2008        60-64     0.00949  0.04642  2.63   91535    4249  447620  2097083  22.91
  2008        65-69     0.01368  0.06624  2.64   87286    5782  422791  1649462  18.90
  2008        70-74     0.02223  0.10572  2.68   81504    8617  387568  1226672  15.05
  2008        75-79     0.03915  0.17926  2.65   72888   13066  333762   839104  11.51
  2008        80-84     0.06881  0.29495  2.58   59822   17644  256404   505342   8.45
  2008        85-89     0.12462  0.47313  2.46   42177   19955  160125   248939   5.90
  2008        90-94     0.21811  0.68429  2.28   22222   15206   69718    88814   4.00
  2008        95-99     0.34905  0.84767  1.97    7016    5947   17038    19096   2.72
  2008       100-104    0.51167  0.93934  1.63    1069    1004    1962     2058   1.93
  2008       105-109    0.67477  0.97566  1.36      65      63      94       96   1.48
  2008       110+       0.79222  1.00000  1.26       2       2       2        2   1.26
  2009           0      0.00347  0.00346  0.14  100000     346   99703  7992649  79.93
  2009         1-4      0.00019  0.00077  1.62   99654      77  398432  7892946  79.20
  2009         5-9      0.00009  0.00044  2.28   99577      43  497767  7494514  75.26
  2009        10-14     0.00010  0.00051  2.79   99533      51  497555  6996747  70.30
  2009        15-19     0.00029  0.00142  2.86   99482     142  497110  6499193  65.33
  2009        20-24     0.00040  0.00198  2.48   99341     196  496209  6002083  60.42
  2009        25-29     0.00045  0.00226  2.55   99144     224  495172  5505874  55.53
  2009        30-34     0.00056  0.00282  2.59   98920     278  493932  5010701  50.65
  2009        35-39     0.00079  0.00395  2.68   98642     390  492304  4516769  45.79
  2009        40-44     0.00132  0.00658  2.73   98252     646  489792  4024465  40.96
  2009        45-49     0.00241  0.01197  2.73   97606    1168  485374  3534672  36.21
  2009        50-54     0.00405  0.02006  2.69   96438    1935  477712  3049299  31.62
  2009        55-59     0.00623  0.03069  2.65   94503    2900  465709  2571587  27.21
  2009        60-64     0.00929  0.04545  2.64   91603    4164  448171  2105878  22.99
  2009        65-69     0.01370  0.06637  2.63   87439    5803  423443  1657707  18.96
  2009        70-74     0.02169  0.10327  2.68   81636    8430  388613  1234263  15.12
  2009        75-79     0.03833  0.17592  2.67   73206   12878  335971   845651  11.55
  2009        80-84     0.06918  0.29655  2.59   60328   17890  258604   509679   8.45
  2009        85-89     0.12667  0.48180  2.52   42438   20446  161410   251075   5.92
  2009        90-94     0.21179  0.67758  2.34   21991   14901   70357    89665   4.08
  2009        95-99     0.34886  0.84753  1.97    7091    6009   17226    19308   2.72
  2009       100-104    0.51165  0.93935  1.63    1081    1016    1985     2082   1.93
  2009       105-109    0.67503  0.97571  1.36      66      64      95       97   1.48
  2009       110+       0.79268  1.00000  1.26       2       2       2        2   1.26
  2010           0      0.00348  0.00347  0.14  100000     347   99703  8008598  80.09
  2010         1-4      0.00018  0.00071  1.60   99653      71  398444  7908896  79.36
  2010         5-9      0.00009  0.00044  2.36   99583      44  497798  7510451  75.42
  2010        10-14     0.00009  0.00046  2.76   99539      46  497592  7012653  70.45
  2010        15-19     0.00027  0.00135  2.92   99493     134  497186  6515061  65.48
  2010        20-24     0.00038  0.00191  2.51   99359     190  496323  6017875  60.57
  2010        25-29     0.00046  0.00228  2.59   99169     226  495302  5521552  55.68
  2010        30-34     0.00055  0.00275  2.69   98943     272  494087  5026251  50.80
  2010        35-39     0.00080  0.00400  2.68   98671     395  492439  4532163  45.93
  2010        40-44     0.00130  0.00649  2.73   98276     637  489931  4039724  41.11
  2010        45-49     0.00229  0.01141  2.74   97639    1114  485677  3549793  36.36
  2010        50-54     0.00401  0.01984  2.69   96524    1916  478204  3064116  31.74
  2010        55-59     0.00614  0.03028  2.63   94609    2865  466268  2585912  27.33
  2010        60-64     0.00927  0.04534  2.63   91744    4160  448862  2119644  23.10
  2010        65-69     0.01364  0.06602  2.61   87585    5782  424079  1670782  19.08
  2010        70-74     0.02119  0.10096  2.66   81802    8259  389664  1246703  15.24
  2010        75-79     0.03777  0.17353  2.66   73544   12762  337898   857039  11.65
  2010        80-84     0.06774  0.29136  2.60   60782   17709  261445   519141   8.54
  2010        85-89     0.12225  0.46809  2.50   43072   20162  164922   257696   5.98
  2010        90-94     0.21352  0.67424  2.27   22910   15447   72345    92775   4.05
  2010        95-99     0.34663  0.84580  1.97    7463    6312   18211    20429   2.74
  2010       100-104    0.51089  0.93923  1.63    1151    1081    2116     2219   1.93
  2010       105-109    0.67609  0.97591  1.36      70      68     101      103   1.47
  2010       110+       0.79484  1.00000  1.26       2       2       2        2   1.26
  2011           0      0.00360  0.00359  0.14  100000     359   99692  8036027  80.36
  2011         1-4      0.00017  0.00068  1.61   99641      68  398403  7936335  79.65
  2011         5-9      0.00009  0.00044  2.31   99573      44  497748  7537932  75.70
  2011        10-14     0.00010  0.00050  2.66   99529      50  497530  7040183  70.73
  2011        15-19     0.00025  0.00127  2.98   99479     126  497142  6542653  65.77
  2011        20-24     0.00040  0.00198  2.51   99353     197  496276  6045512  60.85
  2011        25-29     0.00042  0.00210  2.63   99157     208  495291  5549235  55.96
  2011        30-34     0.00055  0.00274  2.60   98949     271  494095  5053944  51.08
  2011        35-39     0.00075  0.00373  2.72   98678     368  492549  4559850  46.21
  2011        40-44     0.00125  0.00622  2.71   98310     611  490151  4067300  41.37
  2011        45-49     0.00220  0.01095  2.73   97698    1070  486068  3577150  36.61
  2011        50-54     0.00388  0.01921  2.69   96629    1856  478853  3091082  31.99
  2011        55-59     0.00612  0.03016  2.66   94773    2858  467181  2612229  27.56
  2011        60-64     0.00917  0.04486  2.63   91915    4123  449792  2145048  23.34
  2011        65-69     0.01350  0.06540  2.63   87791    5741  425359  1695256  19.31
  2011        70-74     0.02037  0.09723  2.66   82050    7977  391601  1269897  15.48
  2011        75-79     0.03617  0.16674  2.66   74072   12351  341483   878295  11.86
  2011        80-84     0.06547  0.28307  2.61   61722   17471  266852   536812   8.70
  2011        85-89     0.11868  0.45787  2.51   44250   20261  170715   269960   6.10
  2011        90-94     0.20730  0.66245  2.28   23990   15892   76661    99244   4.14
  2011        95-99     0.33918  0.83920  1.99    8098    6796   20035    22583   2.79
  2011       100-104    0.50291  0.93647  1.65    1302    1219    2425     2548   1.96
  2011       105-109    0.66950  0.97504  1.37      83      81     120      123   1.49
  2011       110+       0.79029  1.00000  1.27       2       2       3        3   1.27
  2012           0      0.00331  0.00330  0.14  100000     330   99717  8050391  80.50
  2012         1-4      0.00016  0.00062  1.67   99670      62  398536  7950674  79.77
  2012         5-9      0.00009  0.00043  2.29   99608      43  497924  7552138  75.82
  2012        10-14     0.00008  0.00042  2.77   99565      42  497733  7054214  70.85
  2012        15-19     0.00025  0.00126  2.90   99523     126  497353  6556481  65.88
  2012        20-24     0.00035  0.00176  2.59   99398     175  496568  6059127  60.96
  2012        25-29     0.00040  0.00198  2.56   99223     196  495636  5562559  56.06
  2012        30-34     0.00051  0.00252  2.65   99027     250  494546  5066923  51.17
  2012        35-39     0.00072  0.00362  2.66   98777     357  493050  4572377  46.29
  2012        40-44     0.00122  0.00606  2.72   98420     596  490738  4079327  41.45
  2012        45-49     0.00212  0.01057  2.73   97823    1034  486767  3588589  36.68
  2012        50-54     0.00374  0.01854  2.70   96789    1794  479826  3101822  32.05
  2012        55-59     0.00597  0.02943  2.67   94995    2795  468453  2621997  27.60
  2012        60-64     0.00909  0.04452  2.64   92199    4105  451322  2153544  23.36
  2012        65-69     0.01340  0.06494  2.63   88095    5721  426901  1702221  19.32
  2012        70-74     0.02023  0.09651  2.64   82374    7950  393080  1275321  15.48
  2012        75-79     0.03531  0.16315  2.67   74423   12142  343869   882240  11.85
  2012        80-84     0.06607  0.28541  2.62   62281   17776  269053   538371   8.64
  2012        85-89     0.11964  0.46034  2.50   44506   20488  171241   269318   6.05
  2012        90-94     0.21060  0.66707  2.25   24018   16022   76078    98077   4.08
  2012        95-99     0.34448  0.84416  1.98    7996    6750   19596    21998   2.75
  2012       100-104    0.51077  0.93938  1.64    1246    1171    2292     2403   1.93
  2012       105-109    0.67862  0.97634  1.35      76      74     109      111   1.47
  2012       110+       0.79896  1.00000  1.25       2       2       2        2   1.25
  2013           0      0.00332  0.00331  0.14  100000     331   99716  8046250  80.46
  2013         1-4      0.00016  0.00064  1.51   99669      64  398519  7946533  79.73
  2013         5-9      0.00009  0.00044  2.43   99605      44  497915  7548015  75.78
  2013        10-14     0.00008  0.00040  2.80   99562      40  497721  7050100  70.81
  2013        15-19     0.00024  0.00122  2.89   99522     121  497355  6552379  65.84
  2013        20-24     0.00033  0.00163  2.54   99401     162  496606  6055024  60.92
  2013        25-29     0.00039  0.00196  2.57   99239     194  495723  5558419  56.01
  2013        30-34     0.00052  0.00262  2.62   99045     259  494608  5062695  51.12
  2013        35-39     0.00075  0.00373  2.69   98786     368  493076  4568087  46.24
  2013        40-44     0.00119  0.00592  2.71   98417     583  490750  4075011  41.41
  2013        45-49     0.00209  0.01039  2.72   97835    1017  486853  3584261  36.64
  2013        50-54     0.00371  0.01839  2.72   96818    1781  480035  3097408  31.99
  2013        55-59     0.00604  0.02977  2.67   95037    2829  468578  2617373  27.54
  2013        60-64     0.00914  0.04473  2.65   92208    4124  451340  2148795  23.30
  2013        65-69     0.01376  0.06662  2.64   88083    5868  426559  1697455  19.27
  2013        70-74     0.02037  0.09716  2.64   82215    7988  392203  1270896  15.46
  2013        75-79     0.03501  0.16189  2.68   74228   12016  343265   878693  11.84
  2013        80-84     0.06608  0.28572  2.63   62211   17775  268970   535428   8.61
  2013        85-89     0.12147  0.46559  2.49   44436   20689  170317   266458   6.00
  2013        90-94     0.21264  0.67045  2.25   23747   15921   74874    96141   4.05
  2013        95-99     0.34935  0.84853  1.97    7826    6640   19008    21266   2.72
  2013       100-104    0.51741  0.94172  1.62    1185    1116    2157     2258   1.90
  2013       105-109    0.68583  0.97731  1.34      69      68      98      100   1.45
  2013       110+       0.80548  1.00000  1.24       2       2       2        2   1.24
  2014           0      0.00327  0.00326  0.14  100000     326   99721  8092102  80.92
  2014         1-4      0.00015  0.00059  1.67   99674      59  398559  7992382  80.19
  2014         5-9      0.00007  0.00035  2.62   99615      35  497992  7593823  76.23
  2014        10-14     0.00008  0.00042  2.79   99580      42  497806  7095831  71.26
  2014        15-19     0.00023  0.00114  2.95   99538     114  497455  6598025  66.29
  2014        20-24     0.00032  0.00162  2.57   99424     161  496726  6100571  61.36
  2014        25-29     0.00037  0.00183  2.58   99262     182  495871  5603845  56.45
  2014        30-34     0.00051  0.00252  2.64   99080     250  494813  5107973  51.55
  2014        35-39     0.00073  0.00363  2.66   98830     358  493313  4613161  46.68
  2014        40-44     0.00115  0.00575  2.71   98472     566  491066  4119848  41.84
  2014        45-49     0.00199  0.00992  2.73   97906     972  487323  3628782  37.06
  2014        50-54     0.00355  0.01761  2.72   96934    1707  480775  3141459  32.41
  2014        55-59     0.00580  0.02861  2.69   95227    2724  469848  2660684  27.94
  2014        60-64     0.00895  0.04381  2.64   92503    4052  452943  2190836  23.68
  2014        65-69     0.01316  0.06381  2.62   88450    5644  428813  1737893  19.65
  2014        70-74     0.01974  0.09428  2.62   82806    7807  395475  1309080  15.81
  2014        75-79     0.03310  0.15372  2.68   74999   11529  348297   913605  12.18
  2014        80-84     0.06175  0.26946  2.64   63470   17103  276969   565308   8.91
  2014        85-89     0.11467  0.44576  2.50   46367   20669  180243   288339   6.22
  2014        90-94     0.20392  0.66088  2.34   25698   16984   83287   108097   4.21
  2014        95-99     0.33101  0.83176  2.01    8715    7249   21898    24810   2.85
  2014       100-104    0.49506  0.93373  1.67    1466    1369    2765     2911   1.99
  2014       105-109    0.66435  0.97440  1.37      97      95     143      146   1.50
  2014       110+       0.78798  1.00000  1.27       2       2       3        3   1.27
  2015           0      0.00330  0.00329  0.14  100000     329   99718  8057370  80.57
  2015         1-4      0.00016  0.00065  1.61   99671      65  398528  7957652  79.84
  2015         5-9      0.00007  0.00035  2.33   99606      35  497935  7559124  75.89
  2015        10-14     0.00009  0.00043  2.65   99570      43  497751  7061189  70.92
  2015        15-19     0.00024  0.00119  2.81   99527     118  497378  6563438  65.95
  2015        20-24     0.00034  0.00167  2.48   99409     166  496627  6066060  61.02
  2015        25-29     0.00039  0.00196  2.65   99243     194  495759  5569433  56.12
  2015        30-34     0.00054  0.00271  2.61   99049     268  494602  5073674  51.22
  2015        35-39     0.00075  0.00373  2.62   98780     368  493025  4579072  46.36
  2015        40-44     0.00118  0.00590  2.68   98412     580  490716  4086047  41.52
  2015        45-49     0.00201  0.00999  2.72   97832     978  486927  3595330  36.75
  2015        50-54     0.00351  0.01743  2.72   96854    1688  480422  3108404  32.09
  2015        55-59     0.00591  0.02915  2.68   95166    2774  469401  2627982  27.61
  2015        60-64     0.00923  0.04519  2.65   92392    4175  452135  2158581  23.36
  2015        65-69     0.01372  0.06644  2.62   88217    5861  427151  1706446  19.34
  2015        70-74     0.02067  0.09847  2.60   82356    8109  392315  1279295  15.53
  2015        75-79     0.03375  0.15640  2.66   74246   11612  344020   886980  11.95
  2015        80-84     0.06426  0.27884  2.63   62634   17465  271773   542960   8.67
  2015        85-89     0.12068  0.46347  2.50   45169   20935  173467   271187   6.00
  2015        90-94     0.21441  0.67708  2.28   24235   16409   76529    97720   4.03
  2015        95-99     0.35064  0.84991  1.97    7826    6651   18970    21191   2.71
  2015       100-104    0.52133  0.94319  1.62    1175    1108    2125     2221   1.89
  2015       105-109    0.69193  0.97815  1.33      67      65      94       96   1.44
  2015       110+       0.81201  1.00000  1.23       1       1       2        2   1.23
  2016           0      0.00353  0.00352  0.14  100000     352   99698  8084674  80.85
  2016         1-4      0.00016  0.00062  1.57   99648      62  398443  7984975  80.13
  2016         5-9      0.00009  0.00044  2.28   99586      44  497813  7586533  76.18
  2016        10-14     0.00009  0.00044  2.75   99543      44  497615  7088719  71.21
  2016        15-19     0.00023  0.00117  2.87   99499     116  497245  6591104  66.24
  2016        20-24     0.00032  0.00158  2.52   99382     157  496523  6093859  61.32
  2016        25-29     0.00036  0.00179  2.60   99225     178  495701  5597336  56.41
  2016        30-34     0.00052  0.00259  2.64   99048     256  494634  5101635  51.51
  2016        35-39     0.00074  0.00372  2.65   98792     367  493096  4607000  46.63
  2016        40-44     0.00119  0.00591  2.66   98424     582  490760  4113904  41.80
  2016        45-49     0.00198  0.00985  2.73   97843     964  487023  3623144  37.03
  2016        50-54     0.00338  0.01679  2.72   96879    1627  480685  3136121  32.37
  2016        55-59     0.00582  0.02869  2.69   95252    2733  469943  2655436  27.88
  2016        60-64     0.00907  0.04442  2.65   92519    4109  452958  2185493  23.62
  2016        65-69     0.01367  0.06620  2.63   88410    5853  428160  1732536  19.60
  2016        70-74     0.02041  0.09731  2.62   82557    8033  393659  1304375  15.80
  2016        75-79     0.03245  0.15085  2.67   74523   11242  346386   910717  12.22
  2016        80-84     0.06106  0.26678  2.63   63282   16882  276477   564331   8.92
  2016        85-89     0.11553  0.44884  2.52   46400   20826  180263   287854   6.20
  2016        90-94     0.20290  0.65575  2.30   25573   16770   82651   107591   4.21
  2016        95-99     0.33288  0.83357  2.01    8804    7339   22046    24940   2.83
  2016       100-104    0.49773  0.93479  1.66    1465    1370    2752     2894   1.98
  2016       105-109    0.66764  0.97490  1.37      96      93     140      143   1.49
  2016       110+       0.79130  1.00000  1.26       2       2       3        3   1.26
  2017           0      0.00324  0.00323  0.14  100000     323   99723  8094489  80.94
  2017         1-4      0.00014  0.00058  1.56   99677      58  398567  7994766  80.21
  2017         5-9      0.00007  0.00037  2.27   99619      37  497996  7596199  76.25
  2017        10-14     0.00008  0.00041  2.82   99583      41  497825  7098203  71.28
  2017        15-19     0.00022  0.00108  2.88   99542     108  497482  6600378  66.31
  2017        20-24     0.00031  0.00154  2.52   99434     153  496791  6102896  61.38
  2017        25-29     0.00034  0.00171  2.64   99281     170  496005  5606105  56.47
  2017        30-34     0.00052  0.00258  2.65   99112     256  494956  5110100  51.56
  2017        35-39     0.00074  0.00368  2.67   98856     364  493432  4615144  46.69
  2017        40-44     0.00111  0.00553  2.71   98492     545  491211  4121713  41.85
  2017        45-49     0.00190  0.00947  2.69   97947     928  487595  3630502  37.07
  2017        50-54     0.00327  0.01624  2.74   97020    1575  481532  3142907  32.39
  2017        55-59     0.00559  0.02759  2.69   95444    2633  471129  2661375  27.88
  2017        60-64     0.00899  0.04400  2.65   92811    4083  454457  2190246  23.60
  2017        65-69     0.01359  0.06585  2.64   88728    5843  429851  1735790  19.56
  2017        70-74     0.02059  0.09815  2.62   82885    8135  395058  1305939  15.76
  2017        75-79     0.03240  0.15054  2.65   74750   11253  347255   910881  12.19
  2017        80-84     0.06060  0.26506  2.64   63497   16831  277744   563625   8.88
  2017        85-89     0.11641  0.45138  2.51   46667   21064  180956   285882   6.13
  2017        90-94     0.20974  0.66753  2.28   25602   17090   81482   104925   4.10
  2017        95-99     0.34374  0.84401  1.99    8512    7184   20900    23443   2.75
  2017       100-104    0.51433  0.94096  1.63    1328    1249    2429     2543   1.92
  2017       105-109    0.68661  0.97753  1.34      78      77     112      114   1.45
  2017       110+       0.80872  1.00000  1.24       2       2       2        2   1.24
