Germany, Life tables (period 5x10), Total	Last modified: 17 Dec 2018;  Methods Protocol: v6 (2017)

  Year          Age         mx       qx    ax      lx      dx      Lx       Tx     ex
1990-1999        0      0.00557  0.00554  0.14  100000     554   99522  7652339  76.52
1990-1999      1-4      0.00033  0.00131  1.63   99446     130  397474  7552817  75.95
1990-1999      5-9      0.00016  0.00079  2.37   99316      79  496371  7155343  72.05
1990-1999     10-14     0.00016  0.00081  2.70   99237      81  496000  6658972  67.10
1990-1999     15-19     0.00054  0.00268  3.00   99156     266  495249  6162972  62.15
1990-1999     20-24     0.00070  0.00351  2.46   98890     347  493570  5667723  57.31
1990-1999     25-29     0.00072  0.00358  2.56   98543     352  491857  5174153  52.51
1990-1999     30-34     0.00093  0.00464  2.64   98191     456  489878  4682297  47.69
1990-1999     35-39     0.00139  0.00694  2.67   97735     678  487094  4192418  42.90
1990-1999     40-44     0.00216  0.01075  2.67   97057    1044  482848  3705324  38.18
1990-1999     45-49     0.00333  0.01654  2.67   96013    1588  476358  3222476  33.56
1990-1999     50-54     0.00520  0.02568  2.66   94425    2425  466440  2746117  29.08
1990-1999     55-59     0.00797  0.03913  2.67   92000    3600  451594  2279678  24.78
1990-1999     60-64     0.01283  0.06229  2.66   88400    5506  429113  1828084  20.68
1990-1999     65-69     0.01979  0.09454  2.63   82894    7836  395903  1398971  16.88
1990-1999     70-74     0.03087  0.14381  2.62   75057   10794  349606  1003069  13.36
1990-1999     75-79     0.05172  0.23024  2.62   64263   14796  286076   653463  10.17
1990-1999     80-84     0.08972  0.36739  2.54   49467   18174  202553   367386   7.43
1990-1999     85-89     0.15130  0.54294  2.40   31294   16991  112297   164833   5.27
1990-1999     90-94     0.24507  0.72454  2.18   14303   10363   42286    52536   3.67
1990-1999     95-99     0.36870  0.86163  1.91    3940    3395    9207    10250   2.60
1990-1999    100-104    0.51587  0.93954  1.62     545     512     993     1042   1.91
1990-1999    105-109    0.66331  0.97353  1.37      33      32      48       50   1.50
1990-1999    110+       0.77266  1.00000  1.29       1       1       1        1   1.29
2000-2009        0      0.00398  0.00397  0.14  100000     397   99659  7910277  79.10
2000-2009      1-4      0.00022  0.00086  1.59   99603      86  398207  7810618  78.42
2000-2009      5-9      0.00010  0.00051  2.37   99518      50  497456  7412411  74.48
2000-2009     10-14     0.00012  0.00058  2.75   99467      58  497206  6914955  69.52
2000-2009     15-19     0.00036  0.00180  2.97   99409     179  496683  6417749  64.56
2000-2009     20-24     0.00049  0.00244  2.46   99230     243  495536  5921066  59.67
2000-2009     25-29     0.00050  0.00247  2.54   98988     245  494336  5425530  54.81
2000-2009     30-34     0.00061  0.00307  2.63   98743     303  492995  4931194  49.94
2000-2009     35-39     0.00093  0.00464  2.69   98440     457  491142  4438199  45.09
2000-2009     40-44     0.00158  0.00789  2.72   97983     773  488149  3947056  40.28
2000-2009     45-49     0.00274  0.01361  2.70   97209    1323  482998  3458908  35.58
2000-2009     50-54     0.00432  0.02139  2.66   95886    2051  474634  2975909  31.04
2000-2009     55-59     0.00653  0.03214  2.65   93835    3016  462092  2501276  26.66
2000-2009     60-64     0.00983  0.04803  2.64   90819    4362  443784  2039184  22.45
2000-2009     65-69     0.01504  0.07262  2.65   86457    6278  417525  1595400  18.45
2000-2009     70-74     0.02466  0.11658  2.66   80178    9347  378980  1177875  14.69
2000-2009     75-79     0.04123  0.18777  2.63   70831   13300  322611   798895  11.28
2000-2009     80-84     0.07213  0.30700  2.58   57531   17662  244853   476284   8.28
2000-2009     85-89     0.12916  0.48698  2.48   39869   19415  150325   231431   5.80
2000-2009     90-94     0.22083  0.68716  2.25   20454   14055   63646    81105   3.97
2000-2009     95-99     0.34841  0.84646  1.96    6399    5416   15546    17459   2.73
2000-2009    100-104    0.50556  0.93682  1.64     982     920    1821     1914   1.95
2000-2009    105-109    0.66466  0.97411  1.37      62      60      91       93   1.50
2000-2009    110+       0.78131  1.00000  1.28       2       2       2        2   1.28
2010-2017        0      0.00338  0.00337  0.14  100000     337   99711  8059583  80.60
2010-2017      1-4      0.00016  0.00064  1.60   99663      63  398501  7959872  79.87
2010-2017      5-9      0.00008  0.00041  2.36   99600      41  497892  7561371  75.92
2010-2017     10-14     0.00009  0.00044  2.75   99559      43  497698  7063479  70.95
2010-2017     15-19     0.00024  0.00121  2.90   99516     120  497326  6565781  65.98
2010-2017     20-24     0.00034  0.00171  2.53   99395     170  496555  6068456  61.05
2010-2017     25-29     0.00039  0.00194  2.60   99225     193  495662  5571901  56.15
2010-2017     30-34     0.00053  0.00263  2.64   99032     260  494545  5076239  51.26
2010-2017     35-39     0.00075  0.00373  2.67   98772     369  493000  4581694  46.39
2010-2017     40-44     0.00120  0.00600  2.70   98403     590  490661  4088694  41.55
2010-2017     45-49     0.00208  0.01034  2.72   97813    1011  486761  3598033  36.78
2010-2017     50-54     0.00362  0.01795  2.71   96802    1738  480031  3111272  32.14
2010-2017     55-59     0.00591  0.02916  2.67   95064    2772  468868  2631241  27.68
2010-2017     60-64     0.00911  0.04460  2.64   92291    4116  451754  2162373  23.43
2010-2017     65-69     0.01356  0.06569  2.63   88176    5793  427127  1710619  19.40
2010-2017     70-74     0.02042  0.09741  2.63   82383    8025  392916  1283492  15.58
2010-2017     75-79     0.03429  0.15873  2.67   74358   11803  344231   890576  11.98
2010-2017     80-84     0.06402  0.27789  2.63   62555   17383  271534   546345   8.73
2010-2017     85-89     0.11860  0.45753  2.50   45172   20668  174260   274811   6.08
2010-2017     90-94     0.20974  0.66780  2.28   24504   16364   78019   100551   4.10
2010-2017     95-99     0.34200  0.84201  1.99    8140    6854   20042    22532   2.77
2010-2017    100-104    0.50851  0.93866  1.64    1286    1207    2374     2490   1.94
2010-2017    105-109    0.67733  0.97620  1.35      79      77     114      116   1.47
2010-2017    110+       0.79862  1.00000  1.25       2       2       2        2   1.25
