Germany, Life tables (period 1x5), Males	Last modified: 17 Dec 2018;  Methods Protocol: v6 (2017)

  Year          Age         mx       qx    ax      lx      dx      Lx       Tx     ex
1990-1994        0      0.00699  0.00694  0.14  100000     694   99400  7240994  72.41
1990-1994        1      0.00060  0.00060  0.50   99306      59   99276  7141594  71.92
1990-1994        2      0.00043  0.00043  0.50   99246      42   99225  7042318  70.96
1990-1994        3      0.00034  0.00034  0.50   99204      33   99187  6943093  69.99
1990-1994        4      0.00027  0.00027  0.50   99171      27   99157  6843905  69.01
1990-1994        5      0.00024  0.00024  0.50   99144      24   99132  6744748  68.03
1990-1994        6      0.00021  0.00021  0.50   99120      21   99109  6645617  67.05
1990-1994        7      0.00021  0.00021  0.50   99099      21   99089  6546508  66.06
1990-1994        8      0.00020  0.00020  0.50   99078      20   99068  6447419  65.07
1990-1994        9      0.00018  0.00018  0.50   99058      18   99050  6348350  64.09
1990-1994       10      0.00017  0.00017  0.50   99041      17   99032  6249301  63.10
1990-1994       11      0.00020  0.00020  0.50   99024      20   99014  6150268  62.11
1990-1994       12      0.00020  0.00020  0.50   99004      19   98994  6051254  61.12
1990-1994       13      0.00022  0.00022  0.50   98985      22   98974  5952260  60.13
1990-1994       14      0.00026  0.00026  0.50   98963      26   98950  5853286  59.15
1990-1994       15      0.00037  0.00037  0.50   98937      36   98919  5754336  58.16
1990-1994       16      0.00056  0.00056  0.50   98901      55   98873  5655417  57.18
1990-1994       17      0.00071  0.00071  0.50   98846      70   98811  5556544  56.21
1990-1994       18      0.00109  0.00109  0.50   98776     108   98722  5457733  55.25
1990-1994       19      0.00117  0.00117  0.50   98668     115   98610  5359011  54.31
1990-1994       20      0.00112  0.00112  0.50   98553     110   98498  5260401  53.38
1990-1994       21      0.00114  0.00114  0.50   98443     112   98387  5161903  52.44
1990-1994       22      0.00110  0.00109  0.50   98331     108   98277  5063517  51.49
1990-1994       23      0.00107  0.00107  0.50   98223     105   98171  4965240  50.55
1990-1994       24      0.00103  0.00103  0.50   98118     101   98068  4867069  49.60
1990-1994       25      0.00107  0.00107  0.50   98017     105   97965  4769002  48.65
1990-1994       26      0.00106  0.00106  0.50   97912     104   97860  4671037  47.71
1990-1994       27      0.00108  0.00108  0.50   97808     106   97755  4573177  46.76
1990-1994       28      0.00111  0.00111  0.50   97702     109   97648  4475422  45.81
1990-1994       29      0.00120  0.00120  0.50   97593     117   97535  4377775  44.86
1990-1994       30      0.00128  0.00128  0.50   97476     125   97414  4280240  43.91
1990-1994       31      0.00133  0.00132  0.50   97352     129   97287  4182826  42.97
1990-1994       32      0.00141  0.00141  0.50   97223     137   97154  4085539  42.02
1990-1994       33      0.00157  0.00156  0.50   97086     152   97010  3988384  41.08
1990-1994       34      0.00165  0.00165  0.50   96934     160   96854  3891375  40.14
1990-1994       35      0.00177  0.00177  0.50   96774     171   96688  3794521  39.21
1990-1994       36      0.00188  0.00188  0.50   96603     181   96512  3697832  38.28
1990-1994       37      0.00206  0.00206  0.50   96422     199   96322  3601320  37.35
1990-1994       38      0.00219  0.00219  0.50   96223     211   96117  3504998  36.43
1990-1994       39      0.00238  0.00238  0.50   96012     228   95898  3408880  35.50
1990-1994       40      0.00257  0.00257  0.50   95784     246   95661  3312982  34.59
1990-1994       41      0.00274  0.00273  0.50   95538     261   95407  3217322  33.68
1990-1994       42      0.00290  0.00290  0.50   95276     276   95138  3121915  32.77
1990-1994       43      0.00317  0.00316  0.50   95000     301   94850  3026776  31.86
1990-1994       44      0.00340  0.00339  0.50   94700     321   94539  2931926  30.96
1990-1994       45      0.00377  0.00376  0.50   94378     355   94201  2837387  30.06
1990-1994       46      0.00413  0.00413  0.50   94024     388   93830  2743186  29.18
1990-1994       47      0.00454  0.00453  0.50   93636     424   93424  2649357  28.29
1990-1994       48      0.00504  0.00503  0.50   93211     469   92977  2555933  27.42
1990-1994       49      0.00552  0.00550  0.50   92743     510   92488  2462956  26.56
1990-1994       50      0.00619  0.00618  0.50   92232     570   91948  2370468  25.70
1990-1994       51      0.00656  0.00654  0.50   91663     599   91363  2278521  24.86
1990-1994       52      0.00723  0.00720  0.50   91063     656   90735  2187158  24.02
1990-1994       53      0.00790  0.00787  0.50   90407     712   90052  2096422  23.19
1990-1994       54      0.00875  0.00871  0.50   89696     781   89305  2006371  22.37
1990-1994       55      0.00962  0.00958  0.50   88914     852   88489  1917066  21.56
1990-1994       56      0.01060  0.01054  0.50   88063     928   87599  1828577  20.76
1990-1994       57      0.01182  0.01175  0.50   87135    1024   86623  1740978  19.98
1990-1994       58      0.01307  0.01298  0.50   86111    1118   85552  1654356  19.21
1990-1994       59      0.01456  0.01446  0.50   84993    1229   84379  1568804  18.46
1990-1994       60      0.01615  0.01602  0.50   83764    1342   83093  1484425  17.72
1990-1994       61      0.01756  0.01740  0.50   82422    1434   81705  1401332  17.00
1990-1994       62      0.01934  0.01916  0.50   80988    1552   80212  1319627  16.29
1990-1994       63      0.02109  0.02087  0.50   79436    1658   78607  1239415  15.60
1990-1994       64      0.02295  0.02269  0.50   77778    1765   76896  1160808  14.92
1990-1994       65      0.02466  0.02436  0.50   76014    1852   75088  1083912  14.26
1990-1994       66      0.02698  0.02662  0.50   74162    1974   73175  1008824  13.60
1990-1994       67      0.02914  0.02872  0.50   72188    2073   71151   935649  12.96
1990-1994       68      0.03194  0.03143  0.50   70114    2204   69012   864498  12.33
1990-1994       69      0.03509  0.03449  0.50   67910    2342   66739   795486  11.71
1990-1994       70      0.03946  0.03869  0.50   65568    2537   64300   728746  11.11
1990-1994       71      0.04274  0.04185  0.50   63032    2638   61713   664446  10.54
1990-1994       72      0.04674  0.04567  0.50   60394    2758   59015   602734   9.98
1990-1994       73      0.05118  0.04990  0.50   57636    2876   56198   543719   9.43
1990-1994       74      0.05600  0.05448  0.50   54760    2983   53268   487521   8.90
1990-1994       75      0.06131  0.05948  0.50   51777    3080   50237   434253   8.39
1990-1994       76      0.06926  0.06694  0.50   48697    3260   47067   384016   7.89
1990-1994       77      0.07584  0.07307  0.50   45437    3320   43777   336950   7.42
1990-1994       78      0.08399  0.08060  0.50   42117    3395   40419   293173   6.96
1990-1994       79      0.09313  0.08898  0.50   38722    3446   36999   252754   6.53
1990-1994       80      0.10317  0.09811  0.50   35276    3461   33546   215754   6.12
1990-1994       81      0.11403  0.10788  0.50   31815    3432   30099   182209   5.73
1990-1994       82      0.12599  0.11853  0.50   28383    3364   26701   152109   5.36
1990-1994       83      0.13942  0.13033  0.50   25019    3261   23389   125408   5.01
1990-1994       84      0.15308  0.14219  0.50   21758    3094   20211   102020   4.69
1990-1994       85      0.16987  0.15657  0.50   18664    2922   17203    81809   4.38
1990-1994       86      0.18625  0.17038  0.50   15742    2682   14401    64606   4.10
1990-1994       87      0.20317  0.18443  0.50   13060    2409   11855    50205   3.84
1990-1994       88      0.22104  0.19904  0.50   10651    2120    9591    38349   3.60
1990-1994       89      0.23954  0.21392  0.50    8531    1825    7619    28758   3.37
1990-1994       90      0.26511  0.23408  0.50    6706    1570    5921    21139   3.15
1990-1994       91      0.28359  0.24837  0.50    5136    1276    4499    15218   2.96
1990-1994       92      0.30805  0.26693  0.50    3861    1031    3345    10720   2.78
1990-1994       93      0.33668  0.28817  0.50    2830     816    2422     7374   2.61
1990-1994       94      0.36224  0.30670  0.50    2015     618    1706     4952   2.46
1990-1994       95      0.38612  0.32364  0.50    1397     452    1171     3246   2.32
1990-1994       96      0.41327  0.34250  0.50     945     324     783     2075   2.20
1990-1994       97      0.44095  0.36129  0.50     621     224     509     1293   2.08
1990-1994       98      0.46900  0.37991  0.50     397     151     321      784   1.98
1990-1994       99      0.49726  0.39824  0.50     246      98     197      462   1.88
1990-1994      100      0.52552  0.41617  0.50     148      62     117      265   1.79
1990-1994      101      0.55363  0.43360  0.50      86      37      68      148   1.71
1990-1994      102      0.58140  0.45045  0.50      49      22      38       80   1.64
1990-1994      103      0.60866  0.46665  0.50      27      13      21       42   1.58
1990-1994      104      0.63526  0.48212  0.50      14       7      11       22   1.52
1990-1994      105      0.66106  0.49684  0.50       7       4       6       11   1.46
1990-1994      106      0.68593  0.51076  0.50       4       2       3        5   1.42
1990-1994      107      0.70979  0.52387  0.50       2       1       1        3   1.38
1990-1994      108      0.73253  0.53616  0.50       1       0       1        1   1.34
1990-1994      109      0.75411  0.54763  0.50       0       0       0        1   1.31
1990-1994      110+     0.77449  1.00000  1.29       0       0       0        0   1.29
1995-1999        0      0.00541  0.00539  0.14  100000     539   99536  7385598  73.86
1995-1999        1      0.00048  0.00048  0.50   99461      48   99437  7286062  73.26
1995-1999        2      0.00032  0.00032  0.50   99413      32   99397  7186625  72.29
1995-1999        3      0.00023  0.00023  0.50   99381      23   99370  7087228  71.31
1995-1999        4      0.00019  0.00019  0.50   99358      19   99349  6987858  70.33
1995-1999        5      0.00017  0.00017  0.50   99339      16   99331  6888510  69.34
1995-1999        6      0.00016  0.00016  0.50   99323      16   99314  6789179  68.35
1995-1999        7      0.00015  0.00015  0.50   99306      14   99299  6689864  67.37
1995-1999        8      0.00015  0.00015  0.50   99292      15   99285  6590565  66.38
1995-1999        9      0.00013  0.00013  0.50   99277      13   99271  6491281  65.39
1995-1999       10      0.00014  0.00014  0.50   99264      14   99257  6392010  64.39
1995-1999       11      0.00014  0.00014  0.50   99251      14   99243  6292753  63.40
1995-1999       12      0.00016  0.00016  0.50   99236      16   99229  6193509  62.41
1995-1999       13      0.00019  0.00019  0.50   99221      19   99212  6094281  61.42
1995-1999       14      0.00024  0.00024  0.50   99202      24   99190  5995069  60.43
1995-1999       15      0.00030  0.00030  0.50   99178      30   99163  5895879  59.45
1995-1999       16      0.00049  0.00049  0.50   99148      48   99124  5796716  58.47
1995-1999       17      0.00065  0.00065  0.50   99100      64   99068  5697591  57.49
1995-1999       18      0.00109  0.00109  0.50   99036     108   98982  5598523  56.53
1995-1999       19      0.00107  0.00107  0.50   98928     106   98875  5499541  55.59
1995-1999       20      0.00102  0.00102  0.50   98822     101   98772  5400666  54.65
1995-1999       21      0.00102  0.00102  0.50   98721     100   98671  5301895  53.71
1995-1999       22      0.00096  0.00096  0.50   98621      95   98574  5203224  52.76
1995-1999       23      0.00097  0.00097  0.50   98526      96   98478  5104650  51.81
1995-1999       24      0.00094  0.00094  0.50   98431      92   98385  5006172  50.86
1995-1999       25      0.00089  0.00089  0.50   98339      87   98295  4907787  49.91
1995-1999       26      0.00088  0.00088  0.50   98251      87   98208  4809492  48.95
1995-1999       27      0.00093  0.00092  0.50   98164      91   98119  4711284  47.99
1995-1999       28      0.00097  0.00097  0.50   98074      95   98026  4613165  47.04
1995-1999       29      0.00097  0.00097  0.50   97978      95   97931  4515140  46.08
1995-1999       30      0.00100  0.00100  0.50   97883      98   97834  4417209  45.13
1995-1999       31      0.00106  0.00106  0.50   97785     104   97733  4319375  44.17
1995-1999       32      0.00112  0.00112  0.50   97682     109   97627  4221641  43.22
1995-1999       33      0.00119  0.00119  0.50   97572     116   97514  4124014  42.27
1995-1999       34      0.00128  0.00128  0.50   97456     125   97394  4026500  41.32
1995-1999       35      0.00138  0.00138  0.50   97331     134   97264  3929106  40.37
1995-1999       36      0.00157  0.00157  0.50   97197     152   97121  3831842  39.42
1995-1999       37      0.00169  0.00169  0.50   97045     164   96963  3734721  38.48
1995-1999       38      0.00182  0.00182  0.50   96881     176   96793  3637759  37.55
1995-1999       39      0.00204  0.00204  0.50   96704     197   96606  3540966  36.62
1995-1999       40      0.00221  0.00221  0.50   96508     213   96401  3444360  35.69
1995-1999       41      0.00247  0.00247  0.50   96295     238   96176  3347959  34.77
1995-1999       42      0.00278  0.00277  0.50   96057     266   95924  3251783  33.85
1995-1999       43      0.00299  0.00299  0.50   95790     286   95647  3155860  32.95
1995-1999       44      0.00325  0.00324  0.50   95504     310   95349  3060212  32.04
1995-1999       45      0.00358  0.00357  0.50   95194     340   95024  2964863  31.15
1995-1999       46      0.00380  0.00379  0.50   94855     359   94675  2869839  30.26
1995-1999       47      0.00413  0.00413  0.50   94495     390   94300  2775164  29.37
1995-1999       48      0.00446  0.00445  0.50   94105     419   93896  2680864  28.49
1995-1999       49      0.00485  0.00484  0.50   93686     453   93460  2586968  27.61
1995-1999       50      0.00541  0.00540  0.50   93233     503   92981  2493509  26.74
1995-1999       51      0.00594  0.00592  0.50   92729     549   92455  2400527  25.89
1995-1999       52      0.00656  0.00654  0.50   92181     603   91879  2308072  25.04
1995-1999       53      0.00712  0.00710  0.50   91578     650   91253  2216193  24.20
1995-1999       54      0.00773  0.00770  0.50   90928     700   90578  2124940  23.37
1995-1999       55      0.00841  0.00837  0.50   90228     755   89850  2034362  22.55
1995-1999       56      0.00922  0.00918  0.50   89473     821   89062  1944512  21.73
1995-1999       57      0.01010  0.01005  0.50   88652     891   88206  1855450  20.93
1995-1999       58      0.01086  0.01080  0.50   87760     948   87286  1767244  20.14
1995-1999       59      0.01221  0.01214  0.50   86813    1054   86286  1679958  19.35
1995-1999       60      0.01347  0.01338  0.50   85759    1148   85185  1593672  18.58
1995-1999       61      0.01499  0.01487  0.50   84611    1259   83982  1508486  17.83
1995-1999       62      0.01648  0.01634  0.50   83353    1362   82672  1424504  17.09
1995-1999       63      0.01830  0.01814  0.50   81991    1487   81247  1341833  16.37
1995-1999       64      0.02018  0.01998  0.50   80503    1608   79699  1260586  15.66
1995-1999       65      0.02247  0.02222  0.50   78895    1753   78018  1180886  14.97
1995-1999       66      0.02447  0.02417  0.50   77142    1865   76209  1102868  14.30
1995-1999       67      0.02726  0.02689  0.50   75277    2024   74265  1026659  13.64
1995-1999       68      0.02969  0.02925  0.50   73253    2143   72181   952394  13.00
1995-1999       69      0.03206  0.03155  0.50   71110    2244   69988   880213  12.38
1995-1999       70      0.03456  0.03398  0.50   68866    2340   67696   810225  11.77
1995-1999       71      0.03806  0.03735  0.50   66526    2485   65284   742529  11.16
1995-1999       72      0.04149  0.04065  0.50   64042    2603   62740   677245  10.58
1995-1999       73      0.04572  0.04469  0.50   61438    2746   60065   614505  10.00
1995-1999       74      0.05064  0.04939  0.50   58692    2899   57243   554440   9.45
1995-1999       75      0.05724  0.05565  0.50   55794    3105   54241   497197   8.91
1995-1999       76      0.06120  0.05938  0.50   52689    3129   51125   442955   8.41
1995-1999       77      0.06771  0.06550  0.50   49560    3246   47937   391830   7.91
1995-1999       78      0.07385  0.07122  0.50   46315    3298   44665   343893   7.43
1995-1999       79      0.08173  0.07853  0.50   43016    3378   41327   299227   6.96
1995-1999       80      0.09097  0.08701  0.50   39638    3449   37914   257900   6.51
1995-1999       81      0.10412  0.09897  0.50   36189    3582   34398   219987   6.08
1995-1999       82      0.11404  0.10788  0.50   32608    3518   30849   185588   5.69
1995-1999       83      0.12601  0.11854  0.50   29090    3448   27366   154740   5.32
1995-1999       84      0.13929  0.13022  0.50   25641    3339   23972   127374   4.97
1995-1999       85      0.15285  0.14200  0.50   22302    3167   20719   103402   4.64
1995-1999       86      0.16801  0.15499  0.50   19136    2966   17653    82683   4.32
1995-1999       87      0.18618  0.17032  0.50   16170    2754   14793    65031   4.02
1995-1999       88      0.20427  0.18534  0.50   13416    2486   12172    50238   3.74
1995-1999       89      0.22792  0.20460  0.50   10929    2236    9811    38066   3.48
1995-1999       90      0.25103  0.22304  0.50    8693    1939    7724    28255   3.25
1995-1999       91      0.27298  0.24020  0.50    6754    1622    5943    20531   3.04
1995-1999       92      0.29825  0.25954  0.50    5132    1332    4466    14588   2.84
1995-1999       93      0.32267  0.27785  0.50    3800    1056    3272    10122   2.66
1995-1999       94      0.35796  0.30362  0.50    2744     833    2328     6850   2.50
1995-1999       95      0.37556  0.31618  0.50    1911     604    1609     4523   2.37
1995-1999       96      0.40390  0.33604  0.50    1307     439    1087     2914   2.23
1995-1999       97      0.43290  0.35587  0.50     868     309     713     1827   2.11
1995-1999       98      0.46236  0.37554  0.50     559     210     454     1114   1.99
1995-1999       99      0.49209  0.39492  0.50     349     138     280      660   1.89
1995-1999      100      0.52188  0.41388  0.50     211      87     167      380   1.80
1995-1999      101      0.55151  0.43230  0.50     124      54      97      212   1.71
1995-1999      102      0.58079  0.45008  0.50      70      32      54      115   1.64
1995-1999      103      0.60950  0.46714  0.50      39      18      30       61   1.57
1995-1999      104      0.63747  0.48340  0.50      21      10      16       31   1.51
1995-1999      105      0.66455  0.49881  0.50      11       5       8       15   1.46
1995-1999      106      0.69058  0.51333  0.50       5       3       4        8   1.41
1995-1999      107      0.71546  0.52695  0.50       3       1       2        4   1.36
1995-1999      108      0.73909  0.53966  0.50       1       1       1        2   1.33
1995-1999      109      0.76141  0.55147  0.50       1       0       0        1   1.30
1995-1999      110+     0.78239  1.00000  1.28       0       0       0        0   1.28
2000-2004        0      0.00464  0.00462  0.14  100000     462   99602  7544596  75.45
2000-2004        1      0.00042  0.00042  0.50   99538      42   99516  7444993  74.80
2000-2004        2      0.00023  0.00023  0.50   99495      23   99484  7345477  73.83
2000-2004        3      0.00020  0.00020  0.50   99473      20   99463  7245993  72.84
2000-2004        4      0.00014  0.00014  0.50   99452      14   99445  7146530  71.86
2000-2004        5      0.00013  0.00013  0.50   99438      13   99432  7047085  70.87
2000-2004        6      0.00013  0.00013  0.50   99425      13   99419  6947653  69.88
2000-2004        7      0.00012  0.00012  0.50   99413      12   99407  6848234  68.89
2000-2004        8      0.00012  0.00012  0.50   99401      12   99395  6748827  67.89
2000-2004        9      0.00011  0.00011  0.50   99389      11   99383  6649432  66.90
2000-2004       10      0.00010  0.00010  0.50   99378      10   99373  6550048  65.91
2000-2004       11      0.00014  0.00014  0.50   99368      14   99361  6450676  64.92
2000-2004       12      0.00014  0.00014  0.50   99354      14   99346  6351315  63.93
2000-2004       13      0.00015  0.00015  0.50   99339      15   99332  6251968  62.94
2000-2004       14      0.00019  0.00019  0.50   99324      19   99315  6152637  61.94
2000-2004       15      0.00024  0.00024  0.50   99305      24   99294  6053322  60.96
2000-2004       16      0.00041  0.00041  0.50   99282      41   99261  5954028  59.97
2000-2004       17      0.00052  0.00052  0.50   99241      52   99215  5854767  59.00
2000-2004       18      0.00084  0.00084  0.50   99189      83   99148  5755552  58.03
2000-2004       19      0.00086  0.00086  0.50   99106      85   99063  5656404  57.07
2000-2004       20      0.00087  0.00087  0.50   99021      86   98978  5557341  56.12
2000-2004       21      0.00084  0.00084  0.50   98935      84   98893  5458363  55.17
2000-2004       22      0.00082  0.00082  0.50   98851      81   98811  5359469  54.22
2000-2004       23      0.00080  0.00080  0.50   98771      79   98731  5260658  53.26
2000-2004       24      0.00078  0.00078  0.50   98692      77   98653  5161927  52.30
2000-2004       25      0.00077  0.00077  0.50   98615      76   98576  5063274  51.34
2000-2004       26      0.00076  0.00076  0.50   98538      75   98501  4964698  50.38
2000-2004       27      0.00077  0.00077  0.50   98464      75   98426  4866197  49.42
2000-2004       28      0.00078  0.00078  0.50   98388      77   98350  4767771  48.46
2000-2004       29      0.00078  0.00078  0.50   98312      76   98273  4669421  47.50
2000-2004       30      0.00080  0.00080  0.50   98235      79   98196  4571148  46.53
2000-2004       31      0.00084  0.00084  0.50   98157      83   98115  4472951  45.57
2000-2004       32      0.00089  0.00089  0.50   98074      87   98030  4374836  44.61
2000-2004       33      0.00093  0.00093  0.50   97987      91   97941  4276806  43.65
2000-2004       34      0.00102  0.00102  0.50   97895     100   97845  4178865  42.69
2000-2004       35      0.00112  0.00111  0.50   97796     109   97741  4081019  41.73
2000-2004       36      0.00120  0.00120  0.50   97687     117   97628  3983278  40.78
2000-2004       37      0.00129  0.00129  0.50   97570     126   97507  3885650  39.82
2000-2004       38      0.00147  0.00147  0.50   97444     143   97372  3788143  38.88
2000-2004       39      0.00163  0.00163  0.50   97301     158   97222  3690770  37.93
2000-2004       40      0.00183  0.00183  0.50   97142     178   97053  3593549  36.99
2000-2004       41      0.00201  0.00201  0.50   96965     195   96867  3496495  36.06
2000-2004       42      0.00232  0.00232  0.50   96769     224   96657  3399628  35.13
2000-2004       43      0.00258  0.00257  0.50   96545     249   96421  3302971  34.21
2000-2004       44      0.00282  0.00281  0.50   96297     271   96161  3206550  33.30
2000-2004       45      0.00318  0.00317  0.50   96026     304   95874  3110388  32.39
2000-2004       46      0.00354  0.00353  0.50   95722     338   95553  3014515  31.49
2000-2004       47      0.00388  0.00387  0.50   95383     369   95199  2918962  30.60
2000-2004       48      0.00422  0.00421  0.50   95014     400   94814  2823763  29.72
2000-2004       49      0.00461  0.00460  0.50   94615     435   94397  2728949  28.84
2000-2004       50      0.00500  0.00499  0.50   94179     470   93944  2634551  27.97
2000-2004       51      0.00534  0.00533  0.50   93709     499   93460  2540607  27.11
2000-2004       52      0.00591  0.00589  0.50   93210     549   92935  2447147  26.25
2000-2004       53      0.00640  0.00638  0.50   92661     591   92365  2354212  25.41
2000-2004       54      0.00698  0.00695  0.50   92070     640   91750  2261847  24.57
2000-2004       55      0.00763  0.00760  0.50   91430     695   91082  2170097  23.74
2000-2004       56      0.00816  0.00813  0.50   90735     737   90366  2079015  22.91
2000-2004       57      0.00905  0.00901  0.50   89998     811   89592  1988648  22.10
2000-2004       58      0.00996  0.00991  0.50   89187     884   88745  1899056  21.29
2000-2004       59      0.01078  0.01073  0.50   88303     947   87829  1810312  20.50
2000-2004       60      0.01171  0.01164  0.50   87356    1017   86847  1722482  19.72
2000-2004       61      0.01269  0.01261  0.50   86339    1089   85794  1635635  18.94
2000-2004       62      0.01390  0.01380  0.50   85250    1177   84662  1549841  18.18
2000-2004       63      0.01510  0.01499  0.50   84073    1260   83443  1465179  17.43
2000-2004       64      0.01646  0.01633  0.50   82813    1352   82137  1381736  16.68
2000-2004       65      0.01843  0.01827  0.50   81461    1488   80717  1299599  15.95
2000-2004       66      0.02024  0.02004  0.50   79973    1602   79172  1218882  15.24
2000-2004       67      0.02244  0.02219  0.50   78371    1739   77501  1139710  14.54
2000-2004       68      0.02489  0.02458  0.50   76631    1884   75690  1062209  13.86
2000-2004       69      0.02723  0.02686  0.50   74748    2008   73744   986520  13.20
2000-2004       70      0.03046  0.03001  0.50   72740    2183   71648   912776  12.55
2000-2004       71      0.03369  0.03313  0.50   70557    2337   69388   841127  11.92
2000-2004       72      0.03693  0.03626  0.50   68220    2473   66983   771739  11.31
2000-2004       73      0.04024  0.03945  0.50   65746    2593   64450   704756  10.72
2000-2004       74      0.04418  0.04322  0.50   63153    2730   61788   640306  10.14
2000-2004       75      0.04827  0.04713  0.50   60423    2848   58999   578518   9.57
2000-2004       76      0.05249  0.05114  0.50   57575    2945   56103   519519   9.02
2000-2004       77      0.05845  0.05679  0.50   54631    3103   53079   463416   8.48
2000-2004       78      0.06504  0.06299  0.50   51528    3246   49905   410336   7.96
2000-2004       79      0.07185  0.06936  0.50   48282    3349   46608   360431   7.47
2000-2004       80      0.08192  0.07870  0.50   44933    3536   43165   313823   6.98
2000-2004       81      0.08995  0.08608  0.50   41397    3563   39616   270658   6.54
2000-2004       82      0.09967  0.09494  0.50   37834    3592   36038   231042   6.11
2000-2004       83      0.11151  0.10562  0.50   34242    3617   32434   195004   5.69
2000-2004       84      0.12178  0.11479  0.50   30625    3516   28868   162571   5.31
2000-2004       85      0.13421  0.12577  0.50   27110    3410   25405   133703   4.93
2000-2004       86      0.15469  0.14358  0.50   23700    3403   21999   108298   4.57
2000-2004       87      0.17195  0.15834  0.50   20297    3214   18690    86300   4.25
2000-2004       88      0.18982  0.17337  0.50   17083    2962   15603    67609   3.96
2000-2004       89      0.20908  0.18929  0.50   14122    2673   12785    52007   3.68
2000-2004       90      0.22900  0.20548  0.50   11449    2352   10272    39221   3.43
2000-2004       91      0.25759  0.22820  0.50    9096    2076    8058    28949   3.18
2000-2004       92      0.28131  0.24662  0.50    7020    1731    6155    20891   2.98
2000-2004       93      0.30556  0.26506  0.50    5289    1402    4588    14736   2.79
2000-2004       94      0.32986  0.28316  0.50    3887    1101    3337    10148   2.61
2000-2004       95      0.35910  0.30444  0.50    2786     848    2362     6811   2.44
2000-2004       96      0.38819  0.32509  0.50    1938     630    1623     4449   2.30
2000-2004       97      0.41811  0.34581  0.50    1308     452    1082     2826   2.16
2000-2004       98      0.44863  0.36644  0.50     856     314     699     1744   2.04
2000-2004       99      0.47955  0.38681  0.50     542     210     437     1045   1.93
2000-2004      100      0.51063  0.40678  0.50     332     135     265      608   1.83
2000-2004      101      0.54163  0.42621  0.50     197      84     155      343   1.74
2000-2004      102      0.57230  0.44497  0.50     113      50      88      188   1.66
2000-2004      103      0.60243  0.46298  0.50      63      29      48      100   1.58
2000-2004      104      0.63181  0.48013  0.50      34      16      26       51   1.52
2000-2004      105      0.66023  0.49637  0.50      18       9      13       26   1.46
2000-2004      106      0.68755  0.51166  0.50       9       5       7       12   1.41
2000-2004      107      0.71363  0.52596  0.50       4       2       3        6   1.37
2000-2004      108      0.73835  0.53927  0.50       2       1       1        3   1.33
2000-2004      109      0.76166  0.55159  0.50       1       1       1        1   1.30
2000-2004      110+     0.78349  1.00000  1.28       0       0       1        1   1.28
2005-2009        0      0.00412  0.00410  0.14  100000     410   99648  7687565  76.88
2005-2009        1      0.00035  0.00035  0.50   99590      35   99572  7587918  76.19
2005-2009        2      0.00020  0.00020  0.50   99555      20   99545  7488346  75.22
2005-2009        3      0.00016  0.00016  0.50   99535      16   99527  7388801  74.23
2005-2009        4      0.00015  0.00015  0.50   99519      14   99512  7289274  73.25
2005-2009        5      0.00012  0.00012  0.50   99504      12   99498  7189762  72.26
2005-2009        6      0.00011  0.00011  0.50   99493      11   99487  7090264  71.26
2005-2009        7      0.00010  0.00010  0.50   99482      10   99477  6990777  70.27
2005-2009        8      0.00010  0.00010  0.50   99472      10   99467  6891300  69.28
2005-2009        9      0.00010  0.00010  0.50   99462      10   99457  6791833  68.29
2005-2009       10      0.00008  0.00008  0.50   99452       8   99448  6692376  67.29
2005-2009       11      0.00010  0.00010  0.50   99444      10   99439  6592928  66.30
2005-2009       12      0.00012  0.00012  0.50   99434      12   99428  6493489  65.30
2005-2009       13      0.00011  0.00011  0.50   99423      11   99417  6394060  64.31
2005-2009       14      0.00016  0.00016  0.50   99411      16   99403  6294643  63.32
2005-2009       15      0.00020  0.00020  0.50   99395      20   99385  6195240  62.33
2005-2009       16      0.00031  0.00031  0.50   99375      31   99360  6095855  61.34
2005-2009       17      0.00037  0.00037  0.50   99344      37   99326  5996495  60.36
2005-2009       18      0.00060  0.00060  0.50   99307      59   99278  5897169  59.38
2005-2009       19      0.00059  0.00059  0.50   99248      58   99219  5797892  58.42
2005-2009       20      0.00063  0.00063  0.50   99190      62   99158  5698673  57.45
2005-2009       21      0.00061  0.00061  0.50   99127      60   99097  5599515  56.49
2005-2009       22      0.00060  0.00060  0.50   99067      60   99037  5500417  55.52
2005-2009       23      0.00059  0.00059  0.50   99007      59   98978  5401380  54.56
2005-2009       24      0.00061  0.00061  0.50   98949      61   98919  5302402  53.59
2005-2009       25      0.00062  0.00062  0.50   98888      61   98858  5203483  52.62
2005-2009       26      0.00066  0.00066  0.50   98827      65   98794  5104626  51.65
2005-2009       27      0.00065  0.00065  0.50   98762      64   98730  5005831  50.69
2005-2009       28      0.00065  0.00065  0.50   98698      64   98666  4907101  49.72
2005-2009       29      0.00067  0.00067  0.50   98634      66   98601  4808435  48.75
2005-2009       30      0.00069  0.00069  0.50   98568      68   98534  4709834  47.78
2005-2009       31      0.00076  0.00076  0.50   98500      75   98463  4611300  46.82
2005-2009       32      0.00077  0.00077  0.50   98425      76   98387  4512838  45.85
2005-2009       33      0.00079  0.00079  0.50   98350      78   98311  4414450  44.89
2005-2009       34      0.00086  0.00086  0.50   98272      84   98230  4316139  43.92
2005-2009       35      0.00092  0.00092  0.50   98188      90   98143  4217909  42.96
2005-2009       36      0.00097  0.00097  0.50   98098      95   98051  4119766  42.00
2005-2009       37      0.00105  0.00105  0.50   98003     103   97952  4021716  41.04
2005-2009       38      0.00117  0.00117  0.50   97900     114   97843  3923764  40.08
2005-2009       39      0.00129  0.00129  0.50   97786     126   97723  3825921  39.13
2005-2009       40      0.00148  0.00148  0.50   97660     144   97587  3728198  38.18
2005-2009       41      0.00160  0.00160  0.50   97515     156   97437  3630611  37.23
2005-2009       42      0.00176  0.00176  0.50   97359     171   97273  3533173  36.29
2005-2009       43      0.00206  0.00206  0.50   97188     200   97088  3435900  35.35
2005-2009       44      0.00231  0.00231  0.50   96988     224   96876  3338812  34.43
2005-2009       45      0.00258  0.00258  0.50   96764     250   96639  3241936  33.50
2005-2009       46      0.00291  0.00290  0.50   96515     280   96375  3145297  32.59
2005-2009       47      0.00328  0.00328  0.50   96235     316   96077  3048922  31.68
2005-2009       48      0.00369  0.00369  0.50   95919     354   95742  2952846  30.78
2005-2009       49      0.00409  0.00408  0.50   95565     390   95370  2857104  29.90
2005-2009       50      0.00446  0.00445  0.50   95176     424   94964  2761733  29.02
2005-2009       51      0.00505  0.00504  0.50   94752     477   94513  2666769  28.14
2005-2009       52      0.00553  0.00551  0.50   94275     519   94015  2572256  27.28
2005-2009       53      0.00596  0.00594  0.50   93755     557   93477  2478242  26.43
2005-2009       54      0.00665  0.00663  0.50   93198     618   92889  2384765  25.59
2005-2009       55      0.00714  0.00711  0.50   92580     658   92251  2291876  24.76
2005-2009       56      0.00772  0.00769  0.50   91922     707   91569  2199624  23.93
2005-2009       57      0.00818  0.00814  0.50   91215     743   90844  2108056  23.11
2005-2009       58      0.00911  0.00906  0.50   90472     820   90062  2017212  22.30
2005-2009       59      0.00983  0.00978  0.50   89652     877   89214  1927149  21.50
2005-2009       60      0.01074  0.01068  0.50   88776     948   88302  1837935  20.70
2005-2009       61      0.01167  0.01160  0.50   87827    1019   87318  1749634  19.92
2005-2009       62      0.01269  0.01261  0.50   86809    1095   86261  1662316  19.15
2005-2009       63      0.01374  0.01365  0.50   85714    1170   85129  1576055  18.39
2005-2009       64      0.01473  0.01462  0.50   84544    1236   83926  1490925  17.63
2005-2009       65      0.01618  0.01605  0.50   83308    1337   82640  1406999  16.89
2005-2009       66      0.01744  0.01729  0.50   81971    1417   81263  1324359  16.16
2005-2009       67      0.01882  0.01864  0.50   80554    1502   79803  1243096  15.43
2005-2009       68      0.02061  0.02040  0.50   79053    1612   78246  1163293  14.72
2005-2009       69      0.02265  0.02240  0.50   77440    1735   76573  1085047  14.01
2005-2009       70      0.02502  0.02471  0.50   75706    1871   74770  1008474  13.32
2005-2009       71      0.02765  0.02727  0.50   73835    2014   72828   933704  12.65
2005-2009       72      0.03063  0.03017  0.50   71821    2167   70738   860876  11.99
2005-2009       73      0.03390  0.03333  0.50   69654    2322   68493   790138  11.34
2005-2009       74      0.03834  0.03762  0.50   67332    2533   66066   721645  10.72
2005-2009       75      0.04245  0.04157  0.50   64799    2694   63452   655579  10.12
2005-2009       76      0.04740  0.04630  0.50   62106    2876   60668   592127   9.53
2005-2009       77      0.05284  0.05148  0.50   59230    3049   57705   531459   8.97
2005-2009       78      0.05865  0.05698  0.50   56181    3201   54580   473753   8.43
2005-2009       79      0.06402  0.06204  0.50   52979    3287   51336   419173   7.91
2005-2009       80      0.07213  0.06962  0.50   49693    3459   47963   367837   7.40
2005-2009       81      0.08034  0.07724  0.50   46233    3571   44448   319874   6.92
2005-2009       82      0.08978  0.08593  0.50   42662    3666   40830   275426   6.46
2005-2009       83      0.09988  0.09513  0.50   38997    3710   37142   234597   6.02
2005-2009       84      0.11222  0.10626  0.50   35287    3750   33412   197455   5.60
2005-2009       85      0.12756  0.11991  0.50   31537    3782   29647   164043   5.20
2005-2009       86      0.14019  0.13100  0.50   27756    3636   25938   134396   4.84
2005-2009       87      0.15537  0.14417  0.50   24120    3477   22381   108459   4.50
2005-2009       88      0.17286  0.15911  0.50   20642    3284   19000    86078   4.17
2005-2009       89      0.19185  0.17506  0.50   17358    3039   15839    67078   3.86
2005-2009       90      0.20996  0.19001  0.50   14319    2721   12959    51239   3.58
2005-2009       91      0.24406  0.21752  0.50   11598    2523   10337    38281   3.30
2005-2009       92      0.26691  0.23548  0.50    9076    2137    8007    27944   3.08
2005-2009       93      0.29088  0.25394  0.50    6938    1762    6057    19937   2.87
2005-2009       94      0.32128  0.27681  0.50    5176    1433    4460    13879   2.68
2005-2009       95      0.34475  0.29406  0.50    3744    1101    3193     9419   2.52
2005-2009       96      0.37440  0.31537  0.50    2643     833    2226     6226   2.36
2005-2009       97      0.40503  0.33682  0.50    1809     609    1505     4000   2.21
2005-2009       98      0.43642  0.35825  0.50    1200     430     985     2495   2.08
2005-2009       99      0.46832  0.37946  0.50     770     292     624     1510   1.96
2005-2009      100      0.50048  0.40031  0.50     478     191     382      886   1.86
2005-2009      101      0.53265  0.42062  0.50     287     121     226      504   1.76
2005-2009      102      0.56454  0.44026  0.50     166      73     129      278   1.67
2005-2009      103      0.59590  0.45911  0.50      93      43      72      148   1.60
2005-2009      104      0.62650  0.47706  0.50      50      24      38       77   1.53
2005-2009      105      0.65613  0.49405  0.50      26      13      20       39   1.47
2005-2009      106      0.68458  0.51001  0.50      13       7      10       19   1.42
2005-2009      107      0.71172  0.52492  0.50       7       3       5        9   1.37
2005-2009      108      0.73741  0.53877  0.50       3       2       2        4   1.33
2005-2009      109      0.76158  0.55156  0.50       1       1       1        2   1.30
2005-2009      110+     0.78418  1.00000  1.28       1       1       1        1   1.28
2010-2014        0      0.00368  0.00367  0.14  100000     367   99685  7792451  77.92
2010-2014        1      0.00028  0.00028  0.50   99633      28   99619  7692766  77.21
2010-2014        2      0.00016  0.00016  0.50   99605      16   99597  7593147  76.23
2010-2014        3      0.00014  0.00014  0.50   99589      14   99582  7493551  75.25
2010-2014        4      0.00012  0.00012  0.50   99575      12   99569  7393969  74.26
2010-2014        5      0.00011  0.00011  0.50   99563      11   99558  7294399  73.26
2010-2014        6      0.00010  0.00010  0.50   99553      10   99548  7194841  72.27
2010-2014        7      0.00009  0.00009  0.50   99543       8   99539  7095293  71.28
2010-2014        8      0.00008  0.00008  0.50   99535       8   99531  6995754  70.28
2010-2014        9      0.00009  0.00009  0.50   99526       9   99522  6896224  69.29
2010-2014       10      0.00008  0.00008  0.50   99517       8   99513  6796702  68.30
2010-2014       11      0.00008  0.00008  0.50   99510       8   99505  6697188  67.30
2010-2014       12      0.00011  0.00011  0.50   99501      11   99496  6597683  66.31
2010-2014       13      0.00011  0.00011  0.50   99491      11   99485  6498187  65.31
2010-2014       14      0.00013  0.00013  0.50   99479      13   99473  6398702  64.32
2010-2014       15      0.00016  0.00016  0.50   99467      16   99459  6299229  63.33
2010-2014       16      0.00026  0.00026  0.50   99451      26   99438  6199770  62.34
2010-2014       17      0.00032  0.00032  0.50   99425      32   99410  6100332  61.36
2010-2014       18      0.00044  0.00044  0.50   99394      44   99372  6000922  60.38
2010-2014       19      0.00048  0.00048  0.50   99350      47   99326  5901550  59.40
2010-2014       20      0.00048  0.00048  0.50   99302      48   99279  5802224  58.43
2010-2014       21      0.00051  0.00051  0.50   99255      50   99229  5702946  57.46
2010-2014       22      0.00048  0.00048  0.50   99204      48   99180  5603716  56.49
2010-2014       23      0.00053  0.00053  0.50   99156      52   99130  5504536  55.51
2010-2014       24      0.00052  0.00052  0.50   99104      51   99078  5405406  54.54
2010-2014       25      0.00053  0.00053  0.50   99052      52   99026  5306328  53.57
2010-2014       26      0.00055  0.00055  0.50   99000      54   98973  5207301  52.60
2010-2014       27      0.00057  0.00057  0.50   98946      56   98918  5108329  51.63
2010-2014       28      0.00057  0.00057  0.50   98890      57   98861  5009411  50.66
2010-2014       29      0.00061  0.00061  0.50   98833      61   98803  4910549  49.69
2010-2014       30      0.00062  0.00062  0.50   98772      61   98742  4811747  48.72
2010-2014       31      0.00068  0.00068  0.50   98711      67   98677  4713005  47.75
2010-2014       32      0.00073  0.00073  0.50   98644      72   98608  4614328  46.78
2010-2014       33      0.00075  0.00075  0.50   98572      74   98535  4515719  45.81
2010-2014       34      0.00079  0.00079  0.50   98498      78   98459  4417184  44.85
2010-2014       35      0.00083  0.00083  0.50   98420      82   98379  4318725  43.88
2010-2014       36      0.00089  0.00089  0.50   98338      87   98295  4220345  42.92
2010-2014       37      0.00092  0.00092  0.50   98251      91   98206  4122051  41.95
2010-2014       38      0.00109  0.00109  0.50   98160     107   98107  4023845  40.99
2010-2014       39      0.00115  0.00115  0.50   98053     113   97997  3925738  40.04
2010-2014       40      0.00125  0.00125  0.50   97941     122   97880  3827741  39.08
2010-2014       41      0.00136  0.00136  0.50   97818     133   97752  3729861  38.13
2010-2014       42      0.00154  0.00154  0.50   97685     150   97610  3632110  37.18
2010-2014       43      0.00173  0.00173  0.50   97535     169   97451  3534499  36.24
2010-2014       44      0.00191  0.00191  0.50   97366     186   97273  3437049  35.30
2010-2014       45      0.00216  0.00216  0.50   97180     210   97076  3339776  34.37
2010-2014       46      0.00237  0.00237  0.50   96971     230   96856  3242700  33.44
2010-2014       47      0.00269  0.00269  0.50   96741     260   96611  3145844  32.52
2010-2014       48      0.00300  0.00300  0.50   96481     289   96336  3049233  31.60
2010-2014       49      0.00342  0.00342  0.50   96192     329   96027  2952897  30.70
2010-2014       50      0.00380  0.00379  0.50   95863     363   95681  2856869  29.80
2010-2014       51      0.00437  0.00436  0.50   95500     417   95291  2761188  28.91
2010-2014       52      0.00484  0.00483  0.50   95083     459   94853  2665897  28.04
2010-2014       53      0.00537  0.00536  0.50   94623     507   94370  2571044  27.17
2010-2014       54      0.00603  0.00602  0.50   94117     566   93834  2476674  26.31
2010-2014       55      0.00655  0.00653  0.50   93551     611   93245  2382840  25.47
2010-2014       56      0.00718  0.00715  0.50   92940     665   92607  2289595  24.64
2010-2014       57      0.00798  0.00795  0.50   92275     734   91908  2196988  23.81
2010-2014       58      0.00877  0.00873  0.50   91541     799   91141  2105080  23.00
2010-2014       59      0.00950  0.00945  0.50   90742     858   90313  2013938  22.19
2010-2014       60      0.01037  0.01031  0.50   89884     927   89420  1923626  21.40
2010-2014       61      0.01126  0.01120  0.50   88957     996   88459  1834206  20.62
2010-2014       62      0.01204  0.01197  0.50   87961    1053   87434  1745747  19.85
2010-2014       63      0.01293  0.01285  0.50   86908    1117   86350  1658313  19.08
2010-2014       64      0.01413  0.01403  0.50   85791    1204   85189  1571963  18.32
2010-2014       65      0.01527  0.01515  0.50   84587    1282   83946  1486774  17.58
2010-2014       66      0.01667  0.01653  0.50   83306    1377   82617  1402828  16.84
2010-2014       67      0.01786  0.01770  0.50   81928    1450   81203  1320211  16.11
2010-2014       68      0.01947  0.01928  0.50   80478    1552   79702  1239008  15.40
2010-2014       69      0.02089  0.02068  0.50   78926    1632   78110  1159306  14.69
2010-2014       70      0.02274  0.02248  0.50   77294    1738   76425  1081196  13.99
2010-2014       71      0.02475  0.02445  0.50   75556    1847   74633  1004770  13.30
2010-2014       72      0.02693  0.02657  0.50   73709    1959   72730   930138  12.62
2010-2014       73      0.02955  0.02912  0.50   71750    2090   70706   857408  11.95
2010-2014       74      0.03260  0.03207  0.50   69661    2234   68544   786702  11.29
2010-2014       75      0.03640  0.03575  0.50   67427    2410   66221   718159  10.65
2010-2014       76      0.04057  0.03977  0.50   65016    2585   63723   651937  10.03
2010-2014       77      0.04544  0.04443  0.50   62431    2774   61044   588214   9.42
2010-2014       78      0.05117  0.04990  0.50   59657    2977   58169   527170   8.84
2010-2014       79      0.05804  0.05640  0.50   56680    3197   55082   469001   8.27
2010-2014       80      0.06444  0.06242  0.50   53484    3339   51814   413919   7.74
2010-2014       81      0.07371  0.07109  0.50   50145    3565   48362   362105   7.22
2010-2014       82      0.08284  0.07954  0.50   46580    3705   44727   313743   6.74
2010-2014       83      0.09295  0.08882  0.50   42875    3808   40971   269015   6.27
2010-2014       84      0.10392  0.09878  0.50   39067    3859   37137   228044   5.84
2010-2014       85      0.11595  0.10960  0.50   35208    3859   33278   190907   5.42
2010-2014       86      0.13050  0.12251  0.50   31349    3840   29429   157629   5.03
2010-2014       87      0.14608  0.13614  0.50   27508    3745   25636   128200   4.66
2010-2014       88      0.16326  0.15094  0.50   23763    3587   21970   102564   4.32
2010-2014       89      0.18278  0.16748  0.50   20177    3379   18487    80594   3.99
2010-2014       90      0.20457  0.18559  0.50   16798    3117   15239    62107   3.70
2010-2014       91      0.22999  0.20627  0.50   13680    2822   12269    46869   3.43
2010-2014       92      0.25526  0.22637  0.50   10858    2458    9629    34599   3.19
2010-2014       93      0.27907  0.24490  0.50    8400    2057    7372    24970   2.97
2010-2014       94      0.30048  0.26123  0.50    6343    1657    5515    17598   2.77
2010-2014       95      0.33297  0.28545  0.50    4686    1338    4017    12084   2.58
2010-2014       96      0.36296  0.30720  0.50    3348    1029    2834     8066   2.41
2010-2014       97      0.39405  0.32919  0.50    2320     764    1938     5232   2.26
2010-2014       98      0.42602  0.35121  0.50    1556     547    1283     3294   2.12
2010-2014       99      0.45862  0.37307  0.50    1010     377     821     2012   1.99
2010-2014      100      0.49158  0.39459  0.50     633     250     508     1190   1.88
2010-2014      101      0.52461  0.41560  0.50     383     159     304      682   1.78
2010-2014      102      0.55743  0.43593  0.50     224      98     175      379   1.69
2010-2014      103      0.58976  0.45546  0.50     126      58      98      203   1.61
2010-2014      104      0.62133  0.47406  0.50      69      33      52      106   1.54
2010-2014      105      0.65190  0.49165  0.50      36      18      27       53   1.48
2010-2014      106      0.68127  0.50817  0.50      18       9      14       26   1.42
2010-2014      107      0.70927  0.52359  0.50       9       5       7       12   1.37
2010-2014      108      0.73577  0.53789  0.50       4       2       3        6   1.33
2010-2014      109      0.76066  0.55107  0.50       2       1       1        3   1.30
2010-2014      110+     0.78389  1.00000  1.28       1       1       1        1   1.28
2015-2017        0      0.00359  0.00358  0.14  100000     358   99693  7836042  78.36
2015-2017        1      0.00029  0.00029  0.50   99642      29   99628  7736349  77.64
2015-2017        2      0.00017  0.00017  0.50   99613      17   99605  7636721  76.66
2015-2017        3      0.00011  0.00011  0.50   99597      11   99591  7537116  75.68
2015-2017        4      0.00011  0.00011  0.50   99586      11   99581  7437525  74.68
2015-2017        5      0.00010  0.00010  0.50   99576      10   99571  7337944  73.69
2015-2017        6      0.00009  0.00009  0.50   99566       9   99561  7238373  72.70
2015-2017        7      0.00008  0.00008  0.50   99556       8   99552  7138812  71.71
2015-2017        8      0.00008  0.00008  0.50   99549       8   99544  7039260  70.71
2015-2017        9      0.00007  0.00007  0.50   99540       7   99537  6939716  69.72
2015-2017       10      0.00007  0.00007  0.50   99533       7   99530  6840179  68.72
2015-2017       11      0.00008  0.00008  0.50   99526       8   99522  6740649  67.73
2015-2017       12      0.00006  0.00006  0.50   99518       6   99515  6641128  66.73
2015-2017       13      0.00009  0.00009  0.50   99511       9   99507  6541613  65.74
2015-2017       14      0.00013  0.00013  0.50   99502      12   99496  6442106  64.74
2015-2017       15      0.00015  0.00015  0.50   99490      15   99482  6342610  63.75
2015-2017       16      0.00025  0.00025  0.50   99475      24   99463  6243128  62.76
2015-2017       17      0.00028  0.00028  0.50   99450      28   99436  6143665  61.78
2015-2017       18      0.00037  0.00037  0.50   99422      37   99404  6044229  60.79
2015-2017       19      0.00041  0.00041  0.50   99385      40   99365  5944825  59.82
2015-2017       20      0.00045  0.00045  0.50   99345      45   99323  5845460  58.84
2015-2017       21      0.00043  0.00043  0.50   99300      43   99279  5746138  57.87
2015-2017       22      0.00046  0.00046  0.50   99258      45   99235  5646859  56.89
2015-2017       23      0.00042  0.00042  0.50   99212      42   99192  5547624  55.92
2015-2017       24      0.00047  0.00047  0.50   99171      47   99147  5448432  54.94
2015-2017       25      0.00045  0.00045  0.50   99124      45   99102  5349285  53.97
2015-2017       26      0.00047  0.00047  0.50   99079      46   99056  5250183  52.99
2015-2017       27      0.00049  0.00049  0.50   99033      49   99009  5151127  52.01
2015-2017       28      0.00050  0.00050  0.50   98985      49   98960  5052118  51.04
2015-2017       29      0.00057  0.00057  0.50   98935      56   98907  4953158  50.06
2015-2017       30      0.00058  0.00058  0.50   98879      57   98850  4854251  49.09
2015-2017       31      0.00068  0.00067  0.50   98822      67   98788  4755401  48.12
2015-2017       32      0.00069  0.00069  0.50   98755      68   98721  4656613  47.15
2015-2017       33      0.00073  0.00073  0.50   98687      72   98651  4557892  46.19
2015-2017       34      0.00079  0.00079  0.50   98615      78   98575  4459241  45.22
2015-2017       35      0.00086  0.00086  0.50   98536      84   98494  4360666  44.25
2015-2017       36      0.00089  0.00089  0.50   98452      88   98408  4262171  43.29
2015-2017       37      0.00100  0.00100  0.50   98364      99   98315  4163763  42.33
2015-2017       38      0.00104  0.00104  0.50   98266     102   98215  4065448  41.37
2015-2017       39      0.00110  0.00110  0.50   98164     108   98110  3967233  40.41
2015-2017       40      0.00126  0.00126  0.50   98056     123   97995  3869123  39.46
2015-2017       41      0.00133  0.00133  0.50   97933     130   97868  3771128  38.51
2015-2017       42      0.00145  0.00145  0.50   97803     142   97732  3673260  37.56
2015-2017       43      0.00159  0.00159  0.50   97661     155   97584  3575528  36.61
2015-2017       44      0.00181  0.00181  0.50   97506     176   97418  3477945  35.67
2015-2017       45      0.00201  0.00201  0.50   97330     196   97232  3380526  34.73
2015-2017       46      0.00221  0.00221  0.50   97134     214   97027  3283294  33.80
2015-2017       47      0.00243  0.00243  0.50   96920     235   96802  3186267  32.88
2015-2017       48      0.00273  0.00272  0.50   96685     263   96553  3089465  31.95
2015-2017       49      0.00304  0.00304  0.50   96422     293   96275  2992912  31.04
2015-2017       50      0.00340  0.00340  0.50   96128     327   95965  2896637  30.13
2015-2017       51      0.00377  0.00376  0.50   95802     360   95621  2800672  29.23
2015-2017       52      0.00429  0.00428  0.50   95441     408   95237  2705050  28.34
2015-2017       53      0.00482  0.00481  0.50   95033     457   94804  2609813  27.46
2015-2017       54      0.00548  0.00546  0.50   94576     516   94318  2515009  26.59
2015-2017       55      0.00606  0.00605  0.50   94059     569   93775  2420691  25.74
2015-2017       56      0.00676  0.00674  0.50   93491     630   93176  2326916  24.89
2015-2017       57      0.00741  0.00738  0.50   92860     685   92518  2233741  24.05
2015-2017       58      0.00835  0.00832  0.50   92175     767   91792  2141223  23.23
2015-2017       59      0.00919  0.00915  0.50   91408     836   90990  2049431  22.42
2015-2017       60      0.00999  0.00994  0.50   90572     900   90122  1958441  21.62
2015-2017       61      0.01099  0.01093  0.50   89672     980   89181  1868319  20.84
2015-2017       62      0.01208  0.01201  0.50   88691    1065   88159  1779138  20.06
2015-2017       63      0.01318  0.01310  0.50   87626    1148   87053  1690979  19.30
2015-2017       64      0.01436  0.01426  0.50   86479    1233   85862  1603927  18.55
2015-2017       65      0.01557  0.01545  0.50   85246    1317   84587  1518064  17.81
2015-2017       66      0.01653  0.01640  0.50   83928    1376   83240  1433477  17.08
2015-2017       67      0.01805  0.01789  0.50   82552    1477   81814  1350237  16.36
2015-2017       68      0.01936  0.01917  0.50   81076    1554   80299  1268423  15.64
2015-2017       69      0.02105  0.02083  0.50   79521    1657   78693  1188125  14.94
2015-2017       70      0.02292  0.02266  0.50   77865    1765   76983  1109431  14.25
2015-2017       71      0.02493  0.02463  0.50   76100    1874   75163  1032449  13.57
2015-2017       72      0.02679  0.02644  0.50   74226    1962   73245   957286  12.90
2015-2017       73      0.02930  0.02888  0.50   72264    2087   71221   884041  12.23
2015-2017       74      0.03124  0.03076  0.50   70177    2159   69098   812820  11.58
2015-2017       75      0.03485  0.03425  0.50   68018    2330   66853   743722  10.93
2015-2017       76      0.03808  0.03737  0.50   65689    2455   64461   676869  10.30
2015-2017       77      0.04228  0.04141  0.50   63234    2618   61925   612408   9.68
2015-2017       78      0.04699  0.04591  0.50   60616    2783   59224   550483   9.08
2015-2017       79      0.05247  0.05113  0.50   57833    2957   56354   491259   8.49
2015-2017       80      0.06004  0.05829  0.50   54876    3199   53276   434905   7.93
2015-2017       81      0.06787  0.06564  0.50   51677    3392   49981   381628   7.38
2015-2017       82      0.07726  0.07438  0.50   48285    3592   46489   331647   6.87
2015-2017       83      0.08668  0.08308  0.50   44693    3713   42837   285158   6.38
2015-2017       84      0.09920  0.09451  0.50   40980    3873   39044   242321   5.91
2015-2017       85      0.11353  0.10743  0.50   37107    3987   35114   203278   5.48
2015-2017       86      0.12765  0.12000  0.50   33121    3974   31134   168164   5.08
2015-2017       87      0.14298  0.13344  0.50   29146    3889   27202   137030   4.70
2015-2017       88      0.16147  0.14940  0.50   25257    3774   23370   109828   4.35
2015-2017       89      0.17860  0.16396  0.50   21484    3522   19722    86458   4.02
2015-2017       90      0.20100  0.18265  0.50   17961    3281   16321    66736   3.72
2015-2017       91      0.22482  0.20210  0.50   14680    2967   13197    50415   3.43
2015-2017       92      0.25383  0.22524  0.50   11714    2638   10394    37218   3.18
2015-2017       93      0.27479  0.24159  0.50    9075    2192    7979    26824   2.96
2015-2017       94      0.30768  0.26666  0.50    6883    1835    5965    18845   2.74
2015-2017       95      0.33535  0.28719  0.50    5047    1450    4323    12880   2.55
2015-2017       96      0.36680  0.30996  0.50    3598    1115    3040     8557   2.38
2015-2017       97      0.39944  0.33294  0.50    2483     827    2069     5517   2.22
2015-2017       98      0.43299  0.35593  0.50    1656     589    1361     3448   2.08
2015-2017       99      0.46717  0.37871  0.50    1067     404     865     2086   1.96
2015-2017      100      0.50166  0.40106  0.50     663     266     530     1222   1.84
2015-2017      101      0.53613  0.42280  0.50     397     168     313      692   1.74
2015-2017      102      0.57027  0.44374  0.50     229     102     178      379   1.65
2015-2017      103      0.60374  0.46375  0.50     127      59      98      201   1.58
2015-2017      104      0.63627  0.48271  0.50      68      33      52      103   1.51
2015-2017      105      0.66761  0.50053  0.50      35      18      27       51   1.44
2015-2017      106      0.69752  0.51716  0.50      18       9      13       25   1.39
2015-2017      107      0.72585  0.53257  0.50       9       5       6       11   1.34
2015-2017      108      0.75247  0.54676  0.50       4       2       3        5   1.30
2015-2017      109      0.77729  0.55975  0.50       2       1       1        2   1.27
2015-2017      110+     0.80029  1.00000  1.25       1       1       1        1   1.25
