Bulgaria, Exposure to risk (period 1x10), 	Last modified: 27 Sep 2019;  Methods Protocol: v6 (2017)

  Year          Age             Female            Male           Total
1947-1949        0            231766.13       244246.80       476012.94
1947-1949        1            213037.37       222373.31       435410.68
1947-1949        2            200016.94       208337.71       408354.66
1947-1949        3            190144.03       197563.48       387707.51
1947-1949        4            182961.89       189895.11       372857.00
1947-1949        5            180177.81       187183.74       367361.55
1947-1949        6            179825.10       186865.42       366690.52
1947-1949        7            176880.70       183743.41       360624.11
1947-1949        8            175728.90       182078.75       357807.65
1947-1949        9            175102.89       181337.46       356440.35
1947-1949       10            178619.22       185259.91       363879.13
1947-1949       11            182249.39       189386.80       371636.20
1947-1949       12            192566.75       199842.12       392408.87
1947-1949       13            200647.28       207786.14       408433.42
1947-1949       14            208976.18       216097.44       425073.62
1947-1949       15            207850.12       215060.62       422910.74
1947-1949       16            205211.73       212985.80       418197.53
1947-1949       17            204232.08       212101.07       416333.16
1947-1949       18            204221.03       210678.09       414899.12
1947-1949       19            205896.49       210869.61       416766.10
1947-1949       20            208361.14       212230.94       420592.07
1947-1949       21            211176.08       217437.78       428613.87
1947-1949       22            216064.09       224422.38       440486.48
1947-1949       23            215359.45       221253.40       436612.85
1947-1949       24            213802.29       214289.63       428091.92
1947-1949       25            208657.08       205159.65       413816.73
1947-1949       26            201885.18       198712.16       400597.34
1947-1949       27            193831.45       192992.08       386823.53
1947-1949       28            169207.54       169572.64       338780.19
1947-1949       29            136287.91       136428.90       272716.80
1947-1949       30            106390.27       105134.15       211524.42
1947-1949       31            108433.01       106646.11       215079.12
1947-1949       32            136539.12       137162.30       273701.42
1947-1949       33            155090.53       157905.47       312996.00
1947-1949       34            158317.75       161471.18       319788.93
1947-1949       35            154968.81       157914.44       312883.26
1947-1949       36            157244.18       161145.45       318389.62
1947-1949       37            162800.40       168640.19       331440.60
1947-1949       38            158279.71       164179.46       322459.17
1947-1949       39            155775.83       161030.19       316806.02
1947-1949       40            152807.76       156879.97       309687.74
1947-1949       41            151929.89       156018.75       307948.64
1947-1949       42            149756.70       154258.90       304015.60
1947-1949       43            143481.19       148591.24       292072.43
1947-1949       44            136035.70       141349.90       277385.61
1947-1949       45            129095.35       133372.21       262467.56
1947-1949       46            126770.64       129386.65       256157.29
1947-1949       47            125663.02       126723.99       252387.01
1947-1949       48            119679.36       119972.52       239651.89
1947-1949       49            111128.37       112275.60       223403.97
1947-1949       50            104410.75       105478.48       209889.23
1947-1949       51            102892.20       102603.22       205495.43
1947-1949       52             99076.34        97536.56       196612.90
1947-1949       53             91269.15        89222.91       180492.06
1947-1949       54             82506.39        80358.26       162864.64
1947-1949       55             80086.83        73888.81       153975.64
1947-1949       56             85639.96        70425.48       156065.44
1947-1949       57             91151.64        67616.00       158767.64
1947-1949       58             91363.83        66633.61       157997.44
1947-1949       59             85410.08        66820.02       152230.10
1947-1949       60             83095.36        68684.22       151779.58
1947-1949       61             86300.35        72982.22       159282.57
1947-1949       62             88262.74        75533.24       163795.98
1947-1949       63             83984.35        73463.10       157447.46
1947-1949       64             73771.70        67629.05       141400.75
1947-1949       65             66894.25        62351.94       129246.19
1947-1949       66             65486.06        60106.44       125592.50
1947-1949       67             63125.02        55721.41       118846.43
1947-1949       68             56732.42        48885.41       105617.82
1947-1949       69             47684.17        42307.59        89991.76
1947-1949       70             43153.87        37933.87        81087.74
1947-1949       71             41928.55        35195.38        77123.92
1947-1949       72             38282.51        31365.98        69648.48
1947-1949       73             31981.54        26963.51        58945.05
1947-1949       74             24835.47        23000.80        47836.28
1947-1949       75             21995.81        20582.65        42578.46
1947-1949       76             22576.97        20284.45        42861.42
1947-1949       77             22648.03        20070.15        42718.18
1947-1949       78             19552.30        18274.32        37826.62
1947-1949       79             14882.93        14989.97        29872.90
1947-1949       80             12534.97        12496.30        25031.27
1947-1949       81             11621.00        11201.76        22822.76
1947-1949       82             10892.00        10387.97        21279.96
1947-1949       83              9651.49         9336.72        18988.21
1947-1949       84              7851.41         7675.25        15526.66
1947-1949       85              6583.07         6250.72        12833.79
1947-1949       86              6230.52         5608.46        11838.98
1947-1949       87              5761.02         5138.14        10899.16
1947-1949       88              4382.92         4004.63         8387.55
1947-1949       89              2976.97         2797.64         5774.60
1947-1949       90              2211.79         1996.06         4207.84
1947-1949       91              2036.08         1726.22         3762.30
1947-1949       92              1731.68         1464.39         3196.07
1947-1949       93              1318.01         1166.80         2484.80
1947-1949       94               921.83          865.06         1786.89
1947-1949       95               754.51          693.32         1447.83
1947-1949       96               703.23          610.75         1313.97
1947-1949       97               605.78          535.78         1141.56
1947-1949       98               433.96          381.07          815.03
1947-1949       99               293.28          257.39          550.67
1947-1949      100               210.88          177.82          388.71
1947-1949      101               165.60          145.10          310.69
1947-1949      102               123.20          110.27          233.47
1947-1949      103                89.88           80.93          170.81
1947-1949      104                64.89           58.88          123.77
1947-1949      105                46.56           42.57           89.13
1947-1949      106                33.25           30.30           63.55
1947-1949      107                23.57           20.94           44.51
1947-1949      108                16.44           13.83           30.27
1947-1949      109                11.03            8.84           19.87
1947-1949      110+               12.99            8.99           21.99
1950-1959        0            704646.88       740945.16      1445592.04
1950-1959        1            688504.41       719378.85      1407883.26
1950-1959        2            689245.81       719378.87      1408624.68
1950-1959        3            690228.39       720002.03      1410230.43
1950-1959        4            690913.12       719815.71      1410728.83
1950-1959        5            686018.53       713977.39      1399995.92
1950-1959        6            677910.91       704660.95      1382571.86
1950-1959        7            667068.12       692688.76      1359756.88
1950-1959        8            656841.31       681753.66      1338594.97
1950-1959        9            644107.49       667784.33      1311891.82
1950-1959       10            627639.08       649634.50      1277273.58
1950-1959       11            613162.11       633626.90      1246789.01
1950-1959       12            602081.48       621710.79      1223792.27
1950-1959       13            593729.88       612308.74      1206038.62
1950-1959       14            584738.30       602106.50      1186844.80
1950-1959       15            590794.13       606827.82      1197621.96
1950-1959       16            599923.51       614276.34      1214199.85
1950-1959       17            609311.19       622528.36      1231839.54
1950-1959       18            618599.83       630683.29      1249283.12
1950-1959       19            625419.17       636693.45      1262112.62
1950-1959       20            634412.24       645072.24      1279484.48
1950-1959       21            643444.77       652741.25      1296186.03
1950-1959       22            652038.61       660170.38      1312208.99
1950-1959       23            660387.74       668480.17      1328867.91
1950-1959       24            667861.44       678586.65      1346448.08
1950-1959       25            671130.21       684198.76      1355328.96
1950-1959       26            670554.01       682068.49      1352622.50
1950-1959       27            669492.32       677950.57      1347442.89
1950-1959       28            669248.85       675205.98      1344454.82
1950-1959       29            666039.78       670304.30      1336344.08
1950-1959       30            658884.05       662418.75      1321302.80
1950-1959       31            635432.86       638385.11      1273817.98
1950-1959       32            598003.46       599953.01      1197956.47
1950-1959       33            559466.07       559573.18      1119039.24
1950-1959       34            535355.07       534150.64      1069505.72
1950-1959       35            521287.34       521116.99      1042404.33
1950-1959       36            502137.90       503948.86      1006086.76
1950-1959       37            483542.45       486784.45       970326.90
1950-1959       38            471370.86       476391.50       947762.36
1950-1959       39            460626.29       467612.06       928238.35
1950-1959       40            453804.98       462462.32       916267.29
1950-1959       41            460316.28       469913.36       930229.64
1950-1959       42            478632.37       490158.67       968791.04
1950-1959       43            498475.33       511567.20      1010042.53
1950-1959       44            501643.86       515954.41      1017598.27
1950-1959       45            491026.51       505228.59       996255.10
1950-1959       46            485458.97       499648.20       985107.17
1950-1959       47            479078.14       494248.23       973326.37
1950-1959       48            465103.63       479513.13       944616.75
1950-1959       49            455822.54       467345.35       923167.89
1950-1959       50            442661.72       451405.79       894067.51
1950-1959       51            427456.64       434000.68       861457.32
1950-1959       52            411583.20       416277.31       827860.51
1950-1959       53            395503.26       397508.60       793011.86
1950-1959       54            379913.84       377877.43       757791.26
1950-1959       55            363244.21       356920.45       720164.67
1950-1959       56            345910.90       335532.42       681443.32
1950-1959       57            329228.87       314556.24       643785.11
1950-1959       58            315802.63       295368.73       611171.35
1950-1959       59            305005.63       275987.99       580993.62
1950-1959       60            293228.57       255998.60       549227.16
1950-1959       61            285312.07       243480.46       528792.53
1950-1959       62            275126.38       231542.66       506669.04
1950-1959       63            265931.09       219808.59       485739.68
1950-1959       64            259558.81       212493.22       472052.03
1950-1959       65            252640.85       206284.75       458925.60
1950-1959       66            244890.32       198705.87       443596.19
1950-1959       67            237055.83       192527.54       429583.38
1950-1959       68            227846.58       185668.15       413514.73
1950-1959       69            218224.80       178666.62       396891.42
1950-1959       70            204736.72       169374.73       374111.46
1950-1959       71            188912.70       156728.95       345641.65
1950-1959       72            173094.36       143751.72       316846.08
1950-1959       73            158611.79       131768.48       290380.27
1950-1959       74            142130.25       117593.82       259724.07
1950-1959       75            124807.90       103087.90       227895.80
1950-1959       76            108890.64        89920.06       198810.69
1950-1959       77             93919.88        76994.65       170914.53
1950-1959       78             80053.43        64741.02       144794.45
1950-1959       79             67391.48        54620.63       122012.11
1950-1959       80             59448.99        50466.98       109915.97
1950-1959       81             50700.11        43685.60        94385.71
1950-1959       82             42877.82        37333.38        80211.20
1950-1959       83             35909.11        31536.34        67445.45
1950-1959       84             29933.40        26809.01        56742.41
1950-1959       85             25099.94        22845.94        47945.88
1950-1959       86             21037.66        19250.08        40287.74
1950-1959       87             17564.67        15858.51        33423.18
1950-1959       88             14607.93        13115.56        27723.49
1950-1959       89             12092.51        10771.35        22863.86
1950-1959       90              9627.54         8502.02        18129.56
1950-1959       91              7615.70         6686.52        14302.22
1950-1959       92              6000.30         5213.11        11213.41
1950-1959       93              4806.33         4153.51         8959.84
1950-1959       94              3929.75         3297.77         7227.52
1950-1959       95              3018.69         2496.44         5515.13
1950-1959       96              2260.48         1849.06         4109.54
1950-1959       97              1741.93         1405.67         3147.60
1950-1959       98              1295.96         1087.77         2383.73
1950-1959       99               959.87          815.47         1775.34
1950-1959      100               710.89          597.85         1308.74
1950-1959      101               526.14          426.97          953.11
1950-1959      102               388.53          304.32          692.85
1950-1959      103               269.72          209.78          479.50
1950-1959      104               179.62          140.38          320.00
1950-1959      105               123.42           93.76          217.18
1950-1959      106                83.42           61.20          144.62
1950-1959      107                55.02           39.22           94.24
1950-1959      108                33.61           23.62           57.24
1950-1959      109                17.26           11.82           29.08
1950-1959      110+               11.94            6.96           18.90
1960-1969        0            634612.98       670257.85      1304870.84
1960-1969        1            620040.35       653539.72      1273580.07
1960-1969        2            619887.39       652655.61      1272543.00
1960-1969        3            625774.99       657613.21      1283388.19
1960-1969        4            629911.54       661219.79      1291131.33
1960-1969        5            630623.44       661057.30      1291680.74
1960-1969        6            635486.87       665447.01      1300933.87
1960-1969        7            644892.60       674690.50      1319583.11
1960-1969        8            649219.53       678032.53      1327252.06
1960-1969        9            657912.53       685980.50      1343893.03
1960-1969       10            672194.69       699765.90      1371960.59
1960-1969       11            681404.88       709047.99      1390452.87
1960-1969       12            682999.11       710677.11      1393676.22
1960-1969       13            681912.07       709601.39      1391513.46
1960-1969       14            680986.40       708191.11      1389177.51
1960-1969       15            673238.31       699174.21      1372412.52
1960-1969       16            665178.96       689436.93      1354615.89
1960-1969       17            654581.76       676396.99      1330978.75
1960-1969       18            645078.43       664631.26      1309709.69
1960-1969       19            631192.62       650278.69      1281471.30
1960-1969       20            614934.94       632376.56      1247311.50
1960-1969       21            599055.70       614132.82      1213188.53
1960-1969       22            588804.95       602175.09      1190980.04
1960-1969       23            581153.80       590844.18      1171997.98
1960-1969       24            573971.53       579483.11      1153454.64
1960-1969       25            580180.92       583074.88      1163255.80
1960-1969       26            589979.70       591528.12      1181507.83
1960-1969       27            598494.32       599990.51      1198484.83
1960-1969       28            607903.81       610540.61      1218444.42
1960-1969       29            613523.48       617748.39      1231271.87
1960-1969       30            622533.68       628311.14      1250844.81
1960-1969       31            630061.51       637205.94      1267267.45
1960-1969       32            638533.72       646161.18      1284694.89
1960-1969       33            645363.42       653658.50      1299021.92
1960-1969       34            652099.38       661448.02      1313547.40
1960-1969       35            654479.12       664261.43      1318740.55
1960-1969       36            654400.43       662983.81      1317384.25
1960-1969       37            652110.98       658687.16      1310798.14
1960-1969       38            651913.96       656772.73      1308686.69
1960-1969       39            647776.48       651432.49      1299208.97
1960-1969       40            640509.82       643715.31      1284225.14
1960-1969       41            616210.57       619122.91      1235333.48
1960-1969       42            579628.55       580915.05      1160543.61
1960-1969       43            542137.93       541305.70      1083443.64
1960-1969       44            519084.92       516514.56      1035599.48
1960-1969       45            504750.96       503123.39      1007874.36
1960-1969       46            486458.66       485956.81       972415.47
1960-1969       47            466210.66       467168.33       933378.99
1960-1969       48            453789.47       456056.55       909846.02
1960-1969       49            441204.16       445874.11       887078.28
1960-1969       50            434105.73       440519.44       874625.17
1960-1969       51            440043.15       446510.19       886553.34
1960-1969       52            456916.28       464568.27       921484.55
1960-1969       53            473384.24       482155.93       955540.17
1960-1969       54            475611.65       484044.09       959655.74
1960-1969       55            463877.75       470476.86       934354.61
1960-1969       56            458472.09       462673.15       921145.24
1960-1969       57            451212.52       453715.97       904928.49
1960-1969       58            438105.70       436428.31       874534.01
1960-1969       59            426740.26       420010.63       846750.89
1960-1969       60            412230.76       401472.34       813703.10
1960-1969       61            395375.46       380913.65       776289.11
1960-1969       62            378330.39       360905.47       739235.87
1960-1969       63            360794.90       340248.70       701043.60
1960-1969       64            342469.57       317963.29       660432.86
1960-1969       65            321730.40       294348.13       616078.54
1960-1969       66            303085.42       272993.04       576078.46
1960-1969       67            283044.40       251322.71       534367.11
1960-1969       68            266942.00       232802.92       499744.92
1960-1969       69            249702.70       211852.18       461554.88
1960-1969       70            234418.59       191814.65       426233.24
1960-1969       71            221460.66       176813.91       398274.57
1960-1969       72            207416.60       162083.02       369499.63
1960-1969       73            193238.23       147649.74       340887.97
1960-1969       74            181022.27       136130.35       317152.62
1960-1969       75            169112.43       126082.98       295195.41
1960-1969       76            157185.50       116218.58       273404.08
1960-1969       77            143783.66       106593.35       250377.01
1960-1969       78            132238.30        98078.86       230317.16
1960-1969       79            117961.15        88730.28       206691.43
1960-1969       80            105292.73        78926.35       184219.08
1960-1969       81             90648.10        68282.50       158930.60
1960-1969       82             77215.62        58327.05       135542.67
1960-1969       83             64874.89        49227.13       114102.02
1960-1969       84             53276.18        40362.83        93639.01
1960-1969       85             42637.47        32106.46        74743.93
1960-1969       86             33841.96        25577.62        59419.58
1960-1969       87             26499.88        20016.39        46516.27
1960-1969       88             20756.30        15713.66        36469.96
1960-1969       89             15969.52        12323.72        28293.25
1960-1969       90             12234.61         9858.27        22092.88
1960-1969       91              9395.04         7668.38        17063.42
1960-1969       92              7309.73         5949.20        13258.93
1960-1969       93              5562.35         4541.39        10103.74
1960-1969       94              4231.77         3447.98         7679.75
1960-1969       95              3223.13         2637.81         5860.94
1960-1969       96              2463.30         2009.25         4472.55
1960-1969       97              1828.95         1507.11         3336.07
1960-1969       98              1380.76         1149.94         2530.71
1960-1969       99              1047.20          859.66         1906.87
1960-1969      100               772.56          637.25         1409.81
1960-1969      101               539.40          449.30          988.70
1960-1969      102               374.33          312.76          687.09
1960-1969      103               268.53          221.24          489.77
1960-1969      104               194.88          154.72          349.60
1960-1969      105               130.54          103.82          234.36
1960-1969      106                86.04           67.94          153.98
1960-1969      107                55.38           43.60           98.98
1960-1969      108                36.71           26.04           62.74
1960-1969      109                23.63           15.25           38.88
1960-1969      110+               26.99           12.96           39.94
1970-1979        0            672330.42       709927.52      1382257.93
1970-1979        1            668432.00       704467.15      1372899.15
1970-1979        2            660442.29       696283.95      1356726.24
1970-1979        3            649034.49       684232.84      1333267.34
1970-1979        4            635811.76       670626.54      1306438.29
1970-1979        5            626021.36       660596.11      1286617.46
1970-1979        6            617519.45       651637.24      1269156.69
1970-1979        7            615309.00       648867.94      1264176.94
1970-1979        8            615126.42       648930.75      1264057.17
1970-1979        9            613606.39       647592.57      1261198.96
1970-1979       10            607780.05       641560.50      1249340.55
1970-1979       11            604532.07       638528.90      1243060.96
1970-1979       12            608671.75       641948.77      1250620.52
1970-1979       13            617338.07       648968.58      1266306.65
1970-1979       14            625982.50       656947.58      1282930.08
1970-1979       15            632739.05       662966.31      1295705.36
1970-1979       16            637019.29       666038.92      1303058.21
1970-1979       17            640358.18       668974.77      1309332.95
1970-1979       18            639675.78       668047.47      1307723.25
1970-1979       19            643752.12       672118.95      1315871.07
1970-1979       20            653236.67       681170.86      1334407.54
1970-1979       21            658977.88       684421.71      1343399.59
1970-1979       22            662278.63       683553.32      1345831.95
1970-1979       23            664551.02       682049.89      1346600.91
1970-1979       24            665241.23       680644.64      1345885.87
1970-1979       25            659698.47       673804.18      1333502.65
1970-1979       26            650953.42       662708.08      1313661.50
1970-1979       27            641712.62       651713.52      1293426.15
1970-1979       28            632930.12       643192.43      1276122.55
1970-1979       29            620207.06       627288.77      1247495.83
1970-1979       30            605823.91       610557.25      1216381.16
1970-1979       31            592288.46       595556.38      1187844.84
1970-1979       32            581548.10       584846.98      1166395.07
1970-1979       33            574363.97       577268.56      1151632.53
1970-1979       34            566139.99       569369.22      1135509.21
1970-1979       35            572555.75       576513.47      1149069.22
1970-1979       36            581025.01       584612.50      1165637.51
1970-1979       37            589241.65       592886.81      1182128.46
1970-1979       38            598114.04       601568.02      1199682.06
1970-1979       39            603375.78       607129.01      1210504.80
1970-1979       40            611522.42       615542.93      1227065.35
1970-1979       41            619362.14       622884.83      1242246.97
1970-1979       42            626155.96       630482.20      1256638.16
1970-1979       43            632009.80       637708.39      1269718.20
1970-1979       44            636416.03       642310.40      1278726.42
1970-1979       45            639565.51       645405.33      1284970.85
1970-1979       46            637118.92       641780.22      1278899.14
1970-1979       47            633919.36       635517.45      1269436.82
1970-1979       48            632475.41       630922.06      1263397.47
1970-1979       49            627174.26       623518.34      1250692.60
1970-1979       50            619484.96       613658.49      1233143.45
1970-1979       51            594392.76       587860.63      1182253.39
1970-1979       52            557222.73       549644.40      1106867.13
1970-1979       53            517300.27       508627.65      1025927.93
1970-1979       54            491263.90       482836.33       974100.23
1970-1979       55            480142.78       467169.10       947311.87
1970-1979       56            461686.37       449070.46       910756.84
1970-1979       57            442492.01       429520.65       872012.67
1970-1979       58            429762.89       415883.90       845646.79
1970-1979       59            415708.79       402649.88       818358.66
1970-1979       60            407105.98       395134.65       802240.63
1970-1979       61            410643.88       396194.76       806838.65
1970-1979       62            423875.21       406278.75       830153.96
1970-1979       63            438553.26       416884.66       855437.93
1970-1979       64            437800.35       412555.26       850355.61
1970-1979       65            421809.89       394103.19       815913.09
1970-1979       66            409479.81       379555.19       789035.00
1970-1979       67            396175.44       365598.11       761773.54
1970-1979       68            374868.62       342619.42       717488.05
1970-1979       69            355148.34       320586.27       675734.61
1970-1979       70            335931.46       297678.07       633609.53
1970-1979       71            313622.64       273820.72       587443.35
1970-1979       72            292361.15       250568.69       542929.84
1970-1979       73            270235.48       227005.68       497241.16
1970-1979       74            248211.58       204108.46       452320.04
1970-1979       75            226160.00       181073.51       407233.51
1970-1979       76            202131.18       159078.13       361209.30
1970-1979       77            178583.60       137738.75       316322.36
1970-1979       78            157818.33       119348.55       277166.88
1970-1979       79            137234.20       101710.15       238944.35
1970-1979       80            122611.39        87103.32       209714.71
1970-1979       81            107252.13        74165.59       181417.72
1970-1979       82             92936.93        62751.92       155688.85
1970-1979       83             79420.95        52352.95       131773.90
1970-1979       84             67872.65        44108.51       111981.16
1970-1979       85             57493.35        37297.55        94790.89
1970-1979       86             48047.51        31037.55        79085.05
1970-1979       87             39658.09        25442.24        65100.33
1970-1979       88             32252.69        20800.26        53052.96
1970-1979       89             25768.10        16653.85        42421.95
1970-1979       90             20251.73        13119.85        33371.58
1970-1979       91             15290.60         9869.34        25159.94
1970-1979       92             11455.45         7486.39        18941.84
1970-1979       93              8524.39         5675.63        14200.02
1970-1979       94              6353.18         4194.99        10548.17
1970-1979       95              4625.97         3095.96         7721.93
1970-1979       96              3420.46         2291.78         5712.24
1970-1979       97              2516.04         1686.06         4202.10
1970-1979       98              1858.97         1253.83         3112.80
1970-1979       99              1368.69          962.39         2331.08
1970-1979      100               956.67          716.82         1673.49
1970-1979      101               643.33          493.97         1137.31
1970-1979      102               423.66          331.56          755.22
1970-1979      103               271.71          217.23          488.94
1970-1979      104               166.30          139.38          305.68
1970-1979      105               100.79           89.68          190.46
1970-1979      106                58.96           55.29          114.25
1970-1979      107                31.36           31.19           62.55
1970-1979      108                15.01           16.27           31.28
1970-1979      109                 5.14            6.95           12.09
1970-1979      110+                0.88            2.03            2.90
1980-1989        0            587839.85       619872.98      1207712.82
1980-1989        1            593417.17       625313.37      1218730.54
1980-1989        2            600653.39       632801.57      1233454.96
1980-1989        3            610009.93       643423.32      1253433.24
1980-1989        4            620160.09       654560.83      1274720.92
1980-1989        5            630367.62       665035.51      1295403.13
1980-1989        6            637911.05       672546.91      1310457.96
1980-1989        7            641782.41       676596.04      1318378.46
1980-1989        8            644043.06       678488.71      1322531.77
1980-1989        9            646724.25       681644.81      1328369.06
1980-1989       10            643417.81       678270.82      1321688.63
1980-1989       11            651004.63       685150.11      1336154.75
1980-1989       12            646120.86       680506.03      1326626.89
1980-1989       13            635415.74       670175.78      1305591.52
1980-1989       14            624766.06       659553.00      1284319.06
1980-1989       15            614893.58       649350.55      1264244.13
1980-1989       16            605342.62       639516.61      1244859.23
1980-1989       17            602324.23       635367.94      1237692.17
1980-1989       18            601707.29       633072.05      1234779.34
1980-1989       19            598274.13       628406.62      1226680.75
1980-1989       20            592347.57       620036.20      1212383.77
1980-1989       21            587037.31       612286.32      1199323.63
1980-1989       22            589516.62       612801.53      1202318.15
1980-1989       23            595122.44       617792.51      1212914.95
1980-1989       24            603516.70       625616.96      1229133.67
1980-1989       25            610196.22       631062.53      1241258.75
1980-1989       26            616464.21       636080.69      1252544.91
1980-1989       27            622896.61       640002.83      1262899.44
1980-1989       28            625776.43       639073.43      1264849.86
1980-1989       29            633533.81       642606.02      1276139.83
1980-1989       30            643710.83       649890.76      1293601.59
1980-1989       31            650202.02       654699.02      1304901.04
1980-1989       32            653638.97       658582.35      1312221.31
1980-1989       33            655060.62       660294.30      1315354.92
1980-1989       34            656621.80       660607.18      1317228.98
1980-1989       35            650359.36       653283.50      1303642.86
1980-1989       36            643242.49       644894.71      1288137.20
1980-1989       37            633607.17       634482.38      1268089.54
1980-1989       38            624523.87       624079.70      1248603.57
1980-1989       39            612493.56       611240.70      1223734.27
1980-1989       40            594642.04       592731.96      1187374.00
1980-1989       41            579543.66       576998.74      1156542.40
1980-1989       42            569632.41       566098.64      1135731.05
1980-1989       43            561733.16       556925.59      1118658.74
1980-1989       44            553735.14       548279.18      1102014.33
1980-1989       45            559010.93       552119.06      1111129.99
1980-1989       46            567185.09       558671.15      1125856.24
1980-1989       47            574335.45       565281.94      1139617.39
1980-1989       48            580103.97       571761.70      1151865.67
1980-1989       49            583645.95       575650.51      1159296.46
1980-1989       50            589220.36       580879.58      1170099.94
1980-1989       51            594349.02       585055.76      1179404.78
1980-1989       52            599425.25       588106.86      1187532.11
1980-1989       53            602948.43       589544.91      1192493.34
1980-1989       54            608302.28       592652.29      1200954.57
1980-1989       55            606696.97       587781.56      1194478.54
1980-1989       56            603318.13       581242.12      1184560.25
1980-1989       57            598022.42       571859.03      1169881.45
1980-1989       58            592940.90       563492.20      1156433.10
1980-1989       59            586446.32       552176.80      1138623.12
1980-1989       60            577571.16       536746.69      1114317.85
1980-1989       61            553339.40       509182.05      1062521.45
1980-1989       62            516476.26       469544.89       986021.15
1980-1989       63            478725.75       428641.84       907367.59
1980-1989       64            455427.18       400396.18       855823.36
1980-1989       65            433681.02       382791.85       816472.87
1980-1989       66            409846.43       359167.49       769013.92
1980-1989       67            384496.91       335211.01       719707.92
1980-1989       68            366033.47       317373.69       683407.16
1980-1989       69            349621.44       303108.11       652729.55
1980-1989       70            334374.32       289202.37       623576.69
1980-1989       71            325897.18       276714.04       602611.23
1980-1989       72            329032.10       276913.89       605945.99
1980-1989       73            327084.22       271564.19       598648.41
1980-1989       74            315428.00       258057.19       573485.19
1980-1989       75            291838.83       234643.09       526481.91
1980-1989       76            272349.14       214698.43       487047.57
1980-1989       77            252272.41       195130.22       447402.63
1980-1989       78            227605.91       172346.00       399951.92
1980-1989       79            204916.30       151523.79       356440.08
1980-1989       80            176754.05       126976.14       303730.19
1980-1989       81            152313.95       107627.31       259941.26
1980-1989       82            129532.98        90269.58       219802.56
1980-1989       83            108614.15        74495.51       183109.66
1980-1989       84             89973.43        60246.81       150220.24
1980-1989       85             73136.00        47729.20       120865.21
1980-1989       86             58376.83        37458.21        95835.04
1980-1989       87             45723.89        28937.53        74661.42
1980-1989       88             35630.92        22237.17        57868.09
1980-1989       89             27626.55        16715.33        44341.88
1980-1989       90             21175.56        12294.32        33469.88
1980-1989       91             16108.63         9036.42        25145.05
1980-1989       92             11935.76         6532.75        18468.52
1980-1989       93              8726.28         4675.95        13402.24
1980-1989       94              6447.82         3379.01         9826.82
1980-1989       95              4711.18         2446.05         7157.23
1980-1989       96              3438.01         1706.21         5144.22
1980-1989       97              2527.59         1248.08         3775.66
1980-1989       98              1850.03          915.43         2765.46
1980-1989       99              1352.43          666.52         2018.95
1980-1989      100               985.22          463.67         1448.89
1980-1989      101               654.70          304.02          958.72
1980-1989      102               433.38          198.68          632.06
1980-1989      103               284.70          128.23          412.93
1980-1989      104               187.08           81.80          268.88
1980-1989      105               116.36           49.71          166.07
1980-1989      106                70.52           28.62           99.13
1980-1989      107                41.05           15.12           56.17
1980-1989      108                22.02            7.00           29.03
1980-1989      109                10.43            2.78           13.21
1980-1989      110+                4.08            0.61            4.69
1990-1999        0            391127.78       413125.61       804253.38
1990-1999        1            404662.33       426943.72       831606.06
1990-1999        2            424670.06       447524.30       872194.36
1990-1999        3            443084.64       465817.30       908901.94
1990-1999        4            462846.49       486387.03       949233.52
1990-1999        5            479345.33       504460.85       983806.17
1990-1999        6            493935.59       520056.28      1013991.87
1990-1999        7            506167.71       532770.96      1038938.67
1990-1999        8            519041.72       546628.54      1065670.26
1990-1999        9            529583.99       558081.27      1087665.26
1990-1999       10            538971.46       568460.30      1107431.76
1990-1999       11            547088.38       577408.71      1124497.09
1990-1999       12            556418.80       587325.76      1143744.56
1990-1999       13            566646.77       598375.60      1165022.37
1990-1999       14            575984.84       608450.62      1184435.45
1990-1999       15            586495.60       618757.52      1205253.12
1990-1999       16            595122.71       626451.70      1221574.41
1990-1999       17            596760.20       626584.71      1223344.91
1990-1999       18            596306.70       624829.28      1221135.98
1990-1999       19            596301.96       623873.72      1220175.68
1990-1999       20            595514.69       622528.59      1218043.28
1990-1999       21            596225.55       622067.81      1218293.36
1990-1999       22            588459.93       613162.98      1201622.91
1990-1999       23            576867.78       600211.13      1177078.91
1990-1999       24            565753.38       587179.76      1152933.15
1990-1999       25            556786.31       576457.21      1133243.52
1990-1999       26            548551.05       567106.45      1115657.50
1990-1999       27            547556.30       564491.37      1112047.67
1990-1999       28            548889.50       563756.38      1112645.88
1990-1999       29            548551.69       561524.58      1110076.27
1990-1999       30            546464.13       557657.22      1104121.35
1990-1999       31            543473.86       553062.26      1096536.12
1990-1999       32            547050.88       554669.28      1101720.16
1990-1999       33            554709.71       560229.96      1114939.67
1990-1999       34            564034.08       567657.83      1131691.92
1990-1999       35            571233.73       572809.08      1144042.81
1990-1999       36            576549.07       576548.19      1153097.25
1990-1999       37            582106.72       580354.03      1162460.75
1990-1999       38            584306.53       580653.92      1164960.45
1990-1999       39            590809.50       585119.61      1175929.11
1990-1999       40            601157.06       593712.84      1194869.91
1990-1999       41            607839.05       598850.21      1206689.27
1990-1999       42            611476.20       601219.54      1212695.75
1990-1999       43            613924.77       602180.33      1216105.10
1990-1999       44            615177.22       601708.06      1216885.28
1990-1999       45            609305.74       594456.84      1203762.58
1990-1999       46            601669.10       585335.87      1187004.98
1990-1999       47            592811.64       574945.52      1167757.15
1990-1999       48            584095.23       564437.05      1148532.29
1990-1999       49            572071.14       550562.67      1122633.81
1990-1999       50            556359.42       532932.48      1089291.90
1990-1999       51            542264.87       516864.67      1059129.54
1990-1999       52            531409.60       504273.92      1035683.52
1990-1999       53            522918.83       493741.60      1016660.43
1990-1999       54            514384.90       483179.56       997564.46
1990-1999       55            518620.82       484723.54      1003344.36
1990-1999       56            524485.70       486992.54      1011478.24
1990-1999       57            529525.53       488903.12      1018428.66
1990-1999       58            534303.80       490824.55      1025128.34
1990-1999       59            536471.14       489837.32      1026308.46
1990-1999       60            539861.69       489830.67      1029692.35
1990-1999       61            542312.39       488401.82      1030714.22
1990-1999       62            544124.13       485691.64      1029815.77
1990-1999       63            543804.10       481095.75      1024899.85
1990-1999       64            542352.63       475421.79      1017774.42
1990-1999       65            537245.27       465578.52      1002823.79
1990-1999       66            527880.82       451053.11       978933.94
1990-1999       67            516857.13       434278.44       951135.57
1990-1999       68            506058.57       418200.83       924259.40
1990-1999       69            491833.60       399796.31       891629.91
1990-1999       70            473455.23       378550.21       852005.45
1990-1999       71            442163.20       347769.46       789932.65
1990-1999       72            401499.01       310394.67       711893.68
1990-1999       73            359988.62       273251.95       633240.57
1990-1999       74            328854.19       245368.33       574222.52
1990-1999       75            304208.32       224339.83       528548.15
1990-1999       76            276395.70       201819.19       478214.89
1990-1999       77            248488.04       179453.77       427941.81
1990-1999       78            224748.05       160586.46       385334.52
1990-1999       79            202660.01       143237.45       345897.46
1990-1999       80            183055.65       125454.52       308510.17
1990-1999       81            166903.11       112077.16       278980.27
1990-1999       82            154489.27       101695.94       256185.21
1990-1999       83            140857.06        90783.79       231640.84
1990-1999       84            123009.48        77517.77       200527.26
1990-1999       85            102118.66        62708.17       164826.83
1990-1999       86             84293.46        50379.41       134672.87
1990-1999       87             68252.52        39958.71       108211.23
1990-1999       88             52821.17        30200.60        83021.78
1990-1999       89             40310.82        22452.49        62763.31
1990-1999       90             29842.27        16227.60        46069.87
1990-1999       91             21500.70        11418.38        32919.08
1990-1999       92             15135.22         7904.88        23040.10
1990-1999       93             10580.78         5441.26        16022.05
1990-1999       94              7239.78         3691.82        10931.59
1990-1999       95              4837.58         2440.59         7278.17
1990-1999       96              3197.53         1570.50         4768.03
1990-1999       97              2041.35         1002.10         3043.45
1990-1999       98              1311.65          632.74         1944.39
1990-1999       99               856.42          402.66         1259.09
1990-1999      100               542.25          242.65          784.90
1990-1999      101               310.84          138.30          449.14
1990-1999      102               170.36           75.20          245.56
1990-1999      103                91.70           38.14          129.84
1990-1999      104                48.62           17.80           66.42
1990-1999      105                24.34            7.06           31.40
1990-1999      106                10.39            1.65           12.04
1990-1999      107                 3.72            0.10            3.82
1990-1999      108                 1.21            0.00            1.21
1990-1999      109                 0.09            0.00            0.09
1990-1999      110+                0.00            0.00            0.00
2000-2009        0            343628.93       363670.01       707298.94
2000-2009        1            332295.79       351824.28       684120.07
2000-2009        2            322469.85       341492.36       663962.21
2000-2009        3            317340.46       336111.42       653451.88
2000-2009        4            315217.65       333555.23       648772.88
2000-2009        5            315652.78       333444.06       649096.84
2000-2009        6            320127.12       337933.88       658061.00
2000-2009        7            327791.52       345927.55       673719.07
2000-2009        8            337939.05       356572.03       694511.07
2000-2009        9            350716.10       370272.10       720988.20
2000-2009       10            365677.34       386261.81       751939.14
2000-2009       11            383860.94       405592.71       789453.64
2000-2009       12            405940.55       428522.75       834463.29
2000-2009       13            425919.94       448888.24       874808.19
2000-2009       14            445545.36       469386.29       914931.65
2000-2009       15            462043.24       487360.13       949403.37
2000-2009       16            476944.16       503492.66       980436.82
2000-2009       17            488927.41       516190.37      1005117.78
2000-2009       18            499475.84       527748.15      1027223.99
2000-2009       19            506660.54       535991.82      1042652.36
2000-2009       20            511953.88       542484.09      1054437.98
2000-2009       21            515655.06       546867.64      1062522.70
2000-2009       22            520230.90       551831.37      1072062.27
2000-2009       23            525656.15       558061.70      1083717.84
2000-2009       24            530581.74       563456.58      1094038.31
2000-2009       25            537346.53       569704.15      1107050.67
2000-2009       26            543644.79       574668.97      1118313.76
2000-2009       27            545306.17       575262.10      1120568.27
2000-2009       28            545919.27       574958.57      1120877.83
2000-2009       29            547869.12       576114.36      1123983.49
2000-2009       30            549597.10       576749.23      1126346.33
2000-2009       31            553148.73       578947.27      1132096.00
2000-2009       32            548937.65       573438.52      1122376.17
2000-2009       33            540579.19       563636.17      1104215.36
2000-2009       34            531725.72       553302.12      1085027.84
2000-2009       35            524431.33       544535.48      1068966.80
2000-2009       36            517381.82       536272.61      1053654.43
2000-2009       37            516610.06       533921.77      1050531.84
2000-2009       38            518066.86       533362.61      1051429.47
2000-2009       39            518031.96       531261.34      1049293.30
2000-2009       40            516161.39       527293.10      1043454.49
2000-2009       41            513299.95       522210.96      1035510.91
2000-2009       42            516663.50       523259.24      1039922.73
2000-2009       43            523826.46       527931.19      1051757.65
2000-2009       44            532564.36       533963.20      1066527.55
2000-2009       45            539238.39       537869.29      1077107.68
2000-2009       46            544183.98       540147.79      1084331.77
2000-2009       47            549560.68       542226.69      1091787.36
2000-2009       48            551592.42       540674.63      1092267.05
2000-2009       49            557568.98       542359.04      1099928.02
2000-2009       50            567410.06       547544.91      1114954.98
2000-2009       51            573942.84       549698.60      1123641.44
2000-2009       52            577941.24       549086.18      1127027.41
2000-2009       53            580714.25       546852.78      1127567.03
2000-2009       54            581698.01       542702.51      1124400.52
2000-2009       55            576225.62       532445.64      1108671.27
2000-2009       56            569163.27       520300.41      1089463.68
2000-2009       57            560771.54       506906.89      1067678.43
2000-2009       58            551819.79       493287.63      1045107.42
2000-2009       59            539176.18       476422.12      1015598.30
2000-2009       60            522549.28       455998.85       978548.14
2000-2009       61            506941.90       436654.92       943596.81
2000-2009       62            493676.03       420270.31       913946.34
2000-2009       63            482446.20       405416.56       887862.76
2000-2009       64            470218.14       390041.23       860259.37
2000-2009       65            468950.04       384281.69       853231.73
2000-2009       66            469180.79       379476.48       848657.27
2000-2009       67            468382.92       374023.16       842406.07
2000-2009       68            466530.89       367650.53       834181.42
2000-2009       69            461111.17       358508.39       819619.56
2000-2009       70            455783.53       349427.14       805210.67
2000-2009       71            448843.79       338991.29       787835.08
2000-2009       72            440171.14       326638.34       766809.48
2000-2009       73            428676.60       312828.57       741505.17
2000-2009       74            415506.91       297909.38       713416.29
2000-2009       75            398082.16       279915.53       677997.69
2000-2009       76            376517.69       259455.30       635973.00
2000-2009       77            352621.70       237312.00       589933.70
2000-2009       78            328554.15       216110.59       544664.74
2000-2009       79            302089.70       194125.94       496215.63
2000-2009       80            274692.29       171779.92       446472.21
2000-2009       81            240465.04       146707.55       387172.59
2000-2009       82            202530.64       120658.90       323189.53
2000-2009       83            166623.50        96896.68       263520.19
2000-2009       84            137494.28        78565.83       216060.11
2000-2009       85            113787.11        64412.27       178199.38
2000-2009       86             91689.57        51196.69       142886.26
2000-2009       87             72425.88        39769.43       112195.30
2000-2009       88             56839.69        30563.27        87402.96
2000-2009       89             43721.96        23219.95        66941.90
2000-2009       90             33043.99        17268.55        50312.54
2000-2009       91             25001.11        12755.78        37756.89
2000-2009       92             19130.52         9573.13        28703.64
2000-2009       93             14317.56         6982.10        21299.65
2000-2009       94             10062.48         4788.36        14850.84
2000-2009       95              6636.22         3128.61         9764.83
2000-2009       96              4370.97         2005.14         6376.11
2000-2009       97              2831.27         1270.32         4101.59
2000-2009       98              1740.34          771.34         2511.68
2000-2009       99              1055.00          468.71         1523.71
2000-2009      100               645.04          276.05          921.09
2000-2009      101               386.08          161.06          547.13
2000-2009      102               227.29           93.19          320.48
2000-2009      103               134.41           53.49          187.90
2000-2009      104                75.94           28.52          104.46
2000-2009      105                41.52           12.02           53.54
2000-2009      106                18.04            4.35           22.39
2000-2009      107                 7.73            2.01            9.74
2000-2009      108                 3.37            0.83            4.20
2000-2009      109                 0.97            0.17            1.14
2000-2009      110+                0.13            0.00            0.13
2010-2017        0            264672.79       279570.25       544243.03
2010-2017        1            268605.50       283562.89       552168.38
2010-2017        2            269988.99       285213.22       555202.21
2010-2017        3            269640.79       284986.00       554626.79
2010-2017        4            268417.79       284000.98       552418.77
2010-2017        5            267366.78       283048.61       550415.39
2010-2017        6            265058.38       280280.09       545338.47
2010-2017        7            261610.76       276844.51       538455.27
2010-2017        8            256278.48       271839.42       528117.90
2010-2017        9            252199.40       267761.63       519961.02
2010-2017       10            250941.91       265958.47       516900.38
2010-2017       11            249479.78       263935.50       513415.27
2010-2017       12            245107.70       259530.40       504638.10
2010-2017       13            243427.12       258219.15       501646.27
2010-2017       14            244009.88       258847.57       502857.45
2010-2017       15            246701.65       261191.55       507893.20
2010-2017       16            252979.72       267470.47       520450.19
2010-2017       17            259801.23       275105.90       534907.13
2010-2017       18            266974.75       283459.69       550434.43
2010-2017       19            278855.53       296496.94       575352.48
2010-2017       20            297683.17       315974.34       613657.51
2010-2017       21            315642.51       334701.93       650344.44
2010-2017       22            331929.43       352081.88       684011.31
2010-2017       23            346353.64       367829.40       714183.04
2010-2017       24            358483.21       381119.52       739602.73
2010-2017       25            366687.19       390458.64       757145.83
2010-2017       26            374052.03       399017.15       773069.19
2010-2017       27            376788.90       403101.14       779890.04
2010-2017       28            377538.60       405343.18       782881.78
2010-2017       29            377685.75       406494.02       784179.77
2010-2017       30            379613.80       409523.19       789136.99
2010-2017       31            382573.34       413335.34       795908.68
2010-2017       32            386603.45       417408.78       804012.22
2010-2017       33            393925.07       424308.38       818233.45
2010-2017       34            400918.31       430982.31       831900.62
2010-2017       35            409254.98       438621.28       847876.26
2010-2017       36            418077.27       446073.51       864150.78
2010-2017       37            420627.35       447554.83       868182.17
2010-2017       38            420355.61       446752.22       867107.83
2010-2017       39            421106.57       447324.22       868430.78
2010-2017       40            421166.98       447423.37       868590.35
2010-2017       41            421770.30       447148.33       868918.63
2010-2017       42            415512.91       439283.70       854796.61
2010-2017       43            406121.62       428475.19       834596.81
2010-2017       44            395896.66       416981.31       812877.97
2010-2017       45            392610.91       411784.87       804395.78
2010-2017       46            391404.75       408184.95       799589.69
2010-2017       47            389392.97       403209.81       792602.77
2010-2017       48            387774.38       398502.45       786276.83
2010-2017       49            384495.85       392671.64       777167.49
2010-2017       50            386461.88       392173.51       778635.39
2010-2017       51            392121.71       394437.36       786559.07
2010-2017       52            398006.17       396490.39       794496.56
2010-2017       53            403256.65       397987.07       801243.72
2010-2017       54            409384.61       399373.82       808758.42
2010-2017       55            414443.56       399209.93       813653.48
2010-2017       56            417463.77       397164.38       814628.14
2010-2017       57            421416.59       394725.87       816142.46
2010-2017       58            423838.08       390647.85       814485.93
2010-2017       59            429284.22       389193.34       818477.56
2010-2017       60            437478.54       389815.72       827294.26
2010-2017       61            442474.93       387211.21       829686.14
2010-2017       62            443033.55       380678.52       823712.07
2010-2017       63            442945.63       373965.49       816911.12
2010-2017       64            442915.85       366897.82       809813.67
2010-2017       65            435428.95       353745.82       789174.78
2010-2017       66            427159.87       340585.20       767745.07
2010-2017       67            413461.36       323443.33       736904.68
2010-2017       68            394476.96       302454.11       696931.07
2010-2017       69            377467.98       283745.18       661213.16
2010-2017       70            361265.69       266586.20       627851.90
2010-2017       71            344453.54       248819.11       593272.65
2010-2017       72            327449.07       231818.99       559268.06
2010-2017       73            316872.86       219998.65       536871.52
2010-2017       74            306943.39       208704.35       515647.74
2010-2017       75            300171.87       200066.69       500238.56
2010-2017       76            293394.75       191692.26       485087.01
2010-2017       77            284134.44       181770.33       465904.76
2010-2017       78            271876.31       170818.17       442694.48
2010-2017       79            257216.45       158797.77       416014.22
2010-2017       80            241291.78       146461.06       387752.84
2010-2017       81            221984.32       132290.76       354275.07
2010-2017       82            202253.90       117951.62       320205.52
2010-2017       83            179659.14       102822.81       282481.95
2010-2017       84            157106.60        88314.90       245421.50
2010-2017       85            135936.96        74548.78       210485.73
2010-2017       86            115246.64        61687.30       176933.94
2010-2017       87             96007.11        50008.08       146015.19
2010-2017       88             77942.47        39618.23       117560.70
2010-2017       89             61683.96        30605.01        92288.97
2010-2017       90             47701.07        23049.14        70750.21
2010-2017       91             34851.77        16499.79        51351.56
2010-2017       92             24052.23        11096.20        35148.43
2010-2017       93             15867.76         7199.82        23067.58
2010-2017       94             10520.68         4649.96        15170.64
2010-2017       95              7031.38         3044.11        10075.49
2010-2017       96              4403.69         1908.28         6311.96
2010-2017       97              2692.25         1174.35         3866.60
2010-2017       98              1632.70          720.65         2353.35
2010-2017       99              1007.66          466.09         1473.75
2010-2017      100               612.39          294.80          907.18
2010-2017      101               343.36          166.48          509.84
2010-2017      102               183.11           89.01          272.12
2010-2017      103                91.17           45.31          136.48
2010-2017      104                44.07           21.46           65.52
2010-2017      105                20.40            8.86           29.26
2010-2017      106                 7.72            2.63           10.35
2010-2017      107                 2.05            0.79            2.84
2010-2017      108                 0.78            0.50            1.28
2010-2017      109                 0.51            0.18            0.69
2010-2017      110+                0.17            0.00            0.17
