Bulgaria, Life tables (period 5x10), Females	Last modified: 27 Sep 2019;  Methods Protocol: v6 (2017)

  Year          Age         mx       qx    ax      lx      dx      Lx       Tx     ex
1947-1949        0      0.12408  0.11435  0.31  100000   11435   92157  5758467  57.58
1947-1949      1-4      0.01236  0.04784  1.28   88565    4237  342722  5666310  63.98
1947-1949      5-9      0.00237  0.01178  2.18   84329     993  418848  5323588  63.13
1947-1949     10-14     0.00188  0.00934  2.63   83336     779  414829  4904740  58.86
1947-1949     15-19     0.00348  0.01728  2.75   82557    1426  409572  4489911  54.39
1947-1949     20-24     0.00451  0.02229  2.45   81131    1808  401050  4080339  50.29
1947-1949     25-29     0.00404  0.01999  2.44   79323    1585  392548  3679289  46.38
1947-1949     30-34     0.00372  0.01840  2.42   77737    1430  384993  3286741  42.28
1947-1949     35-39     0.00383  0.01896  2.50   76307    1447  377915  2901748  38.03
1947-1949     40-44     0.00426  0.02110  2.52   74860    1579  370383  2523833  33.71
1947-1949     45-49     0.00522  0.02578  2.62   73281    1889  361906  2153450  29.39
1947-1949     50-54     0.00803  0.03941  2.60   71391    2814  350202  1791544  25.09
1947-1949     55-59     0.01160  0.05645  2.60   68578    3871  333613  1441342  21.02
1947-1949     60-64     0.01986  0.09476  2.58   64707    6132  308695  1107729  17.12
1947-1949     65-69     0.03035  0.14174  2.67   58575    8302  273542   799034  13.64
1947-1949     70-74     0.05548  0.24463  2.59   50273   12298  221669   525492  10.45
1947-1949     75-79     0.09001  0.36614  2.45   37974   13904  154465   303823   8.00
1947-1949     80-84     0.13504  0.49418  2.29   24071   11895   88085   149358   6.21
1947-1949     85-89     0.17616  0.58715  2.16   12175    7149   40581    61274   5.03
1947-1949     90-94     0.22316  0.67268  2.05    5027    3381   15152    20693   4.12
1947-1949     95-99     0.28226  0.76711  2.02    1645    1262    4472     5541   3.37
1947-1949    100-104    0.34775  0.83581  1.89     383     320     921     1069   2.79
1947-1949    105-109    0.41949  0.88847  1.76      63      56     133      148   2.35
1947-1949    110+       0.47806  1.00000  2.09       7       7      15       15   2.09
1950-1959        0      0.07634  0.07254  0.31  100000    7254   95025  6575243  65.75
1950-1959      1-4      0.00618  0.02429  1.20   92746    2253  364676  6480218  69.87
1950-1959      5-9      0.00100  0.00496  2.20   90494     449  451212  6115543  67.58
1950-1959     10-14     0.00081  0.00402  2.59   90045     362  449350  5664330  62.91
1950-1959     15-19     0.00142  0.00710  2.73   89683     637  446966  5214980  58.15
1950-1959     20-24     0.00192  0.00957  2.51   89046     852  443106  4768014  53.55
1950-1959     25-29     0.00195  0.00972  2.46   88194     857  438795  4324908  49.04
1950-1959     30-34     0.00188  0.00937  2.51   87337     818  434647  3886113  44.50
1950-1959     35-39     0.00227  0.01131  2.58   86518     978  430220  3451467  39.89
1950-1959     40-44     0.00300  0.01489  2.54   85540    1273  424567  3021247  35.32
1950-1959     45-49     0.00409  0.02028  2.62   84266    1709  417270  2596680  30.82
1950-1959     50-54     0.00605  0.02984  2.65   82558    2464  407004  2179409  26.40
1950-1959     55-59     0.00938  0.04588  2.65   80094    3675  391827  1772405  22.13
1950-1959     60-64     0.01633  0.07870  2.69   76419    6014  368198  1380578  18.07
1950-1959     65-69     0.02797  0.13118  2.63   70405    9236  330180  1012380  14.38
1950-1959     70-74     0.04793  0.21476  2.58   61169   13137  274081   682201  11.15
1950-1959     75-79     0.07964  0.33300  2.54   48032   15995  200834   408119   8.50
1950-1959     80-84     0.12475  0.47008  2.38   32038   15060  120724   207285   6.47
1950-1959     85-89     0.17165  0.58091  2.22   16977    9862   57458    86561   5.10
1950-1959     90-94     0.22509  0.67597  2.05    7115    4810   21367    29103   4.09
1950-1959     95-99     0.28233  0.76800  2.03    2306    1771    6272     7736   3.36
1950-1959    100-104    0.35397  0.84196  1.89     535     450    1272     1465   2.74
1950-1959    105-109    0.43275  0.89686  1.74      85      76     175      193   2.28
1950-1959    110+       0.49743  1.00000  2.01       9       9      18       18   2.01
1960-1969        0      0.03150  0.03070  0.17  100000    3070   97449  7240353  72.40
1960-1969      1-4      0.00174  0.00692  1.35   96930     671  385943  7142904  73.69
1960-1969      5-9      0.00048  0.00241  2.21   96259     232  480646  6756961  70.20
1960-1969     10-14     0.00037  0.00184  2.58   96027     177  479707  6276315  65.36
1960-1969     15-19     0.00055  0.00276  2.72   95850     265  478647  5796608  60.48
1960-1969     20-24     0.00065  0.00324  2.52   95585     310  477159  5317962  55.64
1960-1969     25-29     0.00082  0.00410  2.58   95276     391  475435  4840802  50.81
1960-1969     30-34     0.00103  0.00514  2.59   94885     488  473250  4365367  46.01
1960-1969     35-39     0.00146  0.00726  2.63   94397     686  470362  3892117  41.23
1960-1969     40-44     0.00205  0.01019  2.64   93711     955  466301  3421755  36.51
1960-1969     45-49     0.00312  0.01549  2.65   92757    1437  460413  2955454  31.86
1960-1969     50-54     0.00481  0.02377  2.66   91320    2171  451525  2495041  27.32
1960-1969     55-59     0.00783  0.03843  2.67   89149    3426  437758  2043516  22.92
1960-1969     60-64     0.01359  0.06589  2.68   85723    5648  415521  1605759  18.73
1960-1969     65-69     0.02448  0.11579  2.67   80075    9272  378798  1190238  14.86
1960-1969     70-74     0.04438  0.20087  2.64   70803   14222  320451   811440  11.46
1960-1969     75-79     0.07518  0.31736  2.55   56580   17956  238837   490989   8.68
1960-1969     80-84     0.12115  0.46153  2.42   38624   17826  147143   252152   6.53
1960-1969     85-89     0.17503  0.59266  2.28   20798   12326   70421   105009   5.05
1960-1969     90-94     0.22197  0.67646  2.11    8472    5731   25819    34588   4.08
1960-1969     95-99     0.29673  0.78621  2.01    2741    2155    7263     8769   3.20
1960-1969    100-104    0.37842  0.86247  1.85     586     505    1336     1506   2.57
1960-1969    105-109    0.46761  0.91550  1.68      81      74     158      170   2.11
1960-1969    110+       0.54096  1.00000  1.85       7       7      13       13   1.85
1970-1979        0      0.02123  0.02084  0.13  100000    2084   98185  7356578  73.57
1970-1979      1-4      0.00102  0.00407  1.47   97916     398  390657  7258393  74.13
1970-1979      5-9      0.00039  0.00193  2.34   97517     188  487087  6867736  70.43
1970-1979     10-14     0.00032  0.00161  2.55   97329     157  486263  6380649  65.56
1970-1979     15-19     0.00045  0.00225  2.65   97173     219  485350  5894386  60.66
1970-1979     20-24     0.00056  0.00279  2.46   96954     270  484082  5409036  55.79
1970-1979     25-29     0.00065  0.00324  2.61   96684     313  482669  4924954  50.94
1970-1979     30-34     0.00086  0.00428  2.62   96370     413  480869  4442285  46.10
1970-1979     35-39     0.00122  0.00606  2.64   95958     582  478415  3961416  41.28
1970-1979     40-44     0.00180  0.00897  2.67   95376     856  474887  3483000  36.52
1970-1979     45-49     0.00296  0.01469  2.70   94520    1389  469403  3008113  31.83
1970-1979     50-54     0.00474  0.02345  2.67   93131    2184  460564  2538710  27.26
1970-1979     55-59     0.00754  0.03705  2.65   90947    3370  446813  2078146  22.85
1970-1979     60-64     0.01305  0.06335  2.70   87577    5548  425114  1631334  18.63
1970-1979     65-69     0.02378  0.11274  2.70   82029    9248  388881  1206220  14.70
1970-1979     70-74     0.04365  0.19789  2.64   72781   14403  329950   817339  11.23
1970-1979     75-79     0.07765  0.32661  2.57   58378   19067  245546   487388   8.35
1970-1979     80-84     0.12825  0.48180  2.42   39311   18940  147687   241842   6.15
1970-1979     85-89     0.19141  0.62677  2.25   20371   12768   66703    94155   4.62
1970-1979     90-94     0.25735  0.73255  2.06    7603    5570   21642    27452   3.61
1970-1979     95-99     0.33581  0.82784  1.94    2033    1683    5013     5809   2.86
1970-1979    100-104    0.43058  0.89737  1.75     350     314     730      797   2.28
1970-1979    105-109    0.53088  0.94097  1.57      36      34      64       67   1.87
1970-1979    110+       0.61225  1.00000  1.63       2       2       3        3   1.63
1980-1989        0      0.01424  0.01406  0.12  100000    1406   98762  7441193  74.41
1980-1989      1-4      0.00094  0.00374  1.55   98594     368  393472  7342430  74.47
1980-1989      5-9      0.00036  0.00178  2.28   98225     175  490651  6948958  70.75
1980-1989     10-14     0.00029  0.00147  2.51   98050     144  489893  6458307  65.87
1980-1989     15-19     0.00046  0.00231  2.61   97907     226  488994  5968414  60.96
1980-1989     20-24     0.00053  0.00262  2.56   97681     256  487779  5479420  56.10
1980-1989     25-29     0.00063  0.00314  2.59   97425     306  486386  4991641  51.24
1980-1989     30-34     0.00081  0.00403  2.62   97118     392  484658  4505255  46.39
1980-1989     35-39     0.00116  0.00581  2.70   96727     562  482339  4020597  41.57
1980-1989     40-44     0.00175  0.00874  2.71   96165     840  478898  3538257  36.79
1980-1989     45-49     0.00284  0.01409  2.69   95325    1343  473521  3059359  32.09
1980-1989     50-54     0.00464  0.02297  2.67   93981    2159  464882  2585838  27.51
1980-1989     55-59     0.00757  0.03720  2.69   91822    3416  451234  2120956  23.10
1980-1989     60-64     0.01257  0.06109  2.68   88407    5401  429527  1669723  18.89
1980-1989     65-69     0.02229  0.10604  2.70   83006    8802  394821  1240196  14.94
1980-1989     70-74     0.04121  0.18797  2.67   74204   13948  338454   845375  11.39
1980-1989     75-79     0.07308  0.31043  2.58   60256   18706  255946   506921   8.41
1980-1989     80-84     0.12828  0.48255  2.43   41551   20050  156301   250975   6.04
1980-1989     85-89     0.19859  0.64422  2.27   21500   13851   69745    94673   4.40
1980-1989     90-94     0.28671  0.77295  2.02    7649    5912   20622    24928   3.26
1980-1989     95-99     0.39101  0.87479  1.84    1737    1519    3886     4306   2.48
1980-1989    100-104    0.51072  0.93555  1.61     217     203     398      421   1.93
1980-1989    105-109    0.62995  0.96684  1.42      14      14      22       22   1.58
1980-1989    110+       0.72173  1.00000  1.39       0       0       1        1   1.39
1990-1999        0      0.01350  0.01334  0.12  100000    1334   98827  7469042  74.69
1990-1999      1-4      0.00090  0.00358  1.65   98666     354  393833  7370215  74.70
1990-1999      5-9      0.00033  0.00167  2.31   98312     164  491119  6976382  70.96
1990-1999     10-14     0.00030  0.00148  2.50   98148     145  490376  6485262  66.08
1990-1999     15-19     0.00046  0.00229  2.60   98003     224  489474  5994886  61.17
1990-1999     20-24     0.00053  0.00263  2.51   97778     257  488253  5505412  56.30
1990-1999     25-29     0.00065  0.00324  2.58   97521     316  486841  5017159  51.45
1990-1999     30-34     0.00085  0.00426  2.63   97205     414  485046  4530319  46.61
1990-1999     35-39     0.00126  0.00630  2.64   96791     610  482514  4045273  41.79
1990-1999     40-44     0.00194  0.00967  2.64   96182     930  478709  3562759  37.04
1990-1999     45-49     0.00307  0.01523  2.69   95252    1451  472902  3084049  32.38
1990-1999     50-54     0.00468  0.02316  2.66   93801    2172  463914  2611148  27.84
1990-1999     55-59     0.00741  0.03640  2.68   91629    3336  450404  2147233  23.43
1990-1999     60-64     0.01227  0.05968  2.70   88293    5270  429334  1696829  19.22
1990-1999     65-69     0.02111  0.10066  2.69   83024    8357  395832  1267495  15.27
1990-1999     70-74     0.03806  0.17472  2.66   74666   13046  342777   871663  11.67
1990-1999     75-79     0.06916  0.29638  2.59   61621   18263  264067   528886   8.58
1990-1999     80-84     0.12249  0.46777  2.47   43357   20281  165576   264819   6.11
1990-1999     85-89     0.20128  0.65032  2.28   23076   15007   74557    99243   4.30
1990-1999     90-94     0.30585  0.79911  2.01    8069    6448   21083    24686   3.06
1990-1999     95-99     0.43942  0.90624  1.76    1621    1469    3343     3603   2.22
1990-1999    100-104    0.58145  0.95766  1.50     152     146     250      259   1.71
1990-1999    105-109    0.71258  0.97962  1.30       6       6       9        9   1.40
1990-1999    110+       0.80545  1.00000  1.24       0       0       0        0   1.24
2000-2009        0      0.01022  0.01013  0.13  100000    1013   99117  7616261  76.16
2000-2009      1-4      0.00054  0.00217  1.57   98987     215  395428  7517144  75.94
2000-2009      5-9      0.00023  0.00117  2.35   98772     116  493556  7121716  72.10
2000-2009     10-14     0.00022  0.00112  2.64   98657     110  493024  6628161  67.18
2000-2009     15-19     0.00035  0.00173  2.74   98546     170  492348  6135137  62.26
2000-2009     20-24     0.00044  0.00219  2.54   98376     215  491350  5642789  57.36
2000-2009     25-29     0.00051  0.00253  2.56   98161     248  490199  5151439  52.48
2000-2009     30-34     0.00075  0.00376  2.68   97913     368  488711  4661240  47.61
2000-2009     35-39     0.00120  0.00596  2.70   97545     581  486385  4172529  42.78
2000-2009     40-44     0.00185  0.00921  2.70   96964     893  482764  3686144  38.02
2000-2009     45-49     0.00300  0.01490  2.67   96071    1431  477012  3203380  33.34
2000-2009     50-54     0.00452  0.02236  2.66   94639    2116  468234  2726368  28.81
2000-2009     55-59     0.00678  0.03336  2.64   92523    3086  455331  2258134  24.41
2000-2009     60-64     0.01071  0.05224  2.69   89437    4672  436379  1802803  20.16
2000-2009     65-69     0.01812  0.08692  2.67   84765    7368  406681  1366424  16.12
2000-2009     70-74     0.03283  0.15254  2.68   77397   11806  359579   959743  12.40
2000-2009     75-79     0.06105  0.26667  2.63   65591   17491  286493   600164   9.15
2000-2009     80-84     0.10983  0.43090  2.50   48100   20726  188700   313672   6.52
2000-2009     85-89     0.18522  0.61886  2.32   27374   16941   91464   124971   4.57
2000-2009     90-94     0.28932  0.78436  2.08   10433    8183   28284    33508   3.21
2000-2009     95-99     0.41879  0.89506  1.80    2250    2014    4808     5224   2.32
2000-2009    100-104    0.56343  0.95333  1.53     236     225     399      415   1.76
2000-2009    105-109    0.69952  0.97816  1.32      11      11      15       16   1.43
2000-2009    110+       0.79682  1.00000  1.25       0       0       0        0   1.25
2010-2017        0      0.00655  0.00651  0.14  100000     651   99437  7803132  78.03
2010-2017      1-4      0.00033  0.00133  1.52   99349     132  397067  7703694  77.54
2010-2017      5-9      0.00016  0.00082  2.50   99216      81  495879  7306628  73.64
2010-2017     10-14     0.00016  0.00080  2.45   99135      80  495472  6810749  68.70
2010-2017     15-19     0.00030  0.00152  2.76   99055     151  494940  6315277  63.75
2010-2017     20-24     0.00035  0.00175  2.57   98905     173  494104  5820337  58.85
2010-2017     25-29     0.00042  0.00209  2.66   98732     207  493175  5326233  53.95
2010-2017     30-34     0.00061  0.00307  2.66   98525     302  491916  4833058  49.05
2010-2017     35-39     0.00101  0.00502  2.73   98223     493  489996  4341142  44.20
2010-2017     40-44     0.00173  0.00863  2.72   97730     843  486728  3851146  39.41
2010-2017     45-49     0.00273  0.01356  2.68   96887    1314  481378  3364418  34.73
2010-2017     50-54     0.00430  0.02128  2.65   95572    2033  473074  2883040  30.17
2010-2017     55-59     0.00646  0.03183  2.62   93539    2978  460616  2409966  25.76
2010-2017     60-64     0.00958  0.04685  2.65   90561    4243  442842  1949350  21.53
2010-2017     65-69     0.01484  0.07172  2.67   86318    6191  417179  1506508  17.45
2010-2017     70-74     0.02548  0.12026  2.67   80127    9636  378217  1089329  13.59
2010-2017     75-79     0.04796  0.21573  2.67   70492   15207  317058   711113  10.09
2010-2017     80-84     0.09265  0.37819  2.57   55284   20908  225666   394055   7.13
2010-2017     85-89     0.16649  0.57983  2.38   34377   19933  119725   168388   4.90
2010-2017     90-94     0.27008  0.75769  2.10   14444   10944   40521    48664   3.37
2010-2017     95-99     0.41715  0.89562  1.81    3500    3135    7514     8142   2.33
2010-2017    100-104    0.57637  0.95739  1.51     365     350     607      628   1.72
2010-2017    105-109    0.72318  0.98118  1.29      16      15      21       21   1.38
2010-2017    110+       0.82392  1.00000  1.21       0       0       0        0   1.21
