United Kingdom, Life tables (period 5x10), Males	Last modified: 11 Jul 2020;  Methods Protocol: v6 (2017)

  Year          Age         mx       qx    ax      lx      dx      Lx       Tx     ex
1922-1929        0      0.08729  0.08226  0.30  100000    8226   94235  5662753  56.63
1922-1929      1-4      0.01065  0.04140  1.27   91774    3799  356728  5568518  60.68
1922-1929      5-9      0.00252  0.01249  2.15   87975    1099  436747  5211790  59.24
1922-1929     10-14     0.00169  0.00842  2.56   86876     731  432593  4775043  54.96
1922-1929     15-19     0.00266  0.01323  2.69   86144    1140  428091  4342450  50.41
1922-1929     20-24     0.00341  0.01691  2.52   85004    1437  421464  3914360  46.05
1922-1929     25-29     0.00367  0.01818  2.54   83567    1519  414102  3492896  41.80
1922-1929     30-34     0.00423  0.02093  2.58   82048    1717  406086  3078794  37.52
1922-1929     35-39     0.00557  0.02747  2.62   80331    2207  396414  2672707  33.27
1922-1929     40-44     0.00738  0.03624  2.59   78125    2831  383808  2276294  29.14
1922-1929     45-49     0.00992  0.04846  2.61   75293    3648  367751  1892486  25.13
1922-1929     50-54     0.01378  0.06674  2.64   71645    4781  346917  1524735  21.28
1922-1929     55-59     0.02018  0.09634  2.66   66864    6441  319214  1177818  17.62
1922-1929     60-64     0.03089  0.14395  2.64   60422    8698  281589   858604  14.21
1922-1929     65-69     0.04847  0.21697  2.59   51724   11222  231521   577015  11.16
1922-1929     70-74     0.07658  0.32274  2.57   40502   13072  170688   345494   8.53
1922-1929     75-79     0.12127  0.46173  2.42   27430   12665  104438   174806   6.37
1922-1929     80-84     0.17826  0.60362  2.33   14765    8912   49997    70368   4.77
1922-1929     85-89     0.26752  0.75311  2.10    5852    4408   16475    20370   3.48
1922-1929     90-94     0.35440  0.84553  1.91    1445    1222    3447     3895   2.70
1922-1929     95-99     0.49118  0.92835  1.65     223     207     422      448   2.01
1922-1929    100-104    0.61383  0.96383  1.44      16      15      25       26   1.62
1922-1929    105-109    0.72451  0.98051  1.28       1       1       1        1   1.38
1922-1929    110+       0.80384  1.00000  1.24       0       0       0        0   1.24
1930-1939        0      0.07311  0.06939  0.27  100000    6939   94912  5946730  59.47
1930-1939      1-4      0.00653  0.02568  1.40   93061    2390  366025  5851818  62.88
1930-1939      5-9      0.00220  0.01094  2.13   90671     992  450506  5485793  60.50
1930-1939     10-14     0.00140  0.00699  2.55   89679     627  446858  5035287  56.15
1930-1939     15-19     0.00232  0.01156  2.70   89052    1029  442891  4588429  51.53
1930-1939     20-24     0.00307  0.01525  2.52   88022    1343  436779  4145538  47.10
1930-1939     25-29     0.00308  0.01528  2.51   86680    1324  430108  3708759  42.79
1930-1939     30-34     0.00341  0.01692  2.58   85355    1444  423278  3278652  38.41
1930-1939     35-39     0.00451  0.02230  2.61   83912    1871  415094  2855373  34.03
1930-1939     40-44     0.00613  0.03020  2.62   82040    2478  404305  2440280  29.74
1930-1939     45-49     0.00902  0.04415  2.65   79563    3512  389542  2035975  25.59
1930-1939     50-54     0.01323  0.06413  2.64   76050    4877  368741  1646433  21.65
1930-1939     55-59     0.01932  0.09241  2.65   71173    6577  340409  1277692  17.95
1930-1939     60-64     0.02941  0.13751  2.64   64596    8883  302022   937282  14.51
1930-1939     65-69     0.04575  0.20612  2.60   55713   11484  251026   635260  11.40
1930-1939     70-74     0.07380  0.31287  2.57   44230   13838  187506   384234   8.69
1930-1939     75-79     0.11822  0.45424  2.45   30392   13805  116777   196728   6.47
1930-1939     80-84     0.17527  0.59715  2.33   16587    9905   56511    79951   4.82
1930-1939     85-89     0.26339  0.74761  2.11    6682    4995   18966    23439   3.51
1930-1939     90-94     0.36173  0.85503  1.92    1686    1442    3986     4474   2.65
1930-1939     95-99     0.49468  0.92996  1.64     244     227     460      487   1.99
1930-1939    100-104    0.62003  0.96519  1.43      17      17      27       27   1.60
1930-1939    105-109    0.73221  0.98140  1.27       1       1       1        1   1.36
1930-1939    110+       0.81180  1.00000  1.23       0       0       0        0   1.23
1940-1949        0      0.05562  0.05328  0.21  100000    5328   95789  6239376  62.39
1940-1949      1-4      0.00321  0.01275  1.58   94672    1208  375764  6143587  64.89
1940-1949      5-9      0.00144  0.00720  2.21   93465     673  465447  5767823  61.71
1940-1949     10-14     0.00107  0.00536  2.62   92792     497  462777  5302376  57.14
1940-1949     15-19     0.00212  0.01056  2.78   92295     974  459310  4839599  52.44
1940-1949     20-24     0.00337  0.01671  2.57   91321    1526  452894  4380290  47.97
1940-1949     25-29     0.00310  0.01539  2.46   89795    1382  445458  3927396  43.74
1940-1949     30-34     0.00321  0.01594  2.52   88413    1410  438568  3481938  39.38
1940-1949     35-39     0.00374  0.01854  2.59   87003    1613  431127  3043370  34.98
1940-1949     40-44     0.00507  0.02504  2.64   85390    2138  421902  2612243  30.59
1940-1949     45-49     0.00778  0.03819  2.67   83252    3179  408842  2190341  26.31
1940-1949     50-54     0.01207  0.05868  2.67   80073    4699  389413  1781499  22.25
1940-1949     55-59     0.01879  0.09001  2.67   75374    6784  361050  1392087  18.47
1940-1949     60-64     0.02877  0.13469  2.64   68590    9238  321138  1031036  15.03
1940-1949     65-69     0.04316  0.19548  2.59   59352   11602  268801   709898  11.96
1940-1949     70-74     0.06611  0.28477  2.57   47750   13598  205685   441098   9.24
1940-1949     75-79     0.10609  0.41863  2.48   34152   14297  134767   235412   6.89
1940-1949     80-84     0.16320  0.57086  2.37   19855   11334   69451   100645   5.07
1940-1949     85-89     0.25020  0.72980  2.15    8521    6218   24854    31194   3.66
1940-1949     90-94     0.34575  0.83959  1.94    2302    1933    5591     6340   2.75
1940-1949     95-99     0.48499  0.92639  1.66     369     342     705      749   2.03
1940-1949    100-104    0.61452  0.96428  1.44      27      26      43       44   1.62
1940-1949    105-109    0.73075  0.98133  1.27       1       1       1        1   1.37
1940-1949    110+       0.81289  1.00000  1.23       0       0       0        0   1.23
1950-1959        0      0.03041  0.02962  0.13  100000    2962   97415  6715929  67.16
1950-1959      1-4      0.00121  0.00483  1.60   97038     469  387024  6618513  68.21
1950-1959      5-9      0.00055  0.00275  2.27   96569     265  482120  6231489  64.53
1950-1959     10-14     0.00046  0.00230  2.64   96304     222  480995  5749368  59.70
1950-1959     15-19     0.00087  0.00434  2.73   96082     417  479463  5268374  54.83
1950-1959     20-24     0.00120  0.00597  2.51   95664     571  476898  4788911  50.06
1950-1959     25-29     0.00127  0.00632  2.55   95093     601  473993  4312013  45.35
1950-1959     30-34     0.00149  0.00743  2.58   94493     702  470767  3838020  40.62
1950-1959     35-39     0.00209  0.01042  2.65   93791     977  466655  3367253  35.90
1950-1959     40-44     0.00328  0.01629  2.69   92814    1512  460579  2900598  31.25
1950-1959     45-49     0.00579  0.02857  2.73   91301    2609  450591  2440019  26.72
1950-1959     50-54     0.01033  0.05047  2.72   88692    4476  433241  1989429  22.43
1950-1959     55-59     0.01771  0.08506  2.69   84216    7163  404509  1556187  18.48
1950-1959     60-64     0.02858  0.13393  2.66   77053   10320  361089  1151678  14.95
1950-1959     65-69     0.04434  0.20029  2.59   66733   13366  301439   790589  11.85
1950-1959     70-74     0.06826  0.29257  2.56   53367   15614  228726   489151   9.17
1950-1959     75-79     0.10635  0.41898  2.47   37754   15818  148730   260425   6.90
1950-1959     80-84     0.16156  0.56693  2.37   21936   12436   76973   111694   5.09
1950-1959     85-89     0.24933  0.72926  2.15    9500    6928   27785    34721   3.66
1950-1959     90-94     0.35444  0.84811  1.93    2572    2181    6154     6936   2.70
1950-1959     95-99     0.49189  0.92944  1.65     391     363     738      782   2.00
1950-1959    100-104    0.62426  0.96631  1.43      28      27      43       44   1.59
1950-1959    105-109    0.74153  0.98248  1.26       1       1       1        1   1.35
1950-1959    110+       0.82325  1.00000  1.21       0       0       0        0   1.21
1960-1969        0      0.02364  0.02315  0.11  100000    2315   97929  6823832  68.24
1960-1969      1-4      0.00093  0.00370  1.62   97685     362  389880  6725903  68.85
1960-1969      5-9      0.00047  0.00233  2.35   97324     227  486015  6336023  65.10
1960-1969     10-14     0.00041  0.00203  2.63   97097     197  485015  5850008  60.25
1960-1969     15-19     0.00094  0.00468  2.81   96899     454  483506  5364993  55.37
1960-1969     20-24     0.00105  0.00523  2.44   96446     504  480939  4881487  50.61
1960-1969     25-29     0.00100  0.00497  2.53   95941     477  478527  4400548  45.87
1960-1969     30-34     0.00120  0.00600  2.62   95464     573  475956  3922021  41.08
1960-1969     35-39     0.00185  0.00921  2.70   94891     874  472441  3446065  36.32
1960-1969     40-44     0.00312  0.01550  2.70   94017    1457  466739  2973624  31.63
1960-1969     45-49     0.00543  0.02682  2.71   92560    2483  457122  2506884  27.08
1960-1969     50-54     0.00946  0.04628  2.71   90077    4169  440849  2049763  22.76
1960-1969     55-59     0.01658  0.07986  2.70   85908    6860  413742  1608914  18.73
1960-1969     60-64     0.02804  0.13159  2.66   79048   10402  370901  1195172  15.12
1960-1969     65-69     0.04448  0.20087  2.59   68646   13789  310031   824271  12.01
1960-1969     70-74     0.06775  0.29049  2.55   54857   15935  235212   514239   9.37
1960-1969     75-79     0.10197  0.40477  2.45   38922   15754  154505   279027   7.17
1960-1969     80-84     0.15171  0.54259  2.38   23167   12570   82860   124523   5.37
1960-1969     85-89     0.22878  0.69687  2.20   10597    7385   32279    41663   3.93
1960-1969     90-94     0.32473  0.82138  1.99    3212    2638    8125     9384   2.92
1960-1969     95-99     0.44663  0.90832  1.73     574     521    1167     1258   2.19
1960-1969    100-104    0.57145  0.95425  1.51      53      50      88       91   1.74
1960-1969    105-109    0.68876  0.97623  1.33       2       2       3        3   1.45
1960-1969    110+       0.77512  1.00000  1.29       0       0       0        0   1.29
1970-1979        0      0.01815  0.01786  0.11  100000    1786   98416  6936169  69.36
1970-1979      1-4      0.00072  0.00289  1.65   98214     284  392188  6837753  69.62
1970-1979      5-9      0.00038  0.00188  2.33   97930     185  489156  6445565  65.82
1970-1979     10-14     0.00033  0.00167  2.64   97745     163  488341  5956409  60.94
1970-1979     15-19     0.00090  0.00449  2.90   97582     439  486990  5468068  56.04
1970-1979     20-24     0.00100  0.00501  2.40   97143     487  484451  4981077  51.28
1970-1979     25-29     0.00091  0.00456  2.51   96657     441  482186  4496626  46.52
1970-1979     30-34     0.00108  0.00541  2.61   96216     520  479835  4014440  41.72
1970-1979     35-39     0.00162  0.00809  2.68   95695     774  476677  3534605  36.94
1970-1979     40-44     0.00284  0.01411  2.74   94921    1340  471580  3057927  32.22
1970-1979     45-49     0.00523  0.02584  2.73   93581    2418  462409  2586347  27.64
1970-1979     50-54     0.00922  0.04515  2.69   91163    4116  446323  2123938  23.30
1970-1979     55-59     0.01533  0.07401  2.67   87047    6442  420249  1677615  19.27
1970-1979     60-64     0.02523  0.11908  2.65   80605    9599  380486  1257367  15.60
1970-1979     65-69     0.04107  0.18699  2.61   71007   13277  323312   876881  12.35
1970-1979     70-74     0.06523  0.28129  2.55   57729   16239  248934   553568   9.59
1970-1979     75-79     0.09915  0.39593  2.46   41491   16427  165685   304634   7.34
1970-1979     80-84     0.14662  0.52898  2.37   25063   13258   90422   138949   5.54
1970-1979     85-89     0.21607  0.67423  2.21   11805    7959   36837    48527   4.11
1970-1979     90-94     0.31123  0.80712  2.02    3846    3104    9973    11690   3.04
1970-1979     95-99     0.42160  0.89413  1.78     742     663    1573     1717   2.31
1970-1979    100-104    0.54109  0.94548  1.56      79      74     137      144   1.83
1970-1979    105-109    0.65684  0.97141  1.38       4       4       6        6   1.52
1970-1979    110+       0.74441  1.00000  1.34       0       0       0        0   1.34
1980-1989        0      0.01133  0.01122  0.13  100000    1122   99020  7158071  71.58
1980-1989      1-4      0.00049  0.00194  1.62   98878     192  395055  7059050  71.39
1980-1989      5-9      0.00025  0.00123  2.39   98686     122  493113  6663995  67.53
1980-1989     10-14     0.00027  0.00135  2.72   98564     133  492518  6170883  62.61
1980-1989     15-19     0.00075  0.00377  2.90   98431     371  491378  5678364  57.69
1980-1989     20-24     0.00088  0.00440  2.42   98060     431  489191  5186986  52.90
1980-1989     25-29     0.00085  0.00425  2.53   97629     415  487122  4697795  48.12
1980-1989     30-34     0.00100  0.00498  2.60   97215     484  484909  4210674  43.31
1980-1989     35-39     0.00137  0.00682  2.65   96730     659  482104  3725765  38.52
1980-1989     40-44     0.00228  0.01135  2.71   96071    1090  477860  3243661  33.76
1980-1989     45-49     0.00410  0.02030  2.71   94981    1928  470500  2765802  29.12
1980-1989     50-54     0.00728  0.03582  2.72   93053    3333  457679  2295302  24.67
1980-1989     55-59     0.01295  0.06286  2.70   89721    5640  435621  1837623  20.48
1980-1989     60-64     0.02178  0.10359  2.65   84081    8710  399912  1402002  16.67
1980-1989     65-69     0.03492  0.16118  2.62   75370   12148  347901  1002090  13.30
1980-1989     70-74     0.05584  0.24593  2.58   63222   15549  278465   654190  10.35
1980-1989     75-79     0.08741  0.35867  2.50   47674   17099  195618   375725   7.88
1980-1989     80-84     0.13473  0.49855  2.39   30575   15243  113142   180107   5.89
1980-1989     85-89     0.20055  0.64571  2.24   15332    9900   49362    66965   4.37
1980-1989     90-94     0.28916  0.78256  2.07    5432    4251   14700    17602   3.24
1980-1989     95-99     0.39506  0.87727  1.83    1181    1036    2623     2902   2.46
1980-1989    100-104    0.51229  0.93591  1.61     145     136     265      280   1.93
1980-1989    105-109    0.62888  0.96653  1.42       9       9      14       15   1.58
1980-1989    110+       0.71880  1.00000  1.39       0       0       0        0   1.39
1990-1999        0      0.00721  0.00716  0.13  100000     716   99380  7390662  73.91
1990-1999      1-4      0.00034  0.00136  1.59   99284     135  396810  7291282  73.44
1990-1999      5-9      0.00016  0.00082  2.44   99149      81  495535  6894472  69.54
1990-1999     10-14     0.00020  0.00101  2.76   99067     100  495113  6398937  64.59
1990-1999     15-19     0.00064  0.00320  2.95   98967     317  494185  5903824  59.65
1990-1999     20-24     0.00091  0.00453  2.51   98651     447  492139  5409639  54.84
1990-1999     25-29     0.00095  0.00474  2.54   98203     465  489871  4917500  50.07
1990-1999     30-34     0.00109  0.00541  2.56   97738     529  487402  4427629  45.30
1990-1999     35-39     0.00139  0.00695  2.65   97209     675  484457  3940227  40.53
1990-1999     40-44     0.00207  0.01029  2.66   96534     994  480345  3455771  35.80
1990-1999     45-49     0.00326  0.01619  2.68   95540    1547  474117  2975425  31.14
1990-1999     50-54     0.00555  0.02739  2.71   93994    2574  464078  2501308  26.61
1990-1999     55-59     0.00953  0.04663  2.69   91420    4263  447261  2037230  22.28
1990-1999     60-64     0.01644  0.07919  2.69   87157    6902  419845  1589969  18.24
1990-1999     65-69     0.02819  0.13218  2.65   80255   10608  376314  1170124  14.58
1990-1999     70-74     0.04601  0.20710  2.59   69647   14424  313522   793811  11.40
1990-1999     75-79     0.07279  0.30875  2.54   55223   17050  234221   480289   8.70
1990-1999     80-84     0.11651  0.44907  2.45   38173   17142  147137   246067   6.45
1990-1999     85-89     0.17984  0.60595  2.31   21030   12743   70858    98931   4.70
1990-1999     90-94     0.27333  0.76368  2.11    8287    6329   23154    28073   3.39
1990-1999     95-99     0.38497  0.87138  1.86    1958    1707    4433     4919   2.51
1990-1999    100-104    0.51195  0.93654  1.61     252     236     461      486   1.93
1990-1999    105-109    0.63831  0.96865  1.40      16      15      24       25   1.56
1990-1999    110+       0.73466  1.00000  1.36       1       1       1        1   1.36
2000-2009        0      0.00564  0.00561  0.14  100000     561   99516  7666146  76.66
2000-2009      1-4      0.00024  0.00094  1.56   99439      94  397527  7566630  76.09
2000-2009      5-9      0.00011  0.00057  2.44   99345      56  496582  7169103  72.16
2000-2009     10-14     0.00014  0.00072  2.78   99289      72  496286  6672521  67.20
2000-2009     15-19     0.00050  0.00248  2.98   99217     246  495589  6176234  62.25
2000-2009     20-24     0.00075  0.00374  2.52   98971     370  493939  5680645  57.40
2000-2009     25-29     0.00083  0.00415  2.56   98601     409  492008  5186706  52.60
2000-2009     30-34     0.00104  0.00518  2.60   98192     509  489736  4694698  47.81
2000-2009     35-39     0.00136  0.00676  2.60   97683     661  486831  4204962  43.05
2000-2009     40-44     0.00192  0.00953  2.64   97022     925  482928  3718131  38.32
2000-2009     45-49     0.00294  0.01458  2.68   96097    1401  477235  3235202  33.67
2000-2009     50-54     0.00462  0.02284  2.66   94697    2163  468428  2757967  29.12
2000-2009     55-59     0.00731  0.03591  2.67   92534    3323  454909  2289539  24.74
2000-2009     60-64     0.01198  0.05829  2.67   89210    5200  433948  1834630  20.57
2000-2009     65-69     0.01955  0.09345  2.66   84010    7851  401690  1400682  16.67
2000-2009     70-74     0.03245  0.15077  2.65   76159   11482  353816   998993  13.12
2000-2009     75-79     0.05492  0.24261  2.60   64677   15691  285724   645177   9.98
2000-2009     80-84     0.09221  0.37514  2.52   48985   18376  199295   359453   7.34
2000-2009     85-89     0.15285  0.54643  2.39   30609   16726  109426   160158   5.23
2000-2009     90-94     0.24729  0.72804  2.18   13883   10108   40874    50732   3.65
2000-2009     95-99     0.36765  0.86014  1.91    3776    3248    8834     9858   2.61
2000-2009    100-104    0.50823  0.93632  1.63     528     494     973     1024   1.94
2000-2009    105-109    0.64874  0.97097  1.39      34      33      50       52   1.54
2000-2009    110+       0.75415  1.00000  1.33       1       1       1        1   1.33
2010-2018        0      0.00440  0.00439  0.14  100000     439   99623  7903515  79.04
2010-2018      1-4      0.00017  0.00069  1.53   99561      69  398075  7803892  78.38
2010-2018      5-9      0.00009  0.00043  2.42   99492      43  497350  7405817  74.44
2010-2018     10-14     0.00010  0.00052  2.68   99449      51  497127  6908467  69.47
2010-2018     15-19     0.00032  0.00162  3.00   99398     161  496668  6411340  64.50
2010-2018     20-24     0.00052  0.00261  2.55   99237     259  495553  5914672  59.60
2010-2018     25-29     0.00064  0.00322  2.60   98978     319  494125  5419119  54.75
2010-2018     30-34     0.00086  0.00429  2.62   98660     423  492289  4924994  49.92
2010-2018     35-39     0.00122  0.00609  2.65   98236     598  489776  4432705  45.12
2010-2018     40-44     0.00181  0.00903  2.65   97638     882  486117  3942929  40.38
2010-2018     45-49     0.00261  0.01299  2.64   96756    1256  480814  3456811  35.73
2010-2018     50-54     0.00386  0.01913  2.66   95500    1827  473213  2975998  31.16
2010-2018     55-59     0.00609  0.03000  2.67   93672    2810  461820  2502785  26.72
2010-2018     60-64     0.00965  0.04720  2.66   90862    4289  444262  2040965  22.46
2010-2018     65-69     0.01500  0.07247  2.66   86573    6274  418152  1596703  18.44
2010-2018     70-74     0.02469  0.11671  2.66   80299    9372  379580  1178551  14.68
2010-2018     75-79     0.04152  0.18899  2.63   70927   13404  322823   798971  11.26
2010-2018     80-84     0.07281  0.30964  2.59   57523   17811  244622   476148   8.28
2010-2018     85-89     0.12812  0.48354  2.46   39712   19202  149874   231526   5.83
2010-2018     90-94     0.22012  0.68624  2.26   20509   14074   63938    81652   3.98
2010-2018     95-99     0.34529  0.84312  1.97    6435    5426   15713    17714   2.75
2010-2018    100-104    0.49639  0.93294  1.66    1010     942    1897     2001   1.98
2010-2018    105-109    0.64965  0.97157  1.39      68      66     101      104   1.53
2010-2018    110+       0.76370  1.00000  1.31       2       2       3        3   1.31
