Taiwan, Life tables (period 1x10), Males	Last modified: 18 Dec 2020;  Methods Protocol: v6 (2017)

  Year          Age         mx       qx    ax      lx      dx      Lx       Tx     ex
1970-1979        0      0.01449  0.01431  0.12  100000    1431   98742  6818813  68.19
1970-1979        1      0.00369  0.00368  0.50   98569     363   98388  6720072  68.18
1970-1979        2      0.00213  0.00213  0.50   98206     209   98102  6621684  67.43
1970-1979        3      0.00133  0.00133  0.50   97997     130   97932  6523582  66.57
1970-1979        4      0.00093  0.00093  0.50   97867      91   97821  6425651  65.66
1970-1979        5      0.00078  0.00078  0.50   97776      76   97738  6327829  64.72
1970-1979        6      0.00068  0.00068  0.50   97700      67   97667  6230091  63.77
1970-1979        7      0.00064  0.00064  0.50   97633      62   97602  6132425  62.81
1970-1979        8      0.00059  0.00059  0.50   97571      58   97542  6034823  61.85
1970-1979        9      0.00054  0.00054  0.50   97513      53   97487  5937280  60.89
1970-1979       10      0.00054  0.00054  0.50   97460      52   97434  5839794  59.92
1970-1979       11      0.00052  0.00052  0.50   97408      50   97383  5742359  58.95
1970-1979       12      0.00054  0.00054  0.50   97358      53   97331  5644977  57.98
1970-1979       13      0.00060  0.00060  0.50   97305      58   97276  5547645  57.01
1970-1979       14      0.00068  0.00068  0.50   97247      66   97214  5450369  56.05
1970-1979       15      0.00086  0.00086  0.50   97181      83   97139  5353155  55.08
1970-1979       16      0.00108  0.00108  0.50   97098     105   97045  5256016  54.13
1970-1979       17      0.00128  0.00128  0.50   96993     124   96931  5158970  53.19
1970-1979       18      0.00152  0.00152  0.50   96869     147   96795  5062040  52.26
1970-1979       19      0.00161  0.00160  0.50   96721     155   96644  4965244  51.34
1970-1979       20      0.00153  0.00153  0.50   96566     148   96493  4868601  50.42
1970-1979       21      0.00155  0.00155  0.50   96419     150   96344  4772108  49.49
1970-1979       22      0.00170  0.00170  0.50   96269     163   96187  4675764  48.57
1970-1979       23      0.00188  0.00188  0.50   96106     181   96015  4579577  47.65
1970-1979       24      0.00191  0.00191  0.50   95925     183   95834  4483561  46.74
1970-1979       25      0.00185  0.00185  0.50   95742     177   95653  4387728  45.83
1970-1979       26      0.00186  0.00186  0.50   95565     177   95476  4292074  44.91
1970-1979       27      0.00186  0.00186  0.50   95387     177   95299  4196598  44.00
1970-1979       28      0.00194  0.00194  0.50   95210     184   95118  4101300  43.08
1970-1979       29      0.00193  0.00193  0.50   95025     184   94934  4006182  42.16
1970-1979       30      0.00200  0.00200  0.50   94842     189   94747  3911248  41.24
1970-1979       31      0.00215  0.00215  0.50   94652     203   94551  3816501  40.32
1970-1979       32      0.00233  0.00232  0.50   94449     220   94339  3721951  39.41
1970-1979       33      0.00244  0.00244  0.50   94229     230   94115  3627611  38.50
1970-1979       34      0.00259  0.00258  0.50   94000     243   93878  3533497  37.59
1970-1979       35      0.00272  0.00271  0.50   93757     254   93630  3439618  36.69
1970-1979       36      0.00294  0.00293  0.50   93503     274   93366  3345989  35.78
1970-1979       37      0.00301  0.00300  0.50   93229     280   93089  3252623  34.89
1970-1979       38      0.00330  0.00330  0.50   92949     306   92796  3159534  33.99
1970-1979       39      0.00361  0.00360  0.50   92642     334   92475  3066739  33.10
1970-1979       40      0.00381  0.00381  0.50   92309     351   92133  2974263  32.22
1970-1979       41      0.00408  0.00407  0.50   91957     374   91770  2882130  31.34
1970-1979       42      0.00435  0.00434  0.50   91583     398   91384  2790360  30.47
1970-1979       43      0.00450  0.00449  0.50   91185     410   90980  2698977  29.60
1970-1979       44      0.00489  0.00488  0.50   90775     443   90554  2607997  28.73
1970-1979       45      0.00521  0.00520  0.50   90332     470   90097  2517443  27.87
1970-1979       46      0.00562  0.00560  0.50   89863     504   89611  2427345  27.01
1970-1979       47      0.00604  0.00602  0.50   89359     538   89090  2337735  26.16
1970-1979       48      0.00658  0.00656  0.50   88821     583   88529  2248645  25.32
1970-1979       49      0.00706  0.00704  0.50   88238     621   87927  2160116  24.48
1970-1979       50      0.00782  0.00778  0.50   87617     682   87276  2072188  23.65
1970-1979       51      0.00844  0.00841  0.50   86935     731   86569  1984912  22.83
1970-1979       52      0.00925  0.00921  0.50   86204     794   85807  1898343  22.02
1970-1979       53      0.01026  0.01021  0.50   85411     872   84975  1812535  21.22
1970-1979       54      0.01137  0.01131  0.50   84539     956   84061  1727561  20.44
1970-1979       55      0.01277  0.01268  0.50   83583    1060   83053  1643500  19.66
1970-1979       56      0.01375  0.01365  0.50   82523    1127   81959  1560447  18.91
1970-1979       57      0.01477  0.01466  0.50   81396    1193   80799  1478488  18.16
1970-1979       58      0.01622  0.01609  0.50   80202    1291   79557  1397689  17.43
1970-1979       59      0.01760  0.01745  0.50   78912    1377   78223  1318132  16.70
1970-1979       60      0.01932  0.01913  0.50   77535    1484   76793  1239909  15.99
1970-1979       61      0.02111  0.02089  0.50   76052    1588   75257  1163115  15.29
1970-1979       62      0.02410  0.02381  0.50   74463    1773   73577  1087858  14.61
1970-1979       63      0.02630  0.02596  0.50   72690    1887   71746  1014281  13.95
1970-1979       64      0.02950  0.02908  0.50   70803    2059   69773   942535  13.31
1970-1979       65      0.03214  0.03163  0.50   68744    2175   67657   872761  12.70
1970-1979       66      0.03579  0.03516  0.50   66570    2340   65399   805105  12.09
1970-1979       67      0.03933  0.03857  0.50   64229    2477   62991   739705  11.52
1970-1979       68      0.04293  0.04202  0.50   61752    2595   60454   676715  10.96
1970-1979       69      0.04738  0.04628  0.50   59157    2738   57788   616260  10.42
1970-1979       70      0.05205  0.05073  0.50   56419    2862   54988   558472   9.90
1970-1979       71      0.05690  0.05533  0.50   53557    2963   52075   503485   9.40
1970-1979       72      0.06262  0.06072  0.50   50593    3072   49057   451410   8.92
1970-1979       73      0.06761  0.06540  0.50   47521    3108   45967   402352   8.47
1970-1979       74      0.07461  0.07193  0.50   44414    3195   42816   356385   8.02
1970-1979       75      0.08092  0.07777  0.50   41219    3206   39616   313569   7.61
1970-1979       76      0.08850  0.08475  0.50   38013    3222   36402   273953   7.21
1970-1979       77      0.09579  0.09141  0.50   34792    3180   33201   237550   6.83
1970-1979       78      0.10623  0.10087  0.50   31611    3189   30017   204349   6.46
1970-1979       79      0.11616  0.10978  0.50   28423    3120   26862   174332   6.13
1970-1979       80      0.12591  0.11845  0.50   25302    2997   23804   147469   5.83
1970-1979       81      0.13833  0.12938  0.50   22305    2886   20862   123665   5.54
1970-1979       82      0.14511  0.13530  0.50   19419    2627   18106   102803   5.29
1970-1979       83      0.15206  0.14131  0.50   16792    2373   15606    84697   5.04
1970-1979       84      0.17195  0.15834  0.50   14419    2283   13278    69092   4.79
1970-1979       85      0.17416  0.16021  0.50   12136    1944   11164    55814   4.60
1970-1979       86      0.18557  0.16981  0.50   10192    1731    9326    44651   4.38
1970-1979       87      0.20539  0.18626  0.50    8461    1576    7673    35324   4.17
1970-1979       88      0.20897  0.18921  0.50    6885    1303    6234    27651   4.02
1970-1979       89      0.23038  0.20658  0.50    5582    1153    5006    21417   3.84
1970-1979       90      0.23604  0.21112  0.50    4429     935    3962    16412   3.71
1970-1979       91      0.26058  0.23055  0.50    3494     806    3091    12450   3.56
1970-1979       92      0.24346  0.21704  0.50    2689     584    2397     9359   3.48
1970-1979       93      0.24895  0.22139  0.50    2105     466    1872     6962   3.31
1970-1979       94      0.28208  0.24721  0.50    1639     405    1436     5090   3.11
1970-1979       95      0.30276  0.26296  0.50    1234     324    1072     3654   2.96
1970-1979       96      0.31813  0.27447  0.50     909     250     785     2582   2.84
1970-1979       97      0.33390  0.28613  0.50     660     189     565     1798   2.72
1970-1979       98      0.35005  0.29791  0.50     471     140     401     1232   2.62
1970-1979       99      0.36655  0.30977  0.50     331     102     279      831   2.51
1970-1979      100      0.38337  0.32170  0.50     228      73     192      552   2.42
1970-1979      101      0.40047  0.33366  0.50     155      52     129      360   2.33
1970-1979      102      0.41782  0.34562  0.50     103      36      85      231   2.24
1970-1979      103      0.43537  0.35754  0.50      68      24      55      146   2.16
1970-1979      104      0.45309  0.36941  0.50      43      16      35       91   2.09
1970-1979      105      0.47093  0.38118  0.50      27      10      22       55   2.02
1970-1979      106      0.48885  0.39283  0.50      17       7      14       33   1.96
1970-1979      107      0.50679  0.40433  0.50      10       4       8       20   1.90
1970-1979      108      0.52471  0.41566  0.50       6       3       5       11   1.85
1970-1979      109      0.54257  0.42679  0.50       4       2       3        6   1.81
1970-1979      110+     0.56033  1.00000  1.78       2       2       4        4   1.78
1980-1989        0      0.00847  0.00841  0.13  100000     841   99271  7057090  70.57
1980-1989        1      0.00189  0.00189  0.50   99159     187   99066  6957819  70.17
1980-1989        2      0.00118  0.00118  0.50   98972     117   98914  6858754  69.30
1980-1989        3      0.00084  0.00084  0.50   98855      83   98814  6759840  68.38
1980-1989        4      0.00067  0.00067  0.50   98772      67   98739  6661026  67.44
1980-1989        5      0.00056  0.00056  0.50   98706      55   98678  6562287  66.48
1980-1989        6      0.00051  0.00051  0.50   98650      50   98625  6463609  65.52
1980-1989        7      0.00051  0.00051  0.50   98600      50   98575  6364984  64.55
1980-1989        8      0.00052  0.00052  0.50   98550      51   98524  6266409  63.59
1980-1989        9      0.00046  0.00046  0.50   98499      45   98476  6167885  62.62
1980-1989       10      0.00044  0.00044  0.50   98454      43   98432  6069409  61.65
1980-1989       11      0.00044  0.00044  0.50   98410      43   98389  5970977  60.67
1980-1989       12      0.00046  0.00046  0.50   98367      45   98344  5872588  59.70
1980-1989       13      0.00050  0.00050  0.50   98322      49   98297  5774244  58.73
1980-1989       14      0.00058  0.00058  0.50   98273      57   98245  5675946  57.76
1980-1989       15      0.00085  0.00085  0.50   98216      84   98174  5577702  56.79
1980-1989       16      0.00116  0.00116  0.50   98133     114   98076  5479527  55.84
1980-1989       17      0.00142  0.00142  0.50   98019     139   97949  5381452  54.90
1980-1989       18      0.00173  0.00173  0.50   97880     170   97795  5283502  53.98
1980-1989       19      0.00171  0.00171  0.50   97710     167   97627  5185707  53.07
1980-1989       20      0.00144  0.00144  0.50   97543     141   97473  5088081  52.16
1980-1989       21      0.00140  0.00140  0.50   97403     136   97335  4990608  51.24
1980-1989       22      0.00161  0.00161  0.50   97267     157   97188  4893273  50.31
1980-1989       23      0.00179  0.00178  0.50   97110     173   97024  4796085  49.39
1980-1989       24      0.00174  0.00174  0.50   96937     169   96853  4699061  48.48
1980-1989       25      0.00169  0.00169  0.50   96768     163   96687  4602208  47.56
1980-1989       26      0.00176  0.00175  0.50   96605     170   96520  4505522  46.64
1980-1989       27      0.00170  0.00169  0.50   96435     163   96354  4409002  45.72
1980-1989       28      0.00170  0.00170  0.50   96272     163   96190  4312648  44.80
1980-1989       29      0.00178  0.00178  0.50   96109     171   96023  4216458  43.87
1980-1989       30      0.00179  0.00179  0.50   95937     172   95852  4120435  42.95
1980-1989       31      0.00193  0.00193  0.50   95766     185   95673  4024583  42.03
1980-1989       32      0.00202  0.00202  0.50   95581     193   95484  3928910  41.11
1980-1989       33      0.00209  0.00208  0.50   95387     199   95288  3833426  40.19
1980-1989       34      0.00221  0.00221  0.50   95188     210   95083  3738138  39.27
1980-1989       35      0.00242  0.00242  0.50   94978     230   94863  3643055  38.36
1980-1989       36      0.00256  0.00256  0.50   94748     242   94627  3548192  37.45
1980-1989       37      0.00280  0.00279  0.50   94506     264   94374  3453566  36.54
1980-1989       38      0.00298  0.00297  0.50   94242     280   94102  3359192  35.64
1980-1989       39      0.00319  0.00318  0.50   93961     299   93812  3265090  34.75
1980-1989       40      0.00347  0.00346  0.50   93662     324   93500  3171279  33.86
1980-1989       41      0.00378  0.00377  0.50   93338     352   93162  3077778  32.97
1980-1989       42      0.00415  0.00414  0.50   92986     385   92794  2984616  32.10
1980-1989       43      0.00441  0.00440  0.50   92601     408   92397  2891823  31.23
1980-1989       44      0.00471  0.00470  0.50   92194     433   91977  2799425  30.36
1980-1989       45      0.00516  0.00515  0.50   91761     472   91524  2707448  29.51
1980-1989       46      0.00563  0.00562  0.50   91288     513   91032  2615924  28.66
1980-1989       47      0.00595  0.00593  0.50   90775     538   90506  2524892  27.81
1980-1989       48      0.00638  0.00636  0.50   90237     574   89950  2434386  26.98
1980-1989       49      0.00690  0.00687  0.50   89663     616   89355  2344437  26.15
1980-1989       50      0.00731  0.00728  0.50   89047     649   88722  2255082  25.32
1980-1989       51      0.00785  0.00782  0.50   88398     691   88052  2166359  24.51
1980-1989       52      0.00841  0.00838  0.50   87707     735   87339  2078307  23.70
1980-1989       53      0.00903  0.00899  0.50   86972     782   86581  1990968  22.89
1980-1989       54      0.00974  0.00969  0.50   86190     835   85772  1904387  22.10
1980-1989       55      0.01035  0.01030  0.50   85355     879   84915  1818615  21.31
1980-1989       56      0.01142  0.01135  0.50   84476     959   83996  1733700  20.52
1980-1989       57      0.01212  0.01205  0.50   83517    1006   83014  1649703  19.75
1980-1989       58      0.01296  0.01287  0.50   82511    1062   81980  1566689  18.99
1980-1989       59      0.01467  0.01456  0.50   81449    1186   80856  1484709  18.23
1980-1989       60      0.01606  0.01593  0.50   80263    1279   79624  1403853  17.49
1980-1989       61      0.01742  0.01727  0.50   78984    1364   78302  1324230  16.77
1980-1989       62      0.01917  0.01899  0.50   77620    1474   76883  1245928  16.05
1980-1989       63      0.02081  0.02060  0.50   76146    1568   75362  1169044  15.35
1980-1989       64      0.02320  0.02293  0.50   74578    1710   73723  1093683  14.66
1980-1989       65      0.02583  0.02550  0.50   72868    1858   71939  1019960  14.00
1980-1989       66      0.02838  0.02799  0.50   71010    1987   70016   948021  13.35
1980-1989       67      0.03082  0.03035  0.50   69022    2095   67975   878005  12.72
1980-1989       68      0.03436  0.03377  0.50   66928    2260   65798   810030  12.10
1980-1989       69      0.03753  0.03684  0.50   64667    2382   63476   744232  11.51
1980-1989       70      0.04100  0.04018  0.50   62285    2502   61034   680756  10.93
1980-1989       71      0.04502  0.04403  0.50   59783    2632   58467   619722  10.37
1980-1989       72      0.04964  0.04844  0.50   57150    2768   55766   561256   9.82
1980-1989       73      0.05496  0.05349  0.50   54382    2909   52928   505490   9.30
1980-1989       74      0.06076  0.05897  0.50   51473    3035   49956   452562   8.79
1980-1989       75      0.06581  0.06371  0.50   48438    3086   46895   402606   8.31
1980-1989       76      0.07253  0.06999  0.50   45352    3174   43765   355711   7.84
1980-1989       77      0.08117  0.07800  0.50   42178    3290   40533   311947   7.40
1980-1989       78      0.08722  0.08357  0.50   38888    3250   37263   271414   6.98
1980-1989       79      0.09467  0.09039  0.50   35638    3221   34027   234152   6.57
1980-1989       80      0.10997  0.10424  0.50   32416    3379   30727   200124   6.17
1980-1989       81      0.12105  0.11414  0.50   29037    3314   27380   169398   5.83
1980-1989       82      0.13560  0.12699  0.50   25723    3266   24090   142018   5.52
1980-1989       83      0.14392  0.13425  0.50   22456    3015   20949   117928   5.25
1980-1989       84      0.15054  0.14000  0.50   19442    2722   18081    96979   4.99
1980-1989       85      0.16251  0.15030  0.50   16720    2513   15463    78898   4.72
1980-1989       86      0.18323  0.16785  0.50   14207    2385   13014    63435   4.47
1980-1989       87      0.19371  0.17661  0.50   11822    2088   10778    50421   4.26
1980-1989       88      0.20806  0.18845  0.50    9734    1834    8817    39643   4.07
1980-1989       89      0.21761  0.19626  0.50    7900    1550    7125    30826   3.90
1980-1989       90      0.22781  0.20451  0.50    6349    1299    5700    23701   3.73
1980-1989       91      0.23765  0.21241  0.50    5051    1073    4514    18001   3.56
1980-1989       92      0.26003  0.23011  0.50    3978     915    3520    13487   3.39
1980-1989       93      0.25623  0.22713  0.50    3063     696    2715     9966   3.25
1980-1989       94      0.24341  0.21700  0.50    2367     514    2110     7251   3.06
1980-1989       95      0.32044  0.27619  0.50    1853     512    1597     5141   2.77
1980-1989       96      0.33977  0.29043  0.50    1341     390    1147     3544   2.64
1980-1989       97      0.35966  0.30484  0.50     952     290     807     2397   2.52
1980-1989       98      0.38004  0.31936  0.50     662     211     556     1590   2.40
1980-1989       99      0.40085  0.33392  0.50     450     150     375     1034   2.30
1980-1989      100      0.42203  0.34849  0.50     300     105     248      659   2.20
1980-1989      101      0.44349  0.36300  0.50     195      71     160      411   2.10
1980-1989      102      0.46517  0.37739  0.50     125      47     101      251   2.02
1980-1989      103      0.48698  0.39163  0.50      78      30      62      150   1.94
1980-1989      104      0.50884  0.40564  0.50      47      19      38       88   1.87
1980-1989      105      0.53067  0.41939  0.50      28      12      22       50   1.80
1980-1989      106      0.55238  0.43284  0.50      16       7      13       28   1.74
1980-1989      107      0.57389  0.44593  0.50       9       4       7       16   1.68
1980-1989      108      0.59513  0.45865  0.50       5       2       4        8   1.63
1980-1989      109      0.61602  0.47096  0.50       3       1       2        4   1.60
1980-1989      110+     0.63648  1.00000  1.57       1       1       2        2   1.57
1990-1999        0      0.00689  0.00685  0.14  100000     685   99407  7219801  72.20
1990-1999        1      0.00107  0.00107  0.50   99315     106   99262  7120394  71.70
1990-1999        2      0.00074  0.00074  0.50   99208      74   99172  7021132  70.77
1990-1999        3      0.00057  0.00056  0.50   99135      56   99107  6921961  69.82
1990-1999        4      0.00044  0.00044  0.50   99079      44   99057  6822854  68.86
1990-1999        5      0.00034  0.00034  0.50   99035      34   99018  6723797  67.89
1990-1999        6      0.00034  0.00034  0.50   99001      33   98984  6624779  66.92
1990-1999        7      0.00033  0.00033  0.50   98968      33   98951  6525795  65.94
1990-1999        8      0.00033  0.00033  0.50   98935      33   98919  6426844  64.96
1990-1999        9      0.00033  0.00033  0.50   98902      33   98886  6327925  63.98
1990-1999       10      0.00031  0.00031  0.50   98870      30   98855  6229039  63.00
1990-1999       11      0.00031  0.00031  0.50   98839      31   98824  6130184  62.02
1990-1999       12      0.00033  0.00033  0.50   98809      33   98792  6031360  61.04
1990-1999       13      0.00040  0.00040  0.50   98776      39   98756  5932568  60.06
1990-1999       14      0.00057  0.00057  0.50   98737      57   98709  5833812  59.08
1990-1999       15      0.00084  0.00084  0.50   98680      83   98639  5735103  58.12
1990-1999       16      0.00118  0.00118  0.50   98597     116   98539  5636464  57.17
1990-1999       17      0.00129  0.00129  0.50   98481     127   98418  5537925  56.23
1990-1999       18      0.00153  0.00153  0.50   98354     150   98279  5439508  55.31
1990-1999       19      0.00140  0.00139  0.50   98204     137   98135  5341229  54.39
1990-1999       20      0.00121  0.00120  0.50   98067     118   98008  5243093  53.46
1990-1999       21      0.00123  0.00123  0.50   97949     120   97889  5145085  52.53
1990-1999       22      0.00142  0.00142  0.50   97828     139   97759  5047197  51.59
1990-1999       23      0.00154  0.00154  0.50   97689     150   97614  4949438  50.67
1990-1999       24      0.00151  0.00151  0.50   97539     147   97466  4851824  49.74
1990-1999       25      0.00151  0.00150  0.50   97392     146   97319  4754358  48.82
1990-1999       26      0.00156  0.00156  0.50   97246     152   97170  4657039  47.89
1990-1999       27      0.00161  0.00161  0.50   97094     157   97016  4559869  46.96
1990-1999       28      0.00168  0.00168  0.50   96938     163   96856  4462853  46.04
1990-1999       29      0.00176  0.00176  0.50   96775     170   96690  4365997  45.11
1990-1999       30      0.00184  0.00184  0.50   96605     177   96516  4269307  44.19
1990-1999       31      0.00194  0.00194  0.50   96427     187   96334  4172791  43.27
1990-1999       32      0.00206  0.00205  0.50   96241     198   96142  4076457  42.36
1990-1999       33      0.00211  0.00211  0.50   96043     202   95942  3980315  41.44
1990-1999       34      0.00230  0.00230  0.50   95841     220   95731  3884373  40.53
1990-1999       35      0.00243  0.00243  0.50   95621     232   95505  3788642  39.62
1990-1999       36      0.00262  0.00262  0.50   95389     250   95264  3693138  38.72
1990-1999       37      0.00274  0.00274  0.50   95139     261   95009  3597874  37.82
1990-1999       38      0.00298  0.00297  0.50   94878     282   94737  3502865  36.92
1990-1999       39      0.00310  0.00310  0.50   94596     293   94450  3408128  36.03
1990-1999       40      0.00342  0.00341  0.50   94303     322   94142  3313679  35.14
1990-1999       41      0.00356  0.00356  0.50   93981     334   93814  3219536  34.26
1990-1999       42      0.00390  0.00389  0.50   93647     364   93465  3125722  33.38
1990-1999       43      0.00425  0.00424  0.50   93283     396   93085  3032257  32.51
1990-1999       44      0.00434  0.00433  0.50   92887     402   92686  2939172  31.64
1990-1999       45      0.00467  0.00466  0.50   92485     431   92269  2846486  30.78
1990-1999       46      0.00523  0.00522  0.50   92054     480   91814  2754216  29.92
1990-1999       47      0.00537  0.00536  0.50   91574     490   91328  2662403  29.07
1990-1999       48      0.00586  0.00584  0.50   91083     532   90817  2571074  28.23
1990-1999       49      0.00647  0.00645  0.50   90551     584   90260  2480257  27.39
1990-1999       50      0.00687  0.00685  0.50   89968     616   89660  2389997  26.57
1990-1999       51      0.00754  0.00751  0.50   89352     671   89016  2300337  25.74
1990-1999       52      0.00796  0.00793  0.50   88680     703   88329  2211321  24.94
1990-1999       53      0.00864  0.00861  0.50   87977     757   87599  2122993  24.13
1990-1999       54      0.00932  0.00928  0.50   87220     810   86815  2035394  23.34
1990-1999       55      0.01005  0.01000  0.50   86411     864   85979  1948578  22.55
1990-1999       56      0.01085  0.01080  0.50   85547     924   85085  1862600  21.77
1990-1999       57      0.01179  0.01172  0.50   84623     992   84127  1777515  21.01
1990-1999       58      0.01266  0.01258  0.50   83631    1052   83105  1693387  20.25
1990-1999       59      0.01359  0.01350  0.50   82579    1115   82021  1610283  19.50
1990-1999       60      0.01514  0.01502  0.50   81464    1224   80852  1528261  18.76
1990-1999       61      0.01576  0.01564  0.50   80240    1255   79613  1447409  18.04
1990-1999       62      0.01729  0.01715  0.50   78985    1354   78308  1367796  17.32
1990-1999       63      0.01895  0.01877  0.50   77631    1457   76903  1289488  16.61
1990-1999       64      0.02028  0.02008  0.50   76174    1530   75409  1212585  15.92
1990-1999       65      0.02171  0.02148  0.50   74644    1603   73843  1137176  15.23
1990-1999       66      0.02361  0.02333  0.50   73041    1704   72189  1063333  14.56
1990-1999       67      0.02577  0.02544  0.50   71337    1815   70430   991144  13.89
1990-1999       68      0.02796  0.02757  0.50   69522    1917   68564   920715  13.24
1990-1999       69      0.03052  0.03006  0.50   67605    2032   66589   852151  12.60
1990-1999       70      0.03369  0.03313  0.50   65573    2172   64487   785562  11.98
1990-1999       71      0.03681  0.03615  0.50   63401    2292   62255   721075  11.37
1990-1999       72      0.04032  0.03952  0.50   61109    2415   59901   658820  10.78
1990-1999       73      0.04412  0.04317  0.50   58694    2534   57427   598919  10.20
1990-1999       74      0.04911  0.04794  0.50   56160    2692   54814   541493   9.64
1990-1999       75      0.05448  0.05303  0.50   53468    2835   52050   486679   9.10
1990-1999       76      0.05944  0.05772  0.50   50632    2923   49171   434629   8.58
1990-1999       77      0.06582  0.06372  0.50   47710    3040   46190   385458   8.08
1990-1999       78      0.07197  0.06947  0.50   44670    3103   43118   339268   7.60
1990-1999       79      0.07938  0.07635  0.50   41567    3174   39980   296150   7.12
1990-1999       80      0.09517  0.09085  0.50   38393    3488   36649   256170   6.67
1990-1999       81      0.10283  0.09780  0.50   34905    3414   33198   219521   6.29
1990-1999       82      0.11335  0.10727  0.50   31491    3378   29802   186323   5.92
1990-1999       83      0.12499  0.11764  0.50   28113    3307   26460   156520   5.57
1990-1999       84      0.13739  0.12855  0.50   24806    3189   23212   130061   5.24
1990-1999       85      0.14846  0.13820  0.50   21617    2987   20123   106849   4.94
1990-1999       86      0.16253  0.15032  0.50   18630    2800   17229    86726   4.66
1990-1999       87      0.17207  0.15844  0.50   15829    2508   14575    69497   4.39
1990-1999       88      0.19485  0.17755  0.50   13321    2365   12139    54921   4.12
1990-1999       89      0.20397  0.18509  0.50   10956    2028    9942    42782   3.90
1990-1999       90      0.21918  0.19753  0.50    8928    1764    8046    32840   3.68
1990-1999       91      0.24060  0.21476  0.50    7165    1539    6395    24794   3.46
1990-1999       92      0.25990  0.23001  0.50    5626    1294    4979    18399   3.27
1990-1999       93      0.27326  0.24042  0.50    4332    1041    3811    13420   3.10
1990-1999       94      0.28943  0.25284  0.50    3290     832    2874     9609   2.92
1990-1999       95      0.32034  0.27612  0.50    2458     679    2119     6734   2.74
1990-1999       96      0.34250  0.29242  0.50    1780     520    1519     4615   2.59
1990-1999       97      0.36536  0.30893  0.50    1259     389    1065     3096   2.46
1990-1999       98      0.38885  0.32555  0.50     870     283     729     2031   2.33
1990-1999       99      0.41286  0.34222  0.50     587     201     487     1302   2.22
1990-1999      100      0.43730  0.35884  0.50     386     139     317      816   2.11
1990-1999      101      0.46204  0.37533  0.50     248      93     201      499   2.02
1990-1999      102      0.48698  0.39162  0.50     155      61     124      298   1.93
1990-1999      103      0.51197  0.40763  0.50      94      38      75      174   1.84
1990-1999      104      0.53691  0.42328  0.50      56      24      44       99   1.77
1990-1999      105      0.56167  0.43852  0.50      32      14      25       55   1.70
1990-1999      106      0.58612  0.45328  0.50      18       8      14       30   1.64
1990-1999      107      0.61015  0.46752  0.50      10       5       8       16   1.58
1990-1999      108      0.63366  0.48120  0.50       5       3       4        8   1.54
1990-1999      109      0.65656  0.49429  0.50       3       1       2        4   1.50
1990-1999      110+     0.67874  1.00000  1.47       1       1       2        2   1.47
2000-2009        0      0.00610  0.00606  0.14  100000     606   99477  7457340  74.57
2000-2009        1      0.00067  0.00067  0.50   99394      66   99360  7357864  74.03
2000-2009        2      0.00045  0.00045  0.50   99327      45   99305  7258503  73.08
2000-2009        3      0.00033  0.00033  0.50   99282      33   99266  7159198  72.11
2000-2009        4      0.00028  0.00028  0.50   99250      28   99236  7059932  71.13
2000-2009        5      0.00021  0.00021  0.50   99222      21   99211  6960697  70.15
2000-2009        6      0.00021  0.00021  0.50   99201      21   99190  6861486  69.17
2000-2009        7      0.00022  0.00022  0.50   99180      22   99169  6762296  68.18
2000-2009        8      0.00016  0.00016  0.50   99158      16   99150  6663127  67.20
2000-2009        9      0.00018  0.00018  0.50   99142      18   99133  6563977  66.21
2000-2009       10      0.00019  0.00019  0.50   99124      19   99114  6464844  65.22
2000-2009       11      0.00018  0.00018  0.50   99105      17   99096  6365730  64.23
2000-2009       12      0.00021  0.00021  0.50   99087      21   99077  6266634  63.24
2000-2009       13      0.00020  0.00020  0.50   99067      20   99057  6167556  62.26
2000-2009       14      0.00024  0.00024  0.50   99047      24   99035  6068500  61.27
2000-2009       15      0.00041  0.00041  0.50   99023      41   99002  5969465  60.28
2000-2009       16      0.00055  0.00055  0.50   98982      54   98955  5870462  59.31
2000-2009       17      0.00066  0.00066  0.50   98928      66   98895  5771507  58.34
2000-2009       18      0.00091  0.00091  0.50   98862      90   98817  5672612  57.38
2000-2009       19      0.00087  0.00087  0.50   98772      86   98729  5573795  56.43
2000-2009       20      0.00083  0.00083  0.50   98686      82   98645  5475067  55.48
2000-2009       21      0.00085  0.00085  0.50   98604      84   98562  5376422  54.53
2000-2009       22      0.00089  0.00089  0.50   98520      88   98477  5277860  53.57
2000-2009       23      0.00096  0.00095  0.50   98433      94   98386  5179383  52.62
2000-2009       24      0.00102  0.00102  0.50   98339     100   98289  5080997  51.67
2000-2009       25      0.00104  0.00104  0.50   98239     102   98188  4982709  50.72
2000-2009       26      0.00111  0.00111  0.50   98137     109   98082  4884521  49.77
2000-2009       27      0.00120  0.00120  0.50   98027     117   97969  4786439  48.83
2000-2009       28      0.00125  0.00125  0.50   97910     122   97849  4688470  47.89
2000-2009       29      0.00134  0.00134  0.50   97788     131   97722  4590621  46.94
2000-2009       30      0.00149  0.00149  0.50   97657     145   97584  4492899  46.01
2000-2009       31      0.00158  0.00157  0.50   97511     154   97435  4395315  45.07
2000-2009       32      0.00164  0.00164  0.50   97358     160   97278  4297880  44.15
2000-2009       33      0.00186  0.00186  0.50   97198     181   97108  4200602  43.22
2000-2009       34      0.00207  0.00207  0.50   97017     200   96917  4103495  42.30
2000-2009       35      0.00212  0.00211  0.50   96817     205   96715  4006577  41.38
2000-2009       36      0.00234  0.00234  0.50   96612     226   96499  3909863  40.47
2000-2009       37      0.00255  0.00254  0.50   96387     245   96264  3813363  39.56
2000-2009       38      0.00283  0.00283  0.50   96141     272   96005  3717099  38.66
2000-2009       39      0.00299  0.00298  0.50   95869     286   95727  3621094  37.77
2000-2009       40      0.00309  0.00308  0.50   95584     295   95436  3525367  36.88
2000-2009       41      0.00346  0.00346  0.50   95289     329   95124  3429931  36.00
2000-2009       42      0.00375  0.00375  0.50   94959     356   94781  3334807  35.12
2000-2009       43      0.00400  0.00399  0.50   94604     378   94415  3240026  34.25
2000-2009       44      0.00424  0.00424  0.50   94226     399   94026  3145611  33.38
2000-2009       45      0.00455  0.00454  0.50   93827     426   93614  3051585  32.52
2000-2009       46      0.00475  0.00473  0.50   93401     442   93180  2957971  31.67
2000-2009       47      0.00515  0.00514  0.50   92959     478   92720  2864791  30.82
2000-2009       48      0.00542  0.00541  0.50   92481     500   92231  2772072  29.97
2000-2009       49      0.00572  0.00570  0.50   91981     524   91718  2679841  29.13
2000-2009       50      0.00608  0.00606  0.50   91456     554   91179  2588122  28.30
2000-2009       51      0.00658  0.00656  0.50   90902     596   90604  2496943  27.47
2000-2009       52      0.00717  0.00714  0.50   90306     645   89984  2406339  26.65
2000-2009       53      0.00754  0.00751  0.50   89661     674   89324  2316356  25.83
2000-2009       54      0.00796  0.00793  0.50   88987     706   88635  2227031  25.03
2000-2009       55      0.00858  0.00854  0.50   88282     754   87905  2138397  24.22
2000-2009       56      0.00916  0.00912  0.50   87527     798   87129  2050492  23.43
2000-2009       57      0.01004  0.00999  0.50   86730     867   86296  1963364  22.64
2000-2009       58      0.01081  0.01076  0.50   85863     923   85401  1877067  21.86
2000-2009       59      0.01176  0.01169  0.50   84939     993   84443  1791666  21.09
2000-2009       60      0.01286  0.01277  0.50   83946    1072   83410  1707223  20.34
2000-2009       61      0.01356  0.01347  0.50   82874    1116   82316  1623813  19.59
2000-2009       62      0.01478  0.01467  0.50   81758    1200   81158  1541497  18.85
2000-2009       63      0.01604  0.01591  0.50   80558    1282   79917  1460339  18.13
2000-2009       64      0.01743  0.01728  0.50   79276    1370   78592  1380422  17.41
2000-2009       65      0.01851  0.01834  0.50   77907    1429   77192  1301830  16.71
2000-2009       66      0.02027  0.02007  0.50   76478    1535   75711  1224638  16.01
2000-2009       67      0.02220  0.02195  0.50   74943    1645   74121  1148927  15.33
2000-2009       68      0.02431  0.02402  0.50   73298    1761   72418  1074806  14.66
2000-2009       69      0.02652  0.02618  0.50   71537    1873   70601  1002388  14.01
2000-2009       70      0.02858  0.02817  0.50   69665    1963   68683   931787  13.38
2000-2009       71      0.03184  0.03134  0.50   67702    2122   66641   863104  12.75
2000-2009       72      0.03441  0.03383  0.50   65580    2219   64471   796462  12.14
2000-2009       73      0.03721  0.03653  0.50   63362    2314   62204   731992  11.55
2000-2009       74      0.04057  0.03976  0.50   61047    2427   59834   669787  10.97
2000-2009       75      0.04456  0.04359  0.50   58620    2555   57342   609954  10.41
2000-2009       76      0.04846  0.04731  0.50   56064    2652   54738   552611   9.86
2000-2009       77      0.05326  0.05188  0.50   53412    2771   52027   497873   9.32
2000-2009       78      0.05842  0.05677  0.50   50641    2875   49204   445847   8.80
2000-2009       79      0.06377  0.06180  0.50   47766    2952   46290   396643   8.30
2000-2009       80      0.07252  0.06998  0.50   44814    3136   43246   350353   7.82
2000-2009       81      0.07905  0.07604  0.50   41678    3169   40094   307106   7.37
2000-2009       82      0.08800  0.08429  0.50   38509    3246   36886   267013   6.93
2000-2009       83      0.09648  0.09204  0.50   35263    3246   33640   230127   6.53
2000-2009       84      0.10711  0.10166  0.50   32017    3255   30390   196486   6.14
2000-2009       85      0.11760  0.11107  0.50   28762    3195   27165   166096   5.77
2000-2009       86      0.12621  0.11872  0.50   25568    3035   24050   138931   5.43
2000-2009       87      0.14089  0.13162  0.50   22532    2966   21049   114881   5.10
2000-2009       88      0.15548  0.14427  0.50   19567    2823   18155    93832   4.80
2000-2009       89      0.16653  0.15373  0.50   16744    2574   15457    75677   4.52
2000-2009       90      0.18103  0.16600  0.50   14170    2352   12994    60220   4.25
2000-2009       91      0.19764  0.17986  0.50   11818    2126   10755    47226   4.00
2000-2009       92      0.21120  0.19103  0.50    9692    1851    8766    36471   3.76
2000-2009       93      0.23425  0.20969  0.50    7841    1644    7018    27705   3.53
2000-2009       94      0.24795  0.22060  0.50    6196    1367    5513    20686   3.34
2000-2009       95      0.26889  0.23702  0.50    4830    1145    4257    15173   3.14
2000-2009       96      0.28958  0.25296  0.50    3685     932    3219    10916   2.96
2000-2009       97      0.31119  0.26929  0.50    2753     741    2382     7697   2.80
2000-2009       98      0.33365  0.28595  0.50    2011     575    1724     5315   2.64
2000-2009       99      0.35690  0.30285  0.50    1436     435    1219     3592   2.50
2000-2009      100      0.38084  0.31992  0.50    1001     320     841     2373   2.37
2000-2009      101      0.40537  0.33705  0.50     681     230     566     1532   2.25
2000-2009      102      0.43038  0.35417  0.50     451     160     371      965   2.14
2000-2009      103      0.45576  0.37117  0.50     292     108     237      594   2.04
2000-2009      104      0.48136  0.38798  0.50     183      71     148      356   1.94
2000-2009      105      0.50707  0.40451  0.50     112      45      90      209   1.86
2000-2009      106      0.53274  0.42068  0.50      67      28      53      119   1.78
2000-2009      107      0.55823  0.43642  0.50      39      17      30       66   1.72
2000-2009      108      0.58342  0.45167  0.50      22      10      17       36   1.66
2000-2009      109      0.60819  0.46637  0.50      12       6       9       19   1.61
2000-2009      110+     0.63241  1.00000  1.58       6       6      10       10   1.58
2010-2019        0      0.00459  0.00457  0.14  100000     457   99607  7669961  76.70
2010-2019        1      0.00038  0.00038  0.50   99543      37   99524  7570354  76.05
2010-2019        2      0.00023  0.00023  0.50   99505      23   99494  7470830  75.08
2010-2019        3      0.00020  0.00020  0.50   99483      20   99473  7371336  74.10
2010-2019        4      0.00015  0.00015  0.50   99462      15   99455  7271863  73.11
2010-2019        5      0.00014  0.00014  0.50   99447      14   99440  7172409  72.12
2010-2019        6      0.00014  0.00014  0.50   99433      14   99427  7072968  71.13
2010-2019        7      0.00014  0.00014  0.50   99420      14   99413  6973542  70.14
2010-2019        8      0.00013  0.00013  0.50   99406      13   99400  6874129  69.15
2010-2019        9      0.00013  0.00013  0.50   99393      13   99387  6774729  68.16
2010-2019       10      0.00014  0.00014  0.50   99380      14   99374  6675343  67.17
2010-2019       11      0.00014  0.00014  0.50   99367      14   99360  6575969  66.18
2010-2019       12      0.00015  0.00015  0.50   99353      14   99346  6476609  65.19
2010-2019       13      0.00018  0.00018  0.50   99338      18   99329  6377264  64.20
2010-2019       14      0.00020  0.00020  0.50   99321      20   99310  6277934  63.21
2010-2019       15      0.00028  0.00028  0.50   99300      28   99286  6178624  62.22
2010-2019       16      0.00035  0.00035  0.50   99272      35   99255  6079337  61.24
2010-2019       17      0.00039  0.00039  0.50   99238      38   99218  5980082  60.26
2010-2019       18      0.00070  0.00070  0.50   99199      70   99164  5880864  59.28
2010-2019       19      0.00063  0.00063  0.50   99130      62   99098  5781700  58.32
2010-2019       20      0.00062  0.00062  0.50   99067      62   99036  5682601  57.36
2010-2019       21      0.00062  0.00062  0.50   99006      61   98975  5583565  56.40
2010-2019       22      0.00064  0.00064  0.50   98944      63   98913  5484590  55.43
2010-2019       23      0.00064  0.00064  0.50   98881      63   98849  5385677  54.47
2010-2019       24      0.00064  0.00064  0.50   98818      63   98786  5286828  53.50
2010-2019       25      0.00070  0.00070  0.50   98754      69   98720  5188042  52.53
2010-2019       26      0.00065  0.00065  0.50   98685      64   98653  5089322  51.57
2010-2019       27      0.00077  0.00077  0.50   98621      76   98583  4990669  50.60
2010-2019       28      0.00081  0.00081  0.50   98545      80   98505  4892086  49.64
2010-2019       29      0.00088  0.00088  0.50   98466      87   98422  4793581  48.68
2010-2019       30      0.00096  0.00096  0.50   98379      94   98332  4695158  47.73
2010-2019       31      0.00108  0.00108  0.50   98285     106   98232  4596826  46.77
2010-2019       32      0.00120  0.00120  0.50   98179     118   98120  4498595  45.82
2010-2019       33      0.00134  0.00134  0.50   98061     131   97995  4400475  44.87
2010-2019       34      0.00139  0.00138  0.50   97929     136   97862  4302480  43.93
2010-2019       35      0.00161  0.00161  0.50   97794     157   97715  4204618  42.99
2010-2019       36      0.00175  0.00175  0.50   97637     171   97551  4106903  42.06
2010-2019       37      0.00196  0.00195  0.50   97466     190   97370  4009352  41.14
2010-2019       38      0.00218  0.00218  0.50   97275     212   97169  3911982  40.22
2010-2019       39      0.00243  0.00243  0.50   97063     236   96945  3814812  39.30
2010-2019       40      0.00259  0.00258  0.50   96827     250   96702  3717867  38.40
2010-2019       41      0.00297  0.00296  0.50   96577     286   96434  3621165  37.50
2010-2019       42      0.00314  0.00314  0.50   96291     302   96140  3524731  36.60
2010-2019       43      0.00348  0.00348  0.50   95989     334   95822  3428591  35.72
2010-2019       44      0.00377  0.00376  0.50   95655     360   95475  3332769  34.84
2010-2019       45      0.00402  0.00402  0.50   95295     383   95104  3237293  33.97
2010-2019       46      0.00442  0.00441  0.50   94913     419   94703  3142189  33.11
2010-2019       47      0.00465  0.00464  0.50   94494     438   94275  3047486  32.25
2010-2019       48      0.00509  0.00508  0.50   94056     477   93817  2953211  31.40
2010-2019       49      0.00543  0.00541  0.50   93579     507   93325  2859394  30.56
2010-2019       50      0.00566  0.00564  0.50   93072     525   92809  2766069  29.72
2010-2019       51      0.00607  0.00605  0.50   92547     560   92267  2673259  28.89
2010-2019       52      0.00649  0.00647  0.50   91987     595   91689  2580993  28.06
2010-2019       53      0.00695  0.00692  0.50   91391     633   91075  2489304  27.24
2010-2019       54      0.00732  0.00729  0.50   90759     662   90428  2398229  26.42
2010-2019       55      0.00779  0.00776  0.50   90097     699   89747  2307801  25.61
2010-2019       56      0.00839  0.00835  0.50   89398     747   89024  2218053  24.81
2010-2019       57      0.00884  0.00880  0.50   88651     780   88261  2129029  24.02
2010-2019       58      0.00942  0.00937  0.50   87871     824   87459  2040768  23.22
2010-2019       59      0.01000  0.00995  0.50   87048     866   86614  1953308  22.44
2010-2019       60      0.01060  0.01055  0.50   86181     909   85727  1866694  21.66
2010-2019       61      0.01136  0.01129  0.50   85272     963   84791  1780968  20.89
2010-2019       62      0.01213  0.01206  0.50   84309    1017   83801  1696177  20.12
2010-2019       63      0.01322  0.01313  0.50   83292    1094   82745  1612376  19.36
2010-2019       64      0.01433  0.01423  0.50   82198    1170   81613  1529631  18.61
2010-2019       65      0.01515  0.01504  0.50   81029    1219   80419  1448018  17.87
2010-2019       66      0.01632  0.01619  0.50   79810    1292   79164  1367599  17.14
2010-2019       67      0.01805  0.01789  0.50   78518    1404   77815  1288435  16.41
2010-2019       68      0.01927  0.01908  0.50   77113    1471   76377  1210620  15.70
2010-2019       69      0.02153  0.02130  0.50   75642    1611   74836  1134242  14.99
2010-2019       70      0.02356  0.02329  0.50   74030    1724   73168  1059406  14.31
2010-2019       71      0.02527  0.02495  0.50   72306    1804   71404   986238  13.64
2010-2019       72      0.02869  0.02828  0.50   70502    1994   69505   914834  12.98
2010-2019       73      0.03114  0.03066  0.50   68509    2101   67458   845328  12.34
2010-2019       74      0.03461  0.03402  0.50   66408    2259   65278   777870  11.71
2010-2019       75      0.03834  0.03762  0.50   64149    2413   62942   712592  11.11
2010-2019       76      0.04212  0.04125  0.50   61736    2547   60462   649649  10.52
2010-2019       77      0.04671  0.04564  0.50   59189    2702   57838   589187   9.95
2010-2019       78      0.05195  0.05063  0.50   56487    2860   55057   531349   9.41
2010-2019       79      0.05742  0.05582  0.50   53627    2993   52131   476292   8.88
2010-2019       80      0.06302  0.06110  0.50   50634    3094   49087   424161   8.38
2010-2019       81      0.07000  0.06763  0.50   47540    3215   45933   375074   7.89
2010-2019       82      0.07842  0.07546  0.50   44325    3345   42653   329141   7.43
2010-2019       83      0.08582  0.08229  0.50   40980    3372   39294   286489   6.99
2010-2019       84      0.09578  0.09140  0.50   37608    3438   35889   247194   6.57
2010-2019       85      0.10495  0.09972  0.50   34171    3408   32467   211305   6.18
2010-2019       86      0.11428  0.10810  0.50   30763    3325   29100   178838   5.81
2010-2019       87      0.12602  0.11855  0.50   27438    3253   25811   149738   5.46
2010-2019       88      0.13933  0.13026  0.50   24185    3150   22610   123927   5.12
2010-2019       89      0.15057  0.14003  0.50   21035    2945   19562   101317   4.82
2010-2019       90      0.16566  0.15299  0.50   18089    2767   16705    81755   4.52
2010-2019       91      0.18090  0.16589  0.50   15322    2542   14051    65050   4.25
2010-2019       92      0.19740  0.17967  0.50   12780    2296   11632    50999   3.99
2010-2019       93      0.21222  0.19186  0.50   10484    2011    9478    39367   3.76
2010-2019       94      0.22750  0.20426  0.50    8472    1731    7607    29889   3.53
2010-2019       95      0.25082  0.22287  0.50    6742    1503    5990    22282   3.31
2010-2019       96      0.27122  0.23883  0.50    5239    1251    4614    16292   3.11
2010-2019       97      0.29264  0.25528  0.50    3988    1018    3479    11678   2.93
2010-2019       98      0.31501  0.27214  0.50    2970     808    2566     8199   2.76
2010-2019       99      0.33827  0.28934  0.50    2162     625    1849     5633   2.61
2010-2019      100      0.36235  0.30677  0.50    1536     471    1301     3785   2.46
2010-2019      101      0.38713  0.32435  0.50    1065     345     892     2484   2.33
2010-2019      102      0.41252  0.34198  0.50     720     246     596     1592   2.21
2010-2019      103      0.43837  0.35956  0.50     473     170     388      995   2.10
2010-2019      104      0.46457  0.37700  0.50     303     114     246      607   2.00
2010-2019      105      0.49096  0.39420  0.50     189      74     152      361   1.91
2010-2019      106      0.51741  0.41106  0.50     114      47      91      209   1.83
2010-2019      107      0.54376  0.42752  0.50      67      29      53      118   1.75
2010-2019      108      0.56986  0.44350  0.50      39      17      30       65   1.69
2010-2019      109      0.59558  0.45892  0.50      21      10      17       35   1.64
2010-2019      110+     0.62079  1.00000  1.61      12      12      19       19   1.61
