Taiwan, Life tables (period 1x5), Males	Last modified: 18 Dec 2020;  Methods Protocol: v6 (2017)

  Year          Age         mx       qx    ax      lx      dx      Lx       Tx     ex
1970-1974        0      0.01590  0.01568  0.12  100000    1568   98616  6727509  67.28
1970-1974        1      0.00435  0.00434  0.50   98432     427   98218  6628893  67.35
1970-1974        2      0.00270  0.00270  0.50   98005     264   97873  6530675  66.64
1970-1974        3      0.00163  0.00162  0.50   97740     159   97661  6432803  65.82
1970-1974        4      0.00106  0.00106  0.50   97582     104   97530  6335142  64.92
1970-1974        5      0.00087  0.00087  0.50   97478      85   97436  6237612  63.99
1970-1974        6      0.00076  0.00076  0.50   97393      74   97356  6140176  63.05
1970-1974        7      0.00067  0.00067  0.50   97319      66   97286  6042820  62.09
1970-1974        8      0.00060  0.00060  0.50   97253      59   97224  5945534  61.13
1970-1974        9      0.00056  0.00056  0.50   97195      54   97168  5848310  60.17
1970-1974       10      0.00052  0.00052  0.50   97141      51   97115  5751143  59.20
1970-1974       11      0.00053  0.00053  0.50   97090      51   97064  5654027  58.24
1970-1974       12      0.00057  0.00057  0.50   97038      56   97010  5556963  57.27
1970-1974       13      0.00065  0.00065  0.50   96983      63   96951  5459953  56.30
1970-1974       14      0.00076  0.00076  0.50   96919      74   96882  5363002  55.33
1970-1974       15      0.00091  0.00091  0.50   96845      88   96801  5266120  54.38
1970-1974       16      0.00105  0.00105  0.50   96757     102   96706  5169319  53.43
1970-1974       17      0.00118  0.00118  0.50   96655     114   96599  5072612  52.48
1970-1974       18      0.00128  0.00128  0.50   96542     124   96480  4976013  51.54
1970-1974       19      0.00139  0.00139  0.50   96418     134   96351  4879533  50.61
1970-1974       20      0.00150  0.00150  0.50   96285     144   96213  4783182  49.68
1970-1974       21      0.00160  0.00160  0.50   96140     154   96063  4686969  48.75
1970-1974       22      0.00171  0.00171  0.50   95986     164   95904  4590906  47.83
1970-1974       23      0.00184  0.00184  0.50   95822     176   95735  4495002  46.91
1970-1974       24      0.00196  0.00196  0.50   95647     187   95553  4399267  46.00
1970-1974       25      0.00200  0.00200  0.50   95460     191   95364  4303714  45.08
1970-1974       26      0.00202  0.00201  0.50   95269     192   95173  4208350  44.17
1970-1974       27      0.00204  0.00203  0.50   95077     193   94980  4113177  43.26
1970-1974       28      0.00206  0.00206  0.50   94884     195   94786  4018196  42.35
1970-1974       29      0.00209  0.00209  0.50   94688     198   94589  3923410  41.43
1970-1974       30      0.00219  0.00219  0.50   94490     207   94387  3828821  40.52
1970-1974       31      0.00234  0.00234  0.50   94284     220   94174  3734434  39.61
1970-1974       32      0.00249  0.00249  0.50   94063     234   93946  3640260  38.70
1970-1974       33      0.00264  0.00264  0.50   93829     248   93705  3546314  37.80
1970-1974       34      0.00278  0.00278  0.50   93581     260   93451  3452609  36.89
1970-1974       35      0.00290  0.00290  0.50   93321     270   93186  3359158  36.00
1970-1974       36      0.00304  0.00303  0.50   93051     282   92910  3265971  35.10
1970-1974       37      0.00321  0.00321  0.50   92769     297   92620  3173062  34.20
1970-1974       38      0.00341  0.00341  0.50   92471     315   92314  3080442  33.31
1970-1974       39      0.00361  0.00361  0.50   92157     333   91990  2988128  32.42
1970-1974       40      0.00385  0.00384  0.50   91824     353   91648  2896137  31.54
1970-1974       41      0.00408  0.00407  0.50   91471     373   91285  2804490  30.66
1970-1974       42      0.00430  0.00429  0.50   91098     391   90903  2713205  29.78
1970-1974       43      0.00454  0.00453  0.50   90708     411   90502  2622302  28.91
1970-1974       44      0.00485  0.00483  0.50   90297     437   90078  2531800  28.04
1970-1974       45      0.00521  0.00520  0.50   89860     467   89626  2441721  27.17
1970-1974       46      0.00568  0.00566  0.50   89393     506   89140  2352095  26.31
1970-1974       47      0.00622  0.00620  0.50   88887     551   88611  2262955  25.46
1970-1974       48      0.00676  0.00674  0.50   88336     595   88038  2174343  24.61
1970-1974       49      0.00739  0.00736  0.50   87741     646   87418  2086305  23.78
1970-1974       50      0.00813  0.00810  0.50   87095     705   86742  1998887  22.95
1970-1974       51      0.00896  0.00892  0.50   86389     771   86004  1912145  22.13
1970-1974       52      0.00992  0.00988  0.50   85619     846   85196  1826141  21.33
1970-1974       53      0.01113  0.01107  0.50   84773     938   84304  1740945  20.54
1970-1974       54      0.01244  0.01236  0.50   83835    1036   83317  1656641  19.76
1970-1974       55      0.01364  0.01355  0.50   82799    1122   82238  1573324  19.00
1970-1974       56      0.01475  0.01464  0.50   81677    1196   81079  1491085  18.26
1970-1974       57      0.01576  0.01563  0.50   80482    1258   79852  1410006  17.52
1970-1974       58      0.01689  0.01675  0.50   79223    1327   78560  1330153  16.79
1970-1974       59      0.01836  0.01819  0.50   77896    1417   77188  1251594  16.07
1970-1974       60      0.02013  0.01993  0.50   76479    1524   75717  1174406  15.36
1970-1974       61      0.02238  0.02214  0.50   74955    1659   74126  1098689  14.66
1970-1974       62      0.02556  0.02523  0.50   73296    1849   72371  1024563  13.98
1970-1974       63      0.02889  0.02848  0.50   71446    2035   70429   952192  13.33
1970-1974       64      0.03171  0.03122  0.50   69412    2167   68328   881763  12.70
1970-1974       65      0.03507  0.03446  0.50   67245    2318   66086   813435  12.10
1970-1974       66      0.03892  0.03818  0.50   64927    2479   63688   747349  11.51
1970-1974       67      0.04304  0.04213  0.50   62448    2631   61133   683661  10.95
1970-1974       68      0.04742  0.04632  0.50   59818    2771   58432   622528  10.41
1970-1974       69      0.05236  0.05102  0.50   57047    2911   55591   564096   9.89
1970-1974       70      0.05784  0.05621  0.50   54136    3043   52615   508504   9.39
1970-1974       71      0.06297  0.06105  0.50   51093    3119   49533   455890   8.92
1970-1974       72      0.06815  0.06591  0.50   47974    3162   46393   406356   8.47
1970-1974       73      0.07443  0.07176  0.50   44812    3216   43204   359963   8.03
1970-1974       74      0.08124  0.07807  0.50   41597    3247   39973   316759   7.62
1970-1974       75      0.08860  0.08484  0.50   38349    3254   36722   276786   7.22
1970-1974       76      0.09806  0.09348  0.50   35096    3281   33455   240063   6.84
1970-1974       77      0.10789  0.10237  0.50   31815    3257   30187   206608   6.49
1970-1974       78      0.11723  0.11074  0.50   28558    3163   26977   176421   6.18
1970-1974       79      0.12738  0.11976  0.50   25396    3041   23875   149444   5.88
1970-1974       80      0.13316  0.12485  0.50   22354    2791   20959   125569   5.62
1970-1974       81      0.14281  0.13329  0.50   19563    2608   18260   104610   5.35
1970-1974       82      0.15178  0.14107  0.50   16956    2392   15760    86351   5.09
1970-1974       83      0.16206  0.14991  0.50   14564    2183   13472    70591   4.85
1970-1974       84      0.17366  0.15978  0.50   12381    1978   11391    57119   4.61
1970-1974       85      0.18315  0.16779  0.50   10402    1745    9530    45727   4.40
1970-1974       86      0.19429  0.17709  0.50    8657    1533    7890    36197   4.18
1970-1974       87      0.20697  0.18756  0.50    7124    1336    6456    28307   3.97
1970-1974       88      0.21986  0.19809  0.50    5788    1146    5215    21851   3.78
1970-1974       89      0.23233  0.20815  0.50    4641     966    4158    16637   3.58
1970-1974       90      0.24709  0.21992  0.50    3675     808    3271    12478   3.40
1970-1974       91      0.26587  0.23467  0.50    2867     673    2531     9207   3.21
1970-1974       92      0.28757  0.25142  0.50    2194     552    1918     6677   3.04
1970-1974       93      0.30907  0.26770  0.50    1643     440    1423     4758   2.90
1970-1974       94      0.32993  0.28321  0.50    1203     341    1032     3336   2.77
1970-1974       95      0.33792  0.28907  0.50     862     249     738     2303   2.67
1970-1974       96      0.35623  0.30238  0.50     613     185     520     1566   2.55
1970-1974       97      0.37498  0.31578  0.50     428     135     360     1045   2.44
1970-1974       98      0.39411  0.32923  0.50     293      96     244      685   2.34
1970-1974       99      0.41357  0.34271  0.50     196      67     163      441   2.25
1970-1974      100      0.43331  0.35615  0.50     129      46     106      278   2.16
1970-1974      101      0.45325  0.36951  0.50      83      31      68      172   2.07
1970-1974      102      0.47335  0.38276  0.50      52      20      42      105   2.00
1970-1974      103      0.49354  0.39586  0.50      32      13      26       62   1.92
1970-1974      104      0.51375  0.40875  0.50      20       8      16       36   1.86
1970-1974      105      0.53391  0.42141  0.50      12       5       9       21   1.79
1970-1974      106      0.55396  0.43381  0.50       7       3       5       12   1.74
1970-1974      107      0.57384  0.44590  0.50       4       2       3        6   1.69
1970-1974      108      0.59348  0.45767  0.50       2       1       2        3   1.64
1970-1974      109      0.61283  0.46909  0.50       1       1       1        2   1.61
1970-1974      110+     0.63183  1.00000  1.58       1       1       1        1   1.58
1975-1979        0      0.01308  0.01293  0.12  100000    1293   98866  6895949  68.96
1975-1979        1      0.00305  0.00305  0.50   98707     301   98557  6797083  68.86
1975-1979        2      0.00157  0.00156  0.50   98406     154   98329  6698526  68.07
1975-1979        3      0.00103  0.00103  0.50   98252     101   98202  6600197  67.18
1975-1979        4      0.00078  0.00078  0.50   98151      77   98113  6501995  66.24
1975-1979        5      0.00068  0.00068  0.50   98074      66   98041  6403883  65.30
1975-1979        6      0.00060  0.00060  0.50   98008      59   97978  6305842  64.34
1975-1979        7      0.00059  0.00059  0.50   97949      58   97920  6207863  63.38
1975-1979        8      0.00058  0.00058  0.50   97891      57   97862  6109944  62.42
1975-1979        9      0.00053  0.00053  0.50   97834      52   97808  6012081  61.45
1975-1979       10      0.00055  0.00055  0.50   97782      54   97755  5914273  60.48
1975-1979       11      0.00050  0.00050  0.50   97728      49   97704  5816518  59.52
1975-1979       12      0.00051  0.00051  0.50   97679      50   97654  5718815  58.55
1975-1979       13      0.00054  0.00054  0.50   97629      53   97603  5621161  57.58
1975-1979       14      0.00059  0.00059  0.50   97577      58   97548  5523558  56.61
1975-1979       15      0.00081  0.00081  0.50   97519      79   97479  5426010  55.64
1975-1979       16      0.00111  0.00111  0.50   97440     108   97386  5328531  54.69
1975-1979       17      0.00138  0.00138  0.50   97332     134   97265  5231145  53.75
1975-1979       18      0.00175  0.00174  0.50   97198     170   97113  5133880  52.82
1975-1979       19      0.00180  0.00180  0.50   97028     175   96941  5036767  51.91
1975-1979       20      0.00156  0.00156  0.50   96853     151   96778  4939826  51.00
1975-1979       21      0.00151  0.00151  0.50   96703     146   96630  4843048  50.08
1975-1979       22      0.00169  0.00169  0.50   96557     163   96475  4746419  49.16
1975-1979       23      0.00191  0.00191  0.50   96394     184   96302  4649943  48.24
1975-1979       24      0.00188  0.00188  0.50   96210     181   96119  4553642  47.33
1975-1979       25      0.00176  0.00176  0.50   96029     169   95944  4457522  46.42
1975-1979       26      0.00176  0.00176  0.50   95860     169   95775  4361578  45.50
1975-1979       27      0.00175  0.00175  0.50   95691     168   95607  4265803  44.58
1975-1979       28      0.00185  0.00185  0.50   95523     177   95435  4170196  43.66
1975-1979       29      0.00181  0.00180  0.50   95347     172   95260  4074761  42.74
1975-1979       30      0.00182  0.00182  0.50   95174     173   95088  3979500  41.81
1975-1979       31      0.00197  0.00197  0.50   95001     187   94908  3884412  40.89
1975-1979       32      0.00216  0.00216  0.50   94815     205   94712  3789504  39.97
1975-1979       33      0.00224  0.00224  0.50   94610     212   94504  3694792  39.05
1975-1979       34      0.00240  0.00240  0.50   94398     227   94285  3600288  38.14
1975-1979       35      0.00255  0.00255  0.50   94172     240   94052  3506003  37.23
1975-1979       36      0.00284  0.00284  0.50   93932     267   93799  3411951  36.32
1975-1979       37      0.00281  0.00281  0.50   93665     263   93534  3318152  35.43
1975-1979       38      0.00320  0.00319  0.50   93402     298   93253  3224618  34.52
1975-1979       39      0.00361  0.00360  0.50   93104     335   92936  3131365  33.63
1975-1979       40      0.00378  0.00377  0.50   92769     350   92594  3038429  32.75
1975-1979       41      0.00408  0.00407  0.50   92419     376   92231  2945835  31.87
1975-1979       42      0.00442  0.00441  0.50   92043     406   91841  2853603  31.00
1975-1979       43      0.00446  0.00445  0.50   91638     408   91434  2761763  30.14
1975-1979       44      0.00494  0.00493  0.50   91230     449   91005  2670329  29.27
1975-1979       45      0.00521  0.00520  0.50   90780     472   90544  2579324  28.41
1975-1979       46      0.00556  0.00555  0.50   90308     501   90058  2488779  27.56
1975-1979       47      0.00589  0.00587  0.50   89807     527   89544  2398722  26.71
1975-1979       48      0.00643  0.00641  0.50   89280     572   88994  2309178  25.86
1975-1979       49      0.00680  0.00678  0.50   88708     601   88408  2220184  25.03
1975-1979       50      0.00757  0.00754  0.50   88107     664   87775  2131776  24.20
1975-1979       51      0.00804  0.00801  0.50   87443     700   87093  2044001  23.38
1975-1979       52      0.00873  0.00870  0.50   86743     754   86366  1956909  22.56
1975-1979       53      0.00962  0.00957  0.50   85988     823   85577  1870543  21.75
1975-1979       54      0.01059  0.01054  0.50   85165     897   84716  1784966  20.96
1975-1979       55      0.01212  0.01205  0.50   84268    1015   83760  1700250  20.18
1975-1979       56      0.01299  0.01291  0.50   83253    1075   82715  1616490  19.42
1975-1979       57      0.01400  0.01390  0.50   82178    1142   81607  1533775  18.66
1975-1979       58      0.01568  0.01556  0.50   81036    1261   80405  1452168  17.92
1975-1979       59      0.01696  0.01682  0.50   79775    1342   79104  1371763  17.20
1975-1979       60      0.01864  0.01847  0.50   78433    1449   77709  1292659  16.48
1975-1979       61      0.02007  0.01987  0.50   76985    1530   76220  1214950  15.78
1975-1979       62      0.02301  0.02274  0.50   75455    1716   74597  1138730  15.09
1975-1979       63      0.02448  0.02419  0.50   73739    1784   72847  1064133  14.43
1975-1979       64      0.02798  0.02759  0.50   71955    1985   70962   991286  13.78
1975-1979       65      0.03013  0.02968  0.50   69970    2077   68931   920324  13.15
1975-1979       66      0.03364  0.03308  0.50   67893    2246   66770   851392  12.54
1975-1979       67      0.03672  0.03605  0.50   65647    2367   64464   784622  11.95
1975-1979       68      0.03971  0.03894  0.50   63280    2464   62048   720158  11.38
1975-1979       69      0.04388  0.04294  0.50   60817    2611   59511   658110  10.82
1975-1979       70      0.04803  0.04691  0.50   58205    2730   56840   598599  10.28
1975-1979       71      0.05270  0.05134  0.50   55475    2848   54051   541759   9.77
1975-1979       72      0.05876  0.05708  0.50   52627    3004   51125   487708   9.27
1975-1979       73      0.06286  0.06095  0.50   49623    3024   48111   436583   8.80
1975-1979       74      0.07003  0.06766  0.50   46598    3153   45022   388473   8.34
1975-1979       75      0.07562  0.07287  0.50   43446    3166   41863   343451   7.91
1975-1979       76      0.08213  0.07889  0.50   40280    3178   38691   301588   7.49
1975-1979       77      0.08788  0.08418  0.50   37102    3123   35540   262897   7.09
1975-1979       78      0.09901  0.09434  0.50   33979    3206   32376   227357   6.69
1975-1979       79      0.10876  0.10315  0.50   30773    3174   29186   194981   6.34
1975-1979       80      0.12074  0.11387  0.50   27599    3143   26028   165794   6.01
1975-1979       81      0.13507  0.12653  0.50   24457    3094   22909   139766   5.71
1975-1979       82      0.14012  0.13095  0.50   21362    2797   19963   116857   5.47
1975-1979       83      0.14447  0.13473  0.50   18565    2501   17314    96894   5.22
1975-1979       84      0.17063  0.15722  0.50   16063    2525   14801    79580   4.95
1975-1979       85      0.16693  0.15407  0.50   13538    2086   12495    64779   4.78
1975-1979       86      0.17846  0.16384  0.50   11452    1876   10514    52284   4.57
1975-1979       87      0.20412  0.18522  0.50    9576    1774    8689    41770   4.36
1975-1979       88      0.20013  0.18192  0.50    7802    1419    7093    33080   4.24
1975-1979       89      0.22878  0.20530  0.50    6383    1310    5728    25988   4.07
1975-1979       90      0.22707  0.20392  0.50    5072    1034    4555    20260   3.99
1975-1979       91      0.25643  0.22728  0.50    4038     918    3579    15705   3.89
1975-1979       92      0.21008  0.19011  0.50    3120     593    2824    12126   3.89
1975-1979       93      0.20626  0.18698  0.50    2527     473    2291     9302   3.68
1975-1979       94      0.24949  0.22182  0.50    2055     456    1827     7011   3.41
1975-1979       95      0.27530  0.24199  0.50    1599     387    1405     5184   3.24
1975-1979       96      0.28827  0.25196  0.50    1212     305    1059     3779   3.12
1975-1979       97      0.30161  0.26208  0.50     907     238     788     2720   3.00
1975-1979       98      0.31528  0.27235  0.50     669     182     578     1932   2.89
1975-1979       99      0.32929  0.28274  0.50     487     138     418     1354   2.78
1975-1979      100      0.34360  0.29323  0.50     349     102     298      936   2.68
1975-1979      101      0.35821  0.30380  0.50     247      75     209      638   2.59
1975-1979      102      0.37308  0.31443  0.50     172      54     145      429   2.50
1975-1979      103      0.38820  0.32509  0.50     118      38      99      284   2.41
1975-1979      104      0.40353  0.33578  0.50      79      27      66      185   2.33
1975-1979      105      0.41905  0.34646  0.50      53      18      44      119   2.26
1975-1979      106      0.43474  0.35712  0.50      35      12      28       76   2.19
1975-1979      107      0.45056  0.36772  0.50      22       8      18       47   2.13
1975-1979      108      0.46648  0.37826  0.50      14       5      11       29   2.07
1975-1979      109      0.48247  0.38870  0.50       9       3       7       18   2.03
1975-1979      110+     0.49849  1.00000  2.01       5       5      11       11   2.01
1980-1984        0      0.00989  0.00981  0.13  100000     981   99146  7003861  70.04
1980-1984        1      0.00219  0.00219  0.50   99019     217   98911  6904715  69.73
1980-1984        2      0.00132  0.00131  0.50   98803     130   98738  6805804  68.88
1980-1984        3      0.00089  0.00089  0.50   98673      88   98629  6707066  67.97
1980-1984        4      0.00075  0.00075  0.50   98585      74   98548  6608438  67.03
1980-1984        5      0.00060  0.00060  0.50   98511      59   98481  6509890  66.08
1980-1984        6      0.00052  0.00052  0.50   98452      51   98426  6411409  65.12
1980-1984        7      0.00055  0.00055  0.50   98401      55   98373  6312982  64.16
1980-1984        8      0.00054  0.00054  0.50   98346      53   98320  6214609  63.19
1980-1984        9      0.00049  0.00049  0.50   98293      48   98269  6116289  62.23
1980-1984       10      0.00046  0.00046  0.50   98245      45   98223  6018020  61.26
1980-1984       11      0.00047  0.00047  0.50   98200      46   98177  5919797  60.28
1980-1984       12      0.00049  0.00049  0.50   98154      48   98130  5821621  59.31
1980-1984       13      0.00051  0.00051  0.50   98106      50   98081  5723491  58.34
1980-1984       14      0.00055  0.00055  0.50   98056      54   98029  5625410  57.37
1980-1984       15      0.00079  0.00079  0.50   98002      78   97963  5527381  56.40
1980-1984       16      0.00109  0.00109  0.50   97924     106   97871  5429419  55.45
1980-1984       17      0.00132  0.00131  0.50   97817     129   97753  5331548  54.51
1980-1984       18      0.00162  0.00162  0.50   97689     159   97609  5233795  53.58
1980-1984       19      0.00165  0.00165  0.50   97530     160   97450  5136186  52.66
1980-1984       20      0.00141  0.00141  0.50   97370     137   97301  5038736  51.75
1980-1984       21      0.00143  0.00143  0.50   97233     139   97163  4941434  50.82
1980-1984       22      0.00162  0.00162  0.50   97094     157   97015  4844271  49.89
1980-1984       23      0.00183  0.00183  0.50   96937     178   96848  4747256  48.97
1980-1984       24      0.00177  0.00177  0.50   96759     171   96674  4650408  48.06
1980-1984       25      0.00167  0.00167  0.50   96588     161   96507  4553734  47.15
1980-1984       26      0.00175  0.00175  0.50   96427     169   96342  4457227  46.22
1980-1984       27      0.00172  0.00172  0.50   96258     165   96175  4360885  45.30
1980-1984       28      0.00169  0.00169  0.50   96092     163   96011  4264710  44.38
1980-1984       29      0.00184  0.00184  0.50   95930     177   95841  4168698  43.46
1980-1984       30      0.00177  0.00177  0.50   95753     169   95668  4072857  42.54
1980-1984       31      0.00198  0.00198  0.50   95584     190   95489  3977189  41.61
1980-1984       32      0.00205  0.00205  0.50   95394     195   95297  3881699  40.69
1980-1984       33      0.00221  0.00221  0.50   95199     210   95094  3786403  39.77
1980-1984       34      0.00232  0.00232  0.50   94989     220   94879  3691309  38.86
1980-1984       35      0.00247  0.00246  0.50   94769     234   94652  3596430  37.95
1980-1984       36      0.00264  0.00264  0.50   94535     249   94410  3501779  37.04
1980-1984       37      0.00302  0.00301  0.50   94286     284   94144  3407368  36.14
1980-1984       38      0.00311  0.00310  0.50   94002     292   93856  3313225  35.25
1980-1984       39      0.00333  0.00332  0.50   93710     312   93554  3219369  34.35
1980-1984       40      0.00357  0.00357  0.50   93398     333   93232  3125815  33.47
1980-1984       41      0.00396  0.00395  0.50   93065     367   92882  3032583  32.59
1980-1984       42      0.00419  0.00418  0.50   92698     387   92504  2939701  31.71
1980-1984       43      0.00449  0.00448  0.50   92310     413   92104  2847197  30.84
1980-1984       44      0.00492  0.00490  0.50   91897     451   91672  2755093  29.98
1980-1984       45      0.00539  0.00538  0.50   91446     492   91200  2663422  29.13
1980-1984       46      0.00589  0.00587  0.50   90955     534   90688  2572221  28.28
1980-1984       47      0.00616  0.00614  0.50   90420     556   90143  2481534  27.44
1980-1984       48      0.00654  0.00652  0.50   89865     586   89572  2391391  26.61
1980-1984       49      0.00708  0.00706  0.50   89279     630   88964  2301819  25.78
1980-1984       50      0.00739  0.00736  0.50   88649     653   88323  2212855  24.96
1980-1984       51      0.00790  0.00787  0.50   87996     692   87650  2124532  24.14
1980-1984       52      0.00861  0.00858  0.50   87304     749   86930  2036882  23.33
1980-1984       53      0.00918  0.00914  0.50   86555     791   86160  1949952  22.53
1980-1984       54      0.00999  0.00994  0.50   85764     852   85338  1863792  21.73
1980-1984       55      0.01070  0.01065  0.50   84912     904   84460  1778454  20.94
1980-1984       56      0.01186  0.01179  0.50   84008     990   83513  1693994  20.16
1980-1984       57      0.01253  0.01245  0.50   83018    1033   82501  1610481  19.40
1980-1984       58      0.01362  0.01352  0.50   81984    1109   81430  1527980  18.64
1980-1984       59      0.01579  0.01567  0.50   80876    1267   80242  1446550  17.89
1980-1984       60      0.01762  0.01746  0.50   79609    1390   78914  1366308  17.16
1980-1984       61      0.01897  0.01879  0.50   78218    1470   77484  1287394  16.46
1980-1984       62      0.02055  0.02034  0.50   76749    1561   75968  1209911  15.76
1980-1984       63      0.02198  0.02174  0.50   75188    1635   74370  1133942  15.08
1980-1984       64      0.02485  0.02455  0.50   73553    1805   72650  1059572  14.41
1980-1984       65      0.02740  0.02703  0.50   71748    1940   70778   986922  13.76
1980-1984       66      0.03061  0.03015  0.50   69808    2105   68756   916144  13.12
1980-1984       67      0.03289  0.03236  0.50   67703    2191   66608   847388  12.52
1980-1984       68      0.03614  0.03550  0.50   65512    2326   64350   780780  11.92
1980-1984       69      0.03910  0.03835  0.50   63187    2423   61975   716431  11.34
1980-1984       70      0.04362  0.04269  0.50   60763    2594   59466   654456  10.77
1980-1984       71      0.04699  0.04592  0.50   58169    2671   56834   594989  10.23
1980-1984       72      0.05235  0.05101  0.50   55499    2831   54083   538155   9.70
1980-1984       73      0.05771  0.05609  0.50   52667    2954   51190   484072   9.19
1980-1984       74      0.06320  0.06126  0.50   49713    3046   48191   432882   8.71
1980-1984       75      0.06743  0.06523  0.50   46668    3044   45146   384691   8.24
1980-1984       76      0.07584  0.07307  0.50   43624    3187   42030   339546   7.78
1980-1984       77      0.08389  0.08051  0.50   40436    3256   38808   297516   7.36
1980-1984       78      0.08920  0.08539  0.50   37181    3175   35593   258707   6.96
1980-1984       79      0.09891  0.09424  0.50   34006    3205   32403   223114   6.56
1980-1984       80      0.10998  0.10425  0.50   30801    3211   29195   190711   6.19
1980-1984       81      0.12211  0.11508  0.50   27590    3175   26002   161515   5.85
1980-1984       82      0.13740  0.12857  0.50   24415    3139   22845   135513   5.55
1980-1984       83      0.14687  0.13682  0.50   21276    2911   19820   112668   5.30
1980-1984       84      0.15069  0.14013  0.50   18365    2573   17078    92847   5.06
1980-1984       85      0.16212  0.14997  0.50   15791    2368   14607    75769   4.80
1980-1984       86      0.18764  0.17155  0.50   13423    2303   12272    61162   4.56
1980-1984       87      0.18976  0.17331  0.50   11121    1927   10157    48890   4.40
1980-1984       88      0.19882  0.18084  0.50    9193    1663    8362    38733   4.21
1980-1984       89      0.21424  0.19351  0.50    7531    1457    6802    30371   4.03
1980-1984       90      0.22396  0.20140  0.50    6073    1223    5462    23569   3.88
1980-1984       91      0.23409  0.20956  0.50    4850    1016    4342    18107   3.73
1980-1984       92      0.25133  0.22328  0.50    3834     856    3406    13765   3.59
1980-1984       93      0.22339  0.20094  0.50    2978     598    2679    10360   3.48
1980-1984       94      0.21681  0.19560  0.50    2379     465    2147     7681   3.23
1980-1984       95      0.30704  0.26618  0.50    1914     509    1659     5534   2.89
1980-1984       96      0.32477  0.27940  0.50    1405     392    1208     3875   2.76
1980-1984       97      0.34300  0.29279  0.50    1012     296     864     2667   2.63
1980-1984       98      0.36172  0.30632  0.50     716     219     606     1803   2.52
1980-1984       99      0.38086  0.31994  0.50     497     159     417     1197   2.41
1980-1984      100      0.40038  0.33360  0.50     338     113     281      780   2.31
1980-1984      101      0.42022  0.34726  0.50     225      78     186      498   2.21
1980-1984      102      0.44033  0.36088  0.50     147      53     120      312   2.13
1980-1984      103      0.46063  0.37440  0.50      94      35      76      192   2.04
1980-1984      104      0.48106  0.38779  0.50      59      23      47      116   1.97
1980-1984      105      0.50156  0.40099  0.50      36      14      29       68   1.90
1980-1984      106      0.52205  0.41399  0.50      22       9      17       39   1.83
1980-1984      107      0.54246  0.42672  0.50      13       5      10       22   1.78
1980-1984      108      0.56274  0.43917  0.50       7       3       6       12   1.73
1980-1984      109      0.58281  0.45130  0.50       4       2       3        7   1.68
1980-1984      110+     0.60260  1.00000  1.66       2       2       4        4   1.66
1985-1989        0      0.00677  0.00673  0.14  100000     673   99418  7105846  71.06
1985-1989        1      0.00153  0.00153  0.50   99327     152   99251  7006428  70.54
1985-1989        2      0.00103  0.00102  0.50   99175     102   99124  6907177  69.65
1985-1989        3      0.00078  0.00078  0.50   99074      77   99035  6808053  68.72
1985-1989        4      0.00059  0.00059  0.50   98996      59   98967  6709018  67.77
1985-1989        5      0.00053  0.00053  0.50   98937      52   98911  6610051  66.81
1985-1989        6      0.00050  0.00050  0.50   98885      49   98860  6511140  65.85
1985-1989        7      0.00047  0.00047  0.50   98836      46   98813  6412280  64.88
1985-1989        8      0.00050  0.00050  0.50   98790      49   98765  6313467  63.91
1985-1989        9      0.00043  0.00043  0.50   98740      42   98719  6214702  62.94
1985-1989       10      0.00042  0.00042  0.50   98698      42   98677  6115983  61.97
1985-1989       11      0.00042  0.00041  0.50   98656      41   98636  6017305  60.99
1985-1989       12      0.00043  0.00043  0.50   98615      42   98594  5918669  60.02
1985-1989       13      0.00048  0.00048  0.50   98574      48   98550  5820075  59.04
1985-1989       14      0.00061  0.00061  0.50   98526      60   98496  5721525  58.07
1985-1989       15      0.00091  0.00091  0.50   98466      90   98421  5623029  57.11
1985-1989       16      0.00123  0.00123  0.50   98376     121   98316  5524608  56.16
1985-1989       17      0.00153  0.00153  0.50   98255     150   98180  5426292  55.23
1985-1989       18      0.00185  0.00185  0.50   98105     181   98014  5328112  54.31
1985-1989       19      0.00178  0.00177  0.50   97923     174   97837  5230098  53.41
1985-1989       20      0.00148  0.00148  0.50   97750     144   97678  5132261  52.50
1985-1989       21      0.00137  0.00136  0.50   97605     133   97539  5034583  51.58
1985-1989       22      0.00160  0.00160  0.50   97472     156   97394  4937045  50.65
1985-1989       23      0.00174  0.00174  0.50   97316     169   97232  4839651  49.73
1985-1989       24      0.00171  0.00171  0.50   97147     166   97064  4742419  48.82
1985-1989       25      0.00171  0.00171  0.50   96981     165   96898  4645355  47.90
1985-1989       26      0.00176  0.00176  0.50   96815     170   96730  4548457  46.98
1985-1989       27      0.00167  0.00167  0.50   96645     162   96565  4451726  46.06
1985-1989       28      0.00170  0.00170  0.50   96484     164   96402  4355162  45.14
1985-1989       29      0.00173  0.00173  0.50   96320     166   96236  4258760  44.21
1985-1989       30      0.00181  0.00181  0.50   96153     174   96066  4162524  43.29
1985-1989       31      0.00189  0.00189  0.50   95979     181   95888  4066457  42.37
1985-1989       32      0.00200  0.00200  0.50   95798     192   95702  3970569  41.45
1985-1989       33      0.00199  0.00199  0.50   95606     191   95511  3874867  40.53
1985-1989       34      0.00214  0.00214  0.50   95415     204   95313  3779357  39.61
1985-1989       35      0.00240  0.00239  0.50   95211     228   95097  3684044  38.69
1985-1989       36      0.00251  0.00251  0.50   94983     238   94864  3588947  37.79
1985-1989       37      0.00265  0.00265  0.50   94745     251   94619  3494083  36.88
1985-1989       38      0.00288  0.00288  0.50   94494     272   94358  3399463  35.98
1985-1989       39      0.00307  0.00306  0.50   94222     289   94078  3305105  35.08
1985-1989       40      0.00337  0.00336  0.50   93933     316   93775  3211028  34.18
1985-1989       41      0.00360  0.00360  0.50   93617     337   93449  3117252  33.30
1985-1989       42      0.00411  0.00410  0.50   93281     382   93090  3023803  32.42
1985-1989       43      0.00433  0.00432  0.50   92898     402   92698  2930714  31.55
1985-1989       44      0.00451  0.00450  0.50   92497     416   92289  2838016  30.68
1985-1989       45      0.00495  0.00494  0.50   92081     455   91853  2745728  29.82
1985-1989       46      0.00540  0.00539  0.50   91626     494   91379  2653875  28.96
1985-1989       47      0.00575  0.00573  0.50   91132     523   90871  2562496  28.12
1985-1989       48      0.00622  0.00620  0.50   90610     562   90329  2471625  27.28
1985-1989       49      0.00671  0.00669  0.50   90048     602   89747  2381296  26.44
1985-1989       50      0.00723  0.00720  0.50   89446     644   89124  2291549  25.62
1985-1989       51      0.00780  0.00777  0.50   88802     690   88457  2202425  24.80
1985-1989       52      0.00818  0.00815  0.50   88112     718   87753  2113969  23.99
1985-1989       53      0.00886  0.00882  0.50   87394     771   87008  2026216  23.18
1985-1989       54      0.00946  0.00942  0.50   86623     816   86215  1939208  22.39
1985-1989       55      0.00998  0.00993  0.50   85807     852   85381  1852993  21.59
1985-1989       56      0.01099  0.01093  0.50   84955     928   84491  1767611  20.81
1985-1989       57      0.01175  0.01168  0.50   84027     982   83536  1683120  20.03
1985-1989       58      0.01240  0.01232  0.50   83045    1023   82533  1599584  19.26
1985-1989       59      0.01375  0.01366  0.50   82022    1120   81462  1517051  18.50
1985-1989       60      0.01483  0.01472  0.50   80902    1191   80306  1435589  17.74
1985-1989       61      0.01623  0.01609  0.50   79711    1283   79069  1355283  17.00
1985-1989       62      0.01812  0.01796  0.50   78428    1408   77724  1276214  16.27
1985-1989       63      0.01994  0.01975  0.50   77019    1521   76259  1198490  15.56
1985-1989       64      0.02199  0.02175  0.50   75499    1642   74678  1122231  14.86
1985-1989       65      0.02466  0.02436  0.50   73857    1799   72957  1047554  14.18
1985-1989       66      0.02670  0.02634  0.50   72058    1898   71109   974596  13.53
1985-1989       67      0.02918  0.02876  0.50   70160    2018   69151   903488  12.88
1985-1989       68      0.03289  0.03236  0.50   68142    2205   67039   834337  12.24
1985-1989       69      0.03621  0.03556  0.50   65937    2345   64765   767297  11.64
1985-1989       70      0.03883  0.03809  0.50   63592    2422   62381   702533  11.05
1985-1989       71      0.04346  0.04253  0.50   61170    2602   59869   640152  10.47
1985-1989       72      0.04767  0.04656  0.50   58568    2727   57205   580283   9.91
1985-1989       73      0.05308  0.05171  0.50   55841    2887   54398   523078   9.37
1985-1989       74      0.05912  0.05743  0.50   52954    3041   51434   468680   8.85
1985-1989       75      0.06472  0.06270  0.50   49913    3129   48348   417247   8.36
1985-1989       76      0.07032  0.06793  0.50   46784    3178   45195   368898   7.89
1985-1989       77      0.07929  0.07626  0.50   43606    3325   41943   323704   7.42
1985-1989       78      0.08583  0.08230  0.50   40280    3315   38623   281761   7.00
1985-1989       79      0.09173  0.08770  0.50   36965    3242   35344   243138   6.58
1985-1989       80      0.10997  0.10423  0.50   33723    3515   31966   207794   6.16
1985-1989       81      0.12033  0.11350  0.50   30208    3429   28494   175829   5.82
1985-1989       82      0.13435  0.12589  0.50   26779    3371   25094   147335   5.50
1985-1989       83      0.14191  0.13251  0.50   23408    3102   21857   122241   5.22
1985-1989       84      0.15045  0.13992  0.50   20306    2841   18886   100384   4.94
1985-1989       85      0.16277  0.15052  0.50   17465    2629   16151    81498   4.67
1985-1989       86      0.18034  0.16542  0.50   14836    2454   13609    65348   4.40
1985-1989       87      0.19628  0.17874  0.50   12382    2213   11275    51739   4.18
1985-1989       88      0.21419  0.19347  0.50   10169    1967    9185    40463   3.98
1985-1989       89      0.21991  0.19812  0.50    8201    1625    7389    31278   3.81
1985-1989       90      0.23044  0.20663  0.50    6577    1359    5897    23889   3.63
1985-1989       91      0.24011  0.21437  0.50    5218    1119    4658    17992   3.45
1985-1989       92      0.26622  0.23495  0.50    4099     963    3618    13333   3.25
1985-1989       93      0.28083  0.24625  0.50    3136     772    2750     9716   3.10
1985-1989       94      0.26459  0.23368  0.50    2364     552    2088     6966   2.95
1985-1989       95      0.33044  0.28358  0.50    1811     514    1555     4878   2.69
1985-1989       96      0.35097  0.29858  0.50    1298     387    1104     3324   2.56
1985-1989       97      0.37208  0.31371  0.50     910     286     767     2220   2.44
1985-1989       98      0.39368  0.32893  0.50     625     205     522     1452   2.32
1985-1989       99      0.41571  0.34417  0.50     419     144     347      930   2.22
1985-1989      100      0.43808  0.35936  0.50     275      99     226      583   2.12
1985-1989      101      0.46070  0.37445  0.50     176      66     143      358   2.03
1985-1989      102      0.48349  0.38936  0.50     110      43      89      215   1.95
1985-1989      103      0.50634  0.40405  0.50      67      27      54      126   1.87
1985-1989      104      0.52917  0.41845  0.50      40      17      32       72   1.80
1985-1989      105      0.55188  0.43253  0.50      23      10      18       40   1.73
1985-1989      106      0.57437  0.44622  0.50      13       6      10       22   1.67
1985-1989      107      0.59656  0.45950  0.50       7       3       6       12   1.62
1985-1989      108      0.61836  0.47233  0.50       4       2       3        6   1.58
1985-1989      109      0.63969  0.48467  0.50       2       1       2        3   1.54
1985-1989      110+     0.66049  1.00000  1.51       1       1       2        2   1.51
1990-1994        0      0.00604  0.00601  0.14  100000     601   99482  7187319  71.87
1990-1994        1      0.00114  0.00114  0.50   99399     113   99343  7087838  71.31
1990-1994        2      0.00082  0.00082  0.50   99286      82   99245  6988495  70.39
1990-1994        3      0.00065  0.00065  0.50   99204      65   99172  6889250  69.44
1990-1994        4      0.00049  0.00049  0.50   99140      49   99115  6790078  68.49
1990-1994        5      0.00040  0.00040  0.50   99091      40   99071  6690962  67.52
1990-1994        6      0.00037  0.00037  0.50   99052      37   99033  6591891  66.55
1990-1994        7      0.00037  0.00037  0.50   99015      36   98997  6492858  65.57
1990-1994        8      0.00037  0.00037  0.50   98979      36   98961  6393861  64.60
1990-1994        9      0.00036  0.00036  0.50   98942      36   98924  6294900  63.62
1990-1994       10      0.00035  0.00035  0.50   98907      35   98889  6195976  62.64
1990-1994       11      0.00034  0.00034  0.50   98872      33   98855  6097087  61.67
1990-1994       12      0.00036  0.00036  0.50   98838      35   98820  5998232  60.69
1990-1994       13      0.00042  0.00042  0.50   98803      42   98782  5899411  59.71
1990-1994       14      0.00063  0.00063  0.50   98761      63   98730  5800629  58.73
1990-1994       15      0.00089  0.00089  0.50   98698      87   98655  5701900  57.77
1990-1994       16      0.00133  0.00133  0.50   98611     131   98545  5603245  56.82
1990-1994       17      0.00143  0.00143  0.50   98480     141   98409  5504699  55.90
1990-1994       18      0.00167  0.00166  0.50   98339     164   98257  5406290  54.98
1990-1994       19      0.00156  0.00156  0.50   98175     154   98098  5308033  54.07
1990-1994       20      0.00129  0.00129  0.50   98022     126   97959  5209934  53.15
1990-1994       21      0.00134  0.00134  0.50   97895     131   97830  5111976  52.22
1990-1994       22      0.00154  0.00154  0.50   97765     150   97689  5014146  51.29
1990-1994       23      0.00165  0.00165  0.50   97614     161   97534  4916457  50.37
1990-1994       24      0.00156  0.00156  0.50   97454     152   97378  4818923  49.45
1990-1994       25      0.00158  0.00158  0.50   97302     154   97225  4721545  48.52
1990-1994       26      0.00169  0.00168  0.50   97148     164   97066  4624320  47.60
1990-1994       27      0.00169  0.00169  0.50   96984     164   96902  4527254  46.68
1990-1994       28      0.00177  0.00177  0.50   96821     171   96735  4430352  45.76
1990-1994       29      0.00186  0.00186  0.50   96649     179   96560  4333617  44.84
1990-1994       30      0.00188  0.00188  0.50   96470     182   96379  4237057  43.92
1990-1994       31      0.00201  0.00200  0.50   96288     193   96192  4140678  43.00
1990-1994       32      0.00202  0.00202  0.50   96095     194   95998  4044487  42.09
1990-1994       33      0.00216  0.00216  0.50   95901     207   95797  3948489  41.17
1990-1994       34      0.00232  0.00232  0.50   95694     222   95583  3852692  40.26
1990-1994       35      0.00239  0.00238  0.50   95472     228   95358  3757109  39.35
1990-1994       36      0.00261  0.00261  0.50   95244     248   95120  3661751  38.45
1990-1994       37      0.00269  0.00268  0.50   94996     255   94868  3566631  37.55
1990-1994       38      0.00297  0.00297  0.50   94741     281   94600  3471763  36.64
1990-1994       39      0.00309  0.00308  0.50   94459     291   94314  3377163  35.75
1990-1994       40      0.00346  0.00345  0.50   94168     325   94005  3282849  34.86
1990-1994       41      0.00348  0.00347  0.50   93843     326   93680  3188844  33.98
1990-1994       42      0.00393  0.00392  0.50   93517     366   93334  3095164  33.10
1990-1994       43      0.00430  0.00429  0.50   93151     399   92951  3001830  32.23
1990-1994       44      0.00433  0.00432  0.50   92751     400   92551  2908879  31.36
1990-1994       45      0.00476  0.00475  0.50   92351     438   92131  2816328  30.50
1990-1994       46      0.00522  0.00520  0.50   91912     478   91673  2724197  29.64
1990-1994       47      0.00553  0.00551  0.50   91434     504   91182  2632524  28.79
1990-1994       48      0.00590  0.00589  0.50   90930     535   90663  2541342  27.95
1990-1994       49      0.00674  0.00672  0.50   90395     607   90091  2450679  27.11
1990-1994       50      0.00680  0.00677  0.50   89787     608   89483  2360588  26.29
1990-1994       51      0.00756  0.00753  0.50   89179     672   88843  2271105  25.47
1990-1994       52      0.00807  0.00804  0.50   88508     712   88152  2182261  24.66
1990-1994       53      0.00871  0.00868  0.50   87796     762   87415  2094109  23.85
1990-1994       54      0.00934  0.00930  0.50   87034     809   86630  2006694  23.06
1990-1994       55      0.01013  0.01008  0.50   86225     869   85791  1920064  22.27
1990-1994       56      0.01108  0.01102  0.50   85356     941   84886  1834274  21.49
1990-1994       57      0.01212  0.01204  0.50   84416    1017   83907  1749388  20.72
1990-1994       58      0.01271  0.01263  0.50   83399    1053   82872  1665481  19.97
1990-1994       59      0.01371  0.01362  0.50   82346    1122   81785  1582609  19.22
1990-1994       60      0.01531  0.01519  0.50   81224    1234   80607  1500824  18.48
1990-1994       61      0.01548  0.01536  0.50   79990    1228   79376  1420216  17.75
1990-1994       62      0.01720  0.01705  0.50   78762    1343   78090  1340840  17.02
1990-1994       63      0.01914  0.01896  0.50   77419    1468   76685  1262750  16.31
1990-1994       64      0.02052  0.02031  0.50   75951    1543   75180  1186065  15.62
1990-1994       65      0.02191  0.02167  0.50   74408    1613   73602  1110885  14.93
1990-1994       66      0.02419  0.02390  0.50   72795    1740   71925  1037283  14.25
1990-1994       67      0.02659  0.02624  0.50   71055    1865   70123   965358  13.59
1990-1994       68      0.02919  0.02877  0.50   69191    1990   68195   895235  12.94
1990-1994       69      0.03189  0.03139  0.50   67200    2109   66146   827040  12.31
1990-1994       70      0.03531  0.03469  0.50   65091    2258   63962   760894  11.69
1990-1994       71      0.03895  0.03820  0.50   62833    2400   61632   696933  11.09
1990-1994       72      0.04233  0.04145  0.50   60432    2505   59180   635300  10.51
1990-1994       73      0.04677  0.04570  0.50   57927    2647   56604   576121   9.95
1990-1994       74      0.05214  0.05082  0.50   55280    2809   53875   519517   9.40
1990-1994       75      0.05668  0.05512  0.50   52471    2892   51025   465642   8.87
1990-1994       76      0.06394  0.06196  0.50   49579    3072   48043   414617   8.36
1990-1994       77      0.07029  0.06790  0.50   46507    3158   44928   366575   7.88
1990-1994       78      0.07604  0.07326  0.50   43349    3176   41761   321647   7.42
1990-1994       79      0.08266  0.07938  0.50   40173    3189   38579   279886   6.97
1990-1994       80      0.09928  0.09458  0.50   36984    3498   35235   241307   6.52
1990-1994       81      0.11063  0.10483  0.50   33486    3510   31731   206072   6.15
1990-1994       82      0.11756  0.11103  0.50   29976    3328   28312   174341   5.82
1990-1994       83      0.12764  0.11999  0.50   26648    3197   25049   146029   5.48
1990-1994       84      0.13884  0.12983  0.50   23450    3044   21928   120980   5.16
1990-1994       85      0.15671  0.14532  0.50   20406    2965   18923    99052   4.85
1990-1994       86      0.16554  0.15288  0.50   17440    2666   16107    80129   4.59
1990-1994       87      0.17689  0.16252  0.50   14774    2401   13573    64022   4.33
1990-1994       88      0.19943  0.18135  0.50   12373    2244   11251    50449   4.08
1990-1994       89      0.20942  0.18957  0.50   10129    1920    9169    39198   3.87
1990-1994       90      0.21780  0.19641  0.50    8209    1612    7403    30029   3.66
1990-1994       91      0.24632  0.21931  0.50    6597    1447    5873    22626   3.43
1990-1994       92      0.25550  0.22656  0.50    5150    1167    4567    16752   3.25
1990-1994       93      0.28214  0.24726  0.50    3983     985    3491    12186   3.06
1990-1994       94      0.29502  0.25710  0.50    2998     771    2613     8695   2.90
1990-1994       95      0.32264  0.27782  0.50    2227     619    1918     6082   2.73
1990-1994       96      0.34426  0.29370  0.50    1609     472    1372     4164   2.59
1990-1994       97      0.36654  0.30977  0.50    1136     352     960     2792   2.46
1990-1994       98      0.38940  0.32594  0.50     784     256     656     1832   2.34
1990-1994       99      0.41276  0.34215  0.50     529     181     438     1175   2.22
1990-1994      100      0.43653  0.35832  0.50     348     125     285      737   2.12
1990-1994      101      0.46058  0.37437  0.50     223      84     181      452   2.02
1990-1994      102      0.48482  0.39023  0.50     140      54     112      270   1.94
1990-1994      103      0.50914  0.40583  0.50      85      35      68      158   1.86
1990-1994      104      0.53341  0.42110  0.50      51      21      40       90   1.78
1990-1994      105      0.55752  0.43599  0.50      29      13      23       50   1.71
1990-1994      106      0.58137  0.45043  0.50      17       7      13       27   1.65
1990-1994      107      0.60484  0.46440  0.50       9       4       7       15   1.60
1990-1994      108      0.62784  0.47783  0.50       5       2       4        8   1.55
1990-1994      109      0.65027  0.49072  0.50       3       1       2        4   1.51
1990-1994      110+     0.67206  1.00000  1.49       1       1       2        2   1.49
1995-1999        0      0.00780  0.00775  0.13  100000     775   99329  7246793  72.47
1995-1999        1      0.00100  0.00100  0.50   99225      99   99175  7147465  72.03
1995-1999        2      0.00066  0.00066  0.50   99126      66   99093  7048289  71.10
1995-1999        3      0.00048  0.00048  0.50   99060      47   99037  6949196  70.15
1995-1999        4      0.00040  0.00040  0.50   99013      39   98993  6850159  69.18
1995-1999        5      0.00029  0.00029  0.50   98974      28   98960  6751166  68.21
1995-1999        6      0.00030  0.00030  0.50   98945      30   98930  6652206  67.23
1995-1999        7      0.00029  0.00029  0.50   98916      28   98901  6553276  66.25
1995-1999        8      0.00029  0.00029  0.50   98887      28   98873  6454375  65.27
1995-1999        9      0.00029  0.00029  0.50   98859      29   98844  6355502  64.29
1995-1999       10      0.00025  0.00025  0.50   98830      25   98817  6256657  63.31
1995-1999       11      0.00028  0.00028  0.50   98805      28   98791  6157840  62.32
1995-1999       12      0.00030  0.00030  0.50   98777      29   98762  6059049  61.34
1995-1999       13      0.00037  0.00037  0.50   98748      36   98730  5960287  60.36
1995-1999       14      0.00051  0.00051  0.50   98712      50   98686  5861557  59.38
1995-1999       15      0.00080  0.00080  0.50   98661      79   98622  5762871  58.41
1995-1999       16      0.00104  0.00104  0.50   98583     103   98531  5664249  57.46
1995-1999       17      0.00115  0.00115  0.50   98480     113   98423  5565717  56.52
1995-1999       18      0.00141  0.00141  0.50   98366     138   98297  5467294  55.58
1995-1999       19      0.00124  0.00124  0.50   98228     122   98167  5368997  54.66
1995-1999       20      0.00113  0.00112  0.50   98106     110   98051  5270830  53.73
1995-1999       21      0.00112  0.00112  0.50   97996     110   97941  5172778  52.79
1995-1999       22      0.00131  0.00130  0.50   97886     128   97822  5074837  51.84
1995-1999       23      0.00142  0.00142  0.50   97758     139   97689  4977015  50.91
1995-1999       24      0.00145  0.00145  0.50   97619     142   97548  4879327  49.98
1995-1999       25      0.00143  0.00142  0.50   97478     139   97408  4781778  49.06
1995-1999       26      0.00143  0.00143  0.50   97339     139   97269  4684370  48.12
1995-1999       27      0.00153  0.00153  0.50   97200     149   97125  4587101  47.19
1995-1999       28      0.00158  0.00158  0.50   97051     153   96974  4489976  46.26
1995-1999       29      0.00166  0.00166  0.50   96897     160   96817  4393002  45.34
1995-1999       30      0.00179  0.00179  0.50   96737     173   96650  4296184  44.41
1995-1999       31      0.00187  0.00187  0.50   96564     180   96474  4199534  43.49
1995-1999       32      0.00209  0.00208  0.50   96384     201   96283  4103060  42.57
1995-1999       33      0.00206  0.00205  0.50   96183     198   96084  4006777  41.66
1995-1999       34      0.00228  0.00227  0.50   95985     218   95876  3910693  40.74
1995-1999       35      0.00247  0.00247  0.50   95767     236   95649  3814817  39.83
1995-1999       36      0.00263  0.00263  0.50   95531     251   95405  3719168  38.93
1995-1999       37      0.00280  0.00279  0.50   95280     266   95147  3623763  38.03
1995-1999       38      0.00298  0.00297  0.50   95014     283   94872  3528616  37.14
1995-1999       39      0.00312  0.00311  0.50   94731     295   94584  3433744  36.25
1995-1999       40      0.00338  0.00337  0.50   94436     318   94277  3339160  35.36
1995-1999       41      0.00364  0.00363  0.50   94118     342   93947  3244883  34.48
1995-1999       42      0.00387  0.00387  0.50   93776     363   93595  3150936  33.60
1995-1999       43      0.00421  0.00421  0.50   93414     393   93217  3057341  32.73
1995-1999       44      0.00435  0.00434  0.50   93021     404   92819  2964124  31.87
1995-1999       45      0.00462  0.00461  0.50   92617     427   92404  2871305  31.00
1995-1999       46      0.00524  0.00522  0.50   92190     482   91949  2778901  30.14
1995-1999       47      0.00527  0.00525  0.50   91709     482   91468  2686952  29.30
1995-1999       48      0.00582  0.00580  0.50   91227     529   90962  2595484  28.45
1995-1999       49      0.00623  0.00621  0.50   90697     563   90416  2504522  27.61
1995-1999       50      0.00694  0.00692  0.50   90134     624   89822  2414106  26.78
1995-1999       51      0.00752  0.00750  0.50   89510     671   89175  2324284  25.97
1995-1999       52      0.00784  0.00781  0.50   88839     694   88492  2235109  25.16
1995-1999       53      0.00857  0.00854  0.50   88146     752   87769  2146617  24.35
1995-1999       54      0.00931  0.00926  0.50   87393     810   86988  2058848  23.56
1995-1999       55      0.00997  0.00992  0.50   86584     859   86154  1971859  22.77
1995-1999       56      0.01064  0.01059  0.50   85724     908   85271  1885705  22.00
1995-1999       57      0.01149  0.01142  0.50   84817     969   84332  1800435  21.23
1995-1999       58      0.01262  0.01254  0.50   83848    1051   83322  1716102  20.47
1995-1999       59      0.01346  0.01337  0.50   82796    1107   82243  1632780  19.72
1995-1999       60      0.01495  0.01484  0.50   81689    1212   81083  1550537  18.98
1995-1999       61      0.01609  0.01596  0.50   80477    1285   79835  1469454  18.26
1995-1999       62      0.01741  0.01726  0.50   79193    1367   78509  1389619  17.55
1995-1999       63      0.01872  0.01855  0.50   77826    1443   77104  1311110  16.85
1995-1999       64      0.02002  0.01982  0.50   76383    1514   75626  1234006  16.16
1995-1999       65      0.02150  0.02127  0.50   74868    1593   74072  1158380  15.47
1995-1999       66      0.02305  0.02279  0.50   73276    1670   72441  1084308  14.80
1995-1999       67      0.02503  0.02472  0.50   71606    1770   70721  1011867  14.13
1995-1999       68      0.02693  0.02657  0.50   69836    1855   68908   941146  13.48
1995-1999       69      0.02943  0.02900  0.50   67980    1972   66995   872238  12.83
1995-1999       70      0.03245  0.03193  0.50   66009    2108   64955   805243  12.20
1995-1999       71      0.03521  0.03460  0.50   63901    2211   62795   740288  11.58
1995-1999       72      0.03882  0.03808  0.50   61690    2349   60515   677493  10.98
1995-1999       73      0.04222  0.04135  0.50   59340    2453   58114   616978  10.40
1995-1999       74      0.04695  0.04588  0.50   56887    2610   55582   558864   9.82
1995-1999       75      0.05290  0.05154  0.50   54277    2797   52878   503282   9.27
1995-1999       76      0.05616  0.05463  0.50   51480    2812   50074   450404   8.75
1995-1999       77      0.06245  0.06056  0.50   48667    2947   47194   400330   8.23
1995-1999       78      0.06878  0.06649  0.50   45720    3040   44200   353136   7.72
1995-1999       79      0.07677  0.07393  0.50   42680    3155   41102   308936   7.24
1995-1999       80      0.09198  0.08794  0.50   39525    3476   37787   267834   6.78
1995-1999       81      0.09709  0.09260  0.50   36049    3338   34380   230047   6.38
1995-1999       82      0.11047  0.10468  0.50   32711    3424   30999   195667   5.98
1995-1999       83      0.12328  0.11612  0.50   29287    3401   27586   164668   5.62
1995-1999       84      0.13649  0.12777  0.50   25886    3307   24232   137082   5.30
1995-1999       85      0.14341  0.13382  0.50   22578    3021   21068   112850   5.00
1995-1999       86      0.16068  0.14873  0.50   19557    2909   18103    91782   4.69
1995-1999       87      0.16903  0.15586  0.50   16648    2595   15351    73679   4.43
1995-1999       88      0.19192  0.17511  0.50   14053    2461   12823    58329   4.15
1995-1999       89      0.20049  0.18222  0.50   11593    2112   10536    45506   3.93
1995-1999       90      0.22006  0.19825  0.50    9480    1879    8540    34969   3.69
1995-1999       91      0.23695  0.21185  0.50    7601    1610    6796    26429   3.48
1995-1999       92      0.26269  0.23219  0.50    5990    1391    5295    19633   3.28
1995-1999       93      0.26766  0.23606  0.50    4600    1086    4057    14338   3.12
1995-1999       94      0.28587  0.25012  0.50    3514     879    3074    10282   2.93
1995-1999       95      0.31993  0.27581  0.50    2635     727    2272     7207   2.74
1995-1999       96      0.34262  0.29251  0.50    1908     558    1629     4936   2.59
1995-1999       97      0.36604  0.30941  0.50    1350     418    1141     3307   2.45
1995-1999       98      0.39012  0.32645  0.50     932     304     780     2166   2.32
1995-1999       99      0.41475  0.34352  0.50     628     216     520     1386   2.21
1995-1999      100      0.43981  0.36053  0.50     412     149     338      865   2.10
1995-1999      101      0.46518  0.37740  0.50     264      99     214      528   2.00
1995-1999      102      0.49074  0.39405  0.50     164      65     132      314   1.91
1995-1999      103      0.51634  0.41039  0.50      99      41      79      182   1.83
1995-1999      104      0.54186  0.42635  0.50      59      25      46      103   1.75
1995-1999      105      0.56715  0.44185  0.50      34      15      26       57   1.69
1995-1999      106      0.59211  0.45685  0.50      19       9      14       30   1.62
1995-1999      107      0.61659  0.47130  0.50      10       5       8       16   1.57
1995-1999      108      0.64050  0.48514  0.50       5       3       4        8   1.52
1995-1999      109      0.66374  0.49835  0.50       3       1       2        4   1.48
1995-1999      110+     0.68620  1.00000  1.46       1       1       2        2   1.46
2000-2004        0      0.00653  0.00649  0.14  100000     649   99439  7402077  74.02
2000-2004        1      0.00076  0.00076  0.50   99351      76   99313  7302637  73.50
2000-2004        2      0.00048  0.00048  0.50   99275      48   99251  7203324  72.56
2000-2004        3      0.00036  0.00036  0.50   99227      36   99209  7104073  71.59
2000-2004        4      0.00029  0.00029  0.50   99191      28   99177  7004864  70.62
2000-2004        5      0.00022  0.00022  0.50   99163      22   99152  6905687  69.64
2000-2004        6      0.00024  0.00024  0.50   99141      24   99129  6806535  68.66
2000-2004        7      0.00024  0.00024  0.50   99117      23   99106  6707405  67.67
2000-2004        8      0.00017  0.00017  0.50   99094      16   99086  6608300  66.69
2000-2004        9      0.00019  0.00019  0.50   99078      19   99068  6509214  65.70
2000-2004       10      0.00019  0.00019  0.50   99059      19   99049  6410146  64.71
2000-2004       11      0.00018  0.00018  0.50   99040      17   99031  6311096  63.72
2000-2004       12      0.00023  0.00023  0.50   99022      23   99011  6212065  62.73
2000-2004       13      0.00022  0.00022  0.50   98999      22   98988  6113054  61.75
2000-2004       14      0.00025  0.00025  0.50   98977      25   98965  6014066  60.76
2000-2004       15      0.00048  0.00048  0.50   98953      47   98929  5915101  59.78
2000-2004       16      0.00060  0.00060  0.50   98905      59   98876  5816172  58.81
2000-2004       17      0.00077  0.00077  0.50   98846      77   98808  5717296  57.84
2000-2004       18      0.00104  0.00104  0.50   98770     103   98718  5618488  56.88
2000-2004       19      0.00094  0.00094  0.50   98667      93   98620  5519770  55.94
2000-2004       20      0.00088  0.00088  0.50   98574      86   98531  5421149  55.00
2000-2004       21      0.00091  0.00091  0.50   98488      89   98443  5322619  54.04
2000-2004       22      0.00094  0.00094  0.50   98398      93   98352  5224176  53.09
2000-2004       23      0.00103  0.00103  0.50   98306     101   98255  5125824  52.14
2000-2004       24      0.00116  0.00116  0.50   98205     114   98148  5027568  51.19
2000-2004       25      0.00111  0.00111  0.50   98091     109   98037  4929421  50.25
2000-2004       26      0.00119  0.00119  0.50   97982     117   97923  4831384  49.31
2000-2004       27      0.00127  0.00126  0.50   97865     124   97803  4733461  48.37
2000-2004       28      0.00128  0.00128  0.50   97741     125   97678  4635658  47.43
2000-2004       29      0.00137  0.00137  0.50   97616     134   97549  4537979  46.49
2000-2004       30      0.00154  0.00154  0.50   97482     150   97406  4440430  45.55
2000-2004       31      0.00162  0.00162  0.50   97331     158   97252  4343024  44.62
2000-2004       32      0.00168  0.00167  0.50   97174     163   97092  4245772  43.69
2000-2004       33      0.00187  0.00187  0.50   97011     181   96920  4148679  42.77
2000-2004       34      0.00211  0.00211  0.50   96830     205   96728  4051759  41.84
2000-2004       35      0.00213  0.00213  0.50   96625     206   96522  3955031  40.93
2000-2004       36      0.00237  0.00236  0.50   96419     228   96305  3858509  40.02
2000-2004       37      0.00254  0.00253  0.50   96191     244   96069  3762204  39.11
2000-2004       38      0.00281  0.00281  0.50   95948     270   95813  3666134  38.21
2000-2004       39      0.00296  0.00295  0.50   95678     282   95537  3570321  37.32
2000-2004       40      0.00303  0.00303  0.50   95396     289   95251  3474785  36.42
2000-2004       41      0.00346  0.00345  0.50   95107     328   94943  3379533  35.53
2000-2004       42      0.00376  0.00375  0.50   94779     355   94601  3284590  34.66
2000-2004       43      0.00396  0.00395  0.50   94423     373   94237  3189990  33.78
2000-2004       44      0.00412  0.00411  0.50   94050     387   93857  3095753  32.92
2000-2004       45      0.00452  0.00451  0.50   93663     422   93452  3001896  32.05
2000-2004       46      0.00468  0.00467  0.50   93241     436   93024  2908444  31.19
2000-2004       47      0.00516  0.00515  0.50   92806     478   92567  2815420  30.34
2000-2004       48      0.00545  0.00544  0.50   92328     502   92077  2722854  29.49
2000-2004       49      0.00583  0.00581  0.50   91826     534   91559  2630777  28.65
2000-2004       50      0.00614  0.00612  0.50   91292     559   91013  2539218  27.81
2000-2004       51      0.00666  0.00664  0.50   90733     602   90432  2448205  26.98
2000-2004       52      0.00735  0.00732  0.50   90131     660   89801  2357773  26.16
2000-2004       53      0.00775  0.00772  0.50   89471     691   89125  2267972  25.35
2000-2004       54      0.00839  0.00835  0.50   88780     741   88409  2178847  24.54
2000-2004       55      0.00917  0.00913  0.50   88038     804   87636  2090438  23.74
2000-2004       56      0.00954  0.00949  0.50   87235     828   86821  2002801  22.96
2000-2004       57      0.01041  0.01036  0.50   86407     895   85959  1915981  22.17
2000-2004       58      0.01144  0.01138  0.50   85511     973   85025  1830022  21.40
2000-2004       59      0.01224  0.01217  0.50   84539    1028   84024  1744997  20.64
2000-2004       60      0.01347  0.01338  0.50   83510    1117   82952  1660972  19.89
2000-2004       61      0.01421  0.01411  0.50   82393    1163   81812  1578021  19.15
2000-2004       62      0.01564  0.01552  0.50   81231    1261   80600  1496209  18.42
2000-2004       63      0.01675  0.01661  0.50   79970    1329   79305  1415609  17.70
2000-2004       64      0.01836  0.01820  0.50   78641    1431   77926  1336303  16.99
2000-2004       65      0.01987  0.01967  0.50   77210    1519   76451  1258378  16.30
2000-2004       66      0.02168  0.02145  0.50   75691    1624   74880  1181927  15.62
2000-2004       67      0.02357  0.02329  0.50   74068    1725   73205  1107047  14.95
2000-2004       68      0.02566  0.02533  0.50   72343    1833   71426  1033842  14.29
2000-2004       69      0.02748  0.02710  0.50   70510    1911   69554   962416  13.65
2000-2004       70      0.02950  0.02907  0.50   68599    1994   67602   892861  13.02
2000-2004       71      0.03264  0.03211  0.50   66605    2139   65536   825260  12.39
2000-2004       72      0.03515  0.03454  0.50   64466    2227   63353   759724  11.78
2000-2004       73      0.03820  0.03749  0.50   62239    2333   61073   696371  11.19
2000-2004       74      0.04175  0.04090  0.50   59906    2450   58681   635299  10.60
2000-2004       75      0.04596  0.04493  0.50   57456    2581   56165   576618  10.04
2000-2004       76      0.05023  0.04900  0.50   54875    2689   53530   520452   9.48
2000-2004       77      0.05599  0.05446  0.50   52186    2842   50765   466922   8.95
2000-2004       78      0.06099  0.05919  0.50   49344    2921   47883   416157   8.43
2000-2004       79      0.06688  0.06472  0.50   46423    3005   44921   368274   7.93
2000-2004       80      0.07720  0.07433  0.50   43419    3227   41805   323353   7.45
2000-2004       81      0.08476  0.08131  0.50   40191    3268   38557   281548   7.01
2000-2004       82      0.09661  0.09216  0.50   36923    3403   35222   242990   6.58
2000-2004       83      0.10463  0.09942  0.50   33521    3333   31854   207768   6.20
2000-2004       84      0.11659  0.11017  0.50   30188    3326   28525   175914   5.83
2000-2004       85      0.12671  0.11916  0.50   26862    3201   25262   147389   5.49
2000-2004       86      0.13518  0.12662  0.50   23661    2996   22163   122127   5.16
2000-2004       87      0.15222  0.14146  0.50   20665    2923   19204    99964   4.84
2000-2004       88      0.16710  0.15422  0.50   17742    2736   16374    80760   4.55
2000-2004       89      0.17726  0.16283  0.50   15006    2443   13784    64386   4.29
2000-2004       90      0.19493  0.17761  0.50   12562    2231   11447    50602   4.03
2000-2004       91      0.21164  0.19139  0.50   10331    1977    9343    39155   3.79
2000-2004       92      0.22285  0.20051  0.50    8354    1675    7516    29812   3.57
2000-2004       93      0.25078  0.22284  0.50    6679    1488    5935    22296   3.34
2000-2004       94      0.26728  0.23577  0.50    5191    1224    4579    16361   3.15
2000-2004       95      0.28820  0.25190  0.50    3967     999    3467    11782   2.97
2000-2004       96      0.30997  0.26838  0.50    2968     796    2569     8315   2.80
2000-2004       97      0.33263  0.28519  0.50    2171     619    1862     5746   2.65
2000-2004       98      0.35608  0.30226  0.50    1552     469    1317     3884   2.50
2000-2004       99      0.38024  0.31950  0.50    1083     346     910     2567   2.37
2000-2004      100      0.40502  0.33681  0.50     737     248     613     1657   2.25
2000-2004      101      0.43028  0.35410  0.50     489     173     402     1044   2.14
2000-2004      102      0.45592  0.37128  0.50     316     117     257      642   2.03
2000-2004      103      0.48179  0.38826  0.50     198      77     160      385   1.94
2000-2004      104      0.50776  0.40495  0.50     121      49      97      225   1.86
2000-2004      105      0.53369  0.42127  0.50      72      30      57      128   1.78
2000-2004      106      0.55943  0.43715  0.50      42      18      33       71   1.71
2000-2004      107      0.58486  0.45253  0.50      24      11      18       39   1.64
2000-2004      108      0.60985  0.46734  0.50      13       6      10       20   1.59
2000-2004      109      0.63427  0.48155  0.50       7       3       5       11   1.55
2000-2004      110+     0.65802  1.00000  1.52       4       4       5        5   1.52
2005-2009        0      0.00554  0.00552  0.14  100000     552   99525  7507707  75.08
2005-2009        1      0.00055  0.00055  0.50   99448      54   99421  7408183  74.49
2005-2009        2      0.00041  0.00041  0.50   99394      41   99373  7308762  73.53
2005-2009        3      0.00029  0.00029  0.50   99353      29   99339  7209388  72.56
2005-2009        4      0.00028  0.00028  0.50   99324      27   99310  7110050  71.58
2005-2009        5      0.00020  0.00020  0.50   99297      20   99287  7010739  70.60
2005-2009        6      0.00018  0.00018  0.50   99277      18   99268  6911452  69.62
2005-2009        7      0.00020  0.00020  0.50   99259      20   99249  6812184  68.63
2005-2009        8      0.00016  0.00016  0.50   99239      16   99231  6712935  67.64
2005-2009        9      0.00017  0.00017  0.50   99223      17   99215  6613704  66.65
2005-2009       10      0.00019  0.00019  0.50   99207      19   99197  6514489  65.67
2005-2009       11      0.00018  0.00018  0.50   99187      17   99179  6415292  64.68
2005-2009       12      0.00018  0.00018  0.50   99170      18   99161  6316113  63.69
2005-2009       13      0.00018  0.00018  0.50   99152      18   99143  6216952  62.70
2005-2009       14      0.00023  0.00023  0.50   99134      23   99122  6117810  61.71
2005-2009       15      0.00035  0.00035  0.50   99111      34   99094  6018687  60.73
2005-2009       16      0.00050  0.00050  0.50   99076      49   99052  5919594  59.75
2005-2009       17      0.00054  0.00054  0.50   99027      54   99000  5820542  58.78
2005-2009       18      0.00077  0.00077  0.50   98973      76   98935  5721542  57.81
2005-2009       19      0.00080  0.00080  0.50   98897      79   98857  5622607  56.85
2005-2009       20      0.00077  0.00077  0.50   98818      76   98780  5523750  55.90
2005-2009       21      0.00078  0.00078  0.50   98742      77   98704  5424970  54.94
2005-2009       22      0.00083  0.00083  0.50   98666      82   98625  5326266  53.98
2005-2009       23      0.00087  0.00087  0.50   98584      86   98541  5227641  53.03
2005-2009       24      0.00087  0.00087  0.50   98498      86   98455  5129100  52.07
2005-2009       25      0.00097  0.00097  0.50   98412      96   98364  5030646  51.12
2005-2009       26      0.00104  0.00104  0.50   98316     102   98265  4932282  50.17
2005-2009       27      0.00113  0.00113  0.50   98214     111   98158  4834016  49.22
2005-2009       28      0.00121  0.00121  0.50   98103     119   98044  4735858  48.27
2005-2009       29      0.00132  0.00132  0.50   97984     129   97920  4637814  47.33
2005-2009       30      0.00143  0.00143  0.50   97855     140   97785  4539895  46.39
2005-2009       31      0.00153  0.00153  0.50   97715     150   97640  4442110  45.46
2005-2009       32      0.00161  0.00161  0.50   97565     157   97487  4344470  44.53
2005-2009       33      0.00185  0.00185  0.50   97408     180   97318  4246983  43.60
2005-2009       34      0.00202  0.00202  0.50   97228     196   97130  4149665  42.68
2005-2009       35      0.00210  0.00210  0.50   97032     203   96930  4052535  41.76
2005-2009       36      0.00231  0.00231  0.50   96829     223   96717  3955605  40.85
2005-2009       37      0.00256  0.00256  0.50   96605     247   96482  3858888  39.94
2005-2009       38      0.00285  0.00285  0.50   96358     274   96221  3762406  39.05
2005-2009       39      0.00302  0.00301  0.50   96084     290   95939  3666185  38.16
2005-2009       40      0.00315  0.00314  0.50   95794     301   95644  3570246  37.27
2005-2009       41      0.00347  0.00346  0.50   95493     331   95328  3474602  36.39
2005-2009       42      0.00375  0.00374  0.50   95163     356   94985  3379274  35.51
2005-2009       43      0.00404  0.00403  0.50   94806     382   94615  3284289  34.64
2005-2009       44      0.00436  0.00435  0.50   94424     411   94218  3189674  33.78
2005-2009       45      0.00458  0.00457  0.50   94013     429   93798  3095456  32.93
2005-2009       46      0.00480  0.00479  0.50   93583     449   93359  3001658  32.07
2005-2009       47      0.00514  0.00513  0.50   93135     478   92896  2908298  31.23
2005-2009       48      0.00540  0.00539  0.50   92657     499   92408  2815402  30.39
2005-2009       49      0.00562  0.00560  0.50   92158     516   91900  2722995  29.55
2005-2009       50      0.00602  0.00600  0.50   91642     550   91367  2631095  28.71
2005-2009       51      0.00651  0.00649  0.50   91092     591   90796  2539728  27.88
2005-2009       52      0.00702  0.00700  0.50   90501     633   90184  2448932  27.06
2005-2009       53      0.00739  0.00736  0.50   89868     662   89537  2358748  26.25
2005-2009       54      0.00768  0.00765  0.50   89206     683   88865  2269211  25.44
2005-2009       55      0.00821  0.00818  0.50   88523     724   88161  2180346  24.63
2005-2009       56      0.00892  0.00888  0.50   87799     780   87409  2092185  23.83
2005-2009       57      0.00981  0.00976  0.50   87019     849   86595  2004776  23.04
2005-2009       58      0.01037  0.01031  0.50   86170     889   85726  1918181  22.26
2005-2009       59      0.01136  0.01130  0.50   85282     963   84800  1832455  21.49
2005-2009       60      0.01228  0.01221  0.50   84318    1029   83803  1747655  20.73
2005-2009       61      0.01291  0.01283  0.50   83289    1069   82754  1663852  19.98
2005-2009       62      0.01390  0.01381  0.50   82220    1135   81652  1581097  19.23
2005-2009       63      0.01533  0.01521  0.50   81085    1234   80468  1499445  18.49
2005-2009       64      0.01655  0.01641  0.50   79851    1311   79196  1418977  17.77
2005-2009       65      0.01728  0.01713  0.50   78541    1345   77868  1339781  17.06
2005-2009       66      0.01899  0.01882  0.50   77195    1453   76469  1261913  16.35
2005-2009       67      0.02094  0.02073  0.50   75743    1570   74958  1185444  15.65
2005-2009       68      0.02303  0.02277  0.50   74173    1689   73328  1110486  14.97
2005-2009       69      0.02556  0.02524  0.50   72484    1829   71569  1037158  14.31
2005-2009       70      0.02759  0.02721  0.50   70655    1923   69693   965589  13.67
2005-2009       71      0.03094  0.03047  0.50   68732    2095   67685   895895  13.03
2005-2009       72      0.03356  0.03301  0.50   66638    2199   65538   828210  12.43
2005-2009       73      0.03607  0.03543  0.50   64438    2283   63297   762672  11.84
2005-2009       74      0.03928  0.03852  0.50   62155    2394   60958   699376  11.25
2005-2009       75      0.04315  0.04224  0.50   59761    2524   58499   638418  10.68
2005-2009       76      0.04681  0.04574  0.50   57237    2618   55928   579919  10.13
2005-2009       77      0.05092  0.04966  0.50   54619    2712   53263   523992   9.59
2005-2009       78      0.05637  0.05482  0.50   51906    2846   50484   470729   9.07
2005-2009       79      0.06143  0.05960  0.50   49061    2924   47599   420246   8.57
2005-2009       80      0.06924  0.06692  0.50   46137    3088   44593   372647   8.08
2005-2009       81      0.07516  0.07244  0.50   43049    3118   41490   328054   7.62
2005-2009       82      0.08226  0.07901  0.50   39931    3155   38353   286564   7.18
2005-2009       83      0.09125  0.08727  0.50   36776    3210   35171   248211   6.75
2005-2009       84      0.10120  0.09632  0.50   33566    3233   31950   213040   6.35
2005-2009       85      0.11191  0.10598  0.50   30333    3215   28726   181090   5.97
2005-2009       86      0.12053  0.11368  0.50   27118    3083   25577   152364   5.62
2005-2009       87      0.13357  0.12521  0.50   24036    3009   22531   126787   5.27
2005-2009       88      0.14775  0.13758  0.50   21026    2893   19580   104256   4.96
2005-2009       89      0.15924  0.14750  0.50   18133    2675   16796    84677   4.67
2005-2009       90      0.17184  0.15824  0.50   15459    2446   14236    67881   4.39
2005-2009       91      0.18894  0.17263  0.50   13012    2246   11889    53645   4.12
2005-2009       92      0.20454  0.18556  0.50   10766    1998    9767    41756   3.88
2005-2009       93      0.22554  0.20268  0.50    8768    1777    7880    31989   3.65
2005-2009       94      0.23825  0.21289  0.50    6991    1488    6247    24109   3.45
2005-2009       95      0.25789  0.22844  0.50    5503    1257    4874    17862   3.25
2005-2009       96      0.27809  0.24414  0.50    4246    1037    3728    12988   3.06
2005-2009       97      0.29923  0.26029  0.50    3209     835    2792     9260   2.89
2005-2009       98      0.32127  0.27680  0.50    2374     657    2045     6468   2.72
2005-2009       99      0.34413  0.29361  0.50    1717     504    1465     4423   2.58
2005-2009      100      0.36773  0.31062  0.50    1213     377    1024     2958   2.44
2005-2009      101      0.39199  0.32775  0.50     836     274     699     1934   2.31
2005-2009      102      0.41679  0.34491  0.50     562     194     465     1235   2.20
2005-2009      103      0.44202  0.36201  0.50     368     133     302      770   2.09
2005-2009      104      0.46755  0.37896  0.50     235      89     190      468   1.99
2005-2009      105      0.49326  0.39567  0.50     146      58     117      278   1.91
2005-2009      106      0.51900  0.41207  0.50      88      36      70      161   1.83
2005-2009      107      0.54464  0.42807  0.50      52      22      41       91   1.75
2005-2009      108      0.57004  0.44361  0.50      30      13      23       50   1.69
2005-2009      109      0.59509  0.45863  0.50      16       8      13       27   1.64
2005-2009      110+     0.61964  1.00000  1.61       9       9      14       14   1.61
2010-2014        0      0.00476  0.00474  0.14  100000     474   99593  7628854  76.29
2010-2014        1      0.00041  0.00041  0.50   99526      41   99506  7529261  75.65
2010-2014        2      0.00024  0.00024  0.50   99485      24   99473  7429755  74.68
2010-2014        3      0.00023  0.00023  0.50   99461      23   99450  7330282  73.70
2010-2014        4      0.00017  0.00017  0.50   99439      17   99430  7230832  72.72
2010-2014        5      0.00015  0.00015  0.50   99421      15   99414  7131402  71.73
2010-2014        6      0.00016  0.00016  0.50   99406      15   99399  7031988  70.74
2010-2014        7      0.00017  0.00017  0.50   99391      16   99383  6932590  69.75
2010-2014        8      0.00014  0.00014  0.50   99375      14   99367  6833207  68.76
2010-2014        9      0.00014  0.00014  0.50   99360      14   99353  6733839  67.77
2010-2014       10      0.00014  0.00014  0.50   99347      14   99340  6634486  66.78
2010-2014       11      0.00015  0.00015  0.50   99333      15   99326  6535146  65.79
2010-2014       12      0.00016  0.00016  0.50   99318      16   99310  6435821  64.80
2010-2014       13      0.00020  0.00020  0.50   99303      20   99293  6336510  63.81
2010-2014       14      0.00020  0.00020  0.50   99283      20   99273  6237217  62.82
2010-2014       15      0.00028  0.00028  0.50   99263      28   99249  6137944  61.84
2010-2014       16      0.00036  0.00036  0.50   99235      36   99217  6038695  60.85
2010-2014       17      0.00038  0.00038  0.50   99199      38   99180  5939479  59.87
2010-2014       18      0.00071  0.00071  0.50   99161      70   99126  5840299  58.90
2010-2014       19      0.00067  0.00067  0.50   99091      66   99058  5741173  57.94
2010-2014       20      0.00064  0.00064  0.50   99025      64   98993  5642115  56.98
2010-2014       21      0.00062  0.00062  0.50   98961      61   98930  5543123  56.01
2010-2014       22      0.00066  0.00066  0.50   98900      65   98867  5444192  55.05
2010-2014       23      0.00066  0.00066  0.50   98835      65   98802  5345325  54.08
2010-2014       24      0.00067  0.00067  0.50   98769      66   98736  5246523  53.12
2010-2014       25      0.00074  0.00074  0.50   98703      73   98667  5147787  52.15
2010-2014       26      0.00071  0.00071  0.50   98630      70   98595  5049120  51.19
2010-2014       27      0.00085  0.00084  0.50   98560      83   98519  4950525  50.23
2010-2014       28      0.00088  0.00088  0.50   98477      86   98434  4852006  49.27
2010-2014       29      0.00099  0.00099  0.50   98391      97   98342  4753572  48.31
2010-2014       30      0.00106  0.00106  0.50   98294     104   98242  4655230  47.36
2010-2014       31      0.00119  0.00119  0.50   98190     117   98132  4556988  46.41
2010-2014       32      0.00134  0.00134  0.50   98073     131   98008  4458857  45.46
2010-2014       33      0.00148  0.00148  0.50   97942     145   97870  4360849  44.52
2010-2014       34      0.00149  0.00149  0.50   97797     145   97725  4262979  43.59
2010-2014       35      0.00179  0.00179  0.50   97652     175   97564  4165255  42.65
2010-2014       36      0.00197  0.00197  0.50   97477     192   97381  4067691  41.73
2010-2014       37      0.00216  0.00216  0.50   97285     210   97180  3970310  40.81
2010-2014       38      0.00237  0.00236  0.50   97075     230   96960  3873130  39.90
2010-2014       39      0.00268  0.00267  0.50   96845     259   96716  3776170  38.99
2010-2014       40      0.00277  0.00276  0.50   96587     267   96453  3679454  38.09
2010-2014       41      0.00319  0.00318  0.50   96320     307   96166  3583001  37.20
2010-2014       42      0.00336  0.00335  0.50   96013     322   95852  3486834  36.32
2010-2014       43      0.00364  0.00363  0.50   95691     348   95517  3390982  35.44
2010-2014       44      0.00392  0.00391  0.50   95344     373   95157  3295465  34.56
2010-2014       45      0.00413  0.00413  0.50   94971     392   94775  3200307  33.70
2010-2014       46      0.00468  0.00467  0.50   94579     441   94358  3105533  32.84
2010-2014       47      0.00480  0.00478  0.50   94138     450   93912  3011175  31.99
2010-2014       48      0.00532  0.00530  0.50   93687     497   93439  2917262  31.14
2010-2014       49      0.00551  0.00549  0.50   93190     512   92934  2823824  30.30
2010-2014       50      0.00576  0.00575  0.50   92678     533   92412  2730889  29.47
2010-2014       51      0.00612  0.00610  0.50   92146     562   91865  2638477  28.63
2010-2014       52      0.00655  0.00653  0.50   91583     598   91284  2546612  27.81
2010-2014       53      0.00697  0.00695  0.50   90985     632   90669  2455328  26.99
2010-2014       54      0.00737  0.00734  0.50   90353     663   90021  2364659  26.17
2010-2014       55      0.00778  0.00775  0.50   89690     695   89342  2274638  25.36
2010-2014       56      0.00836  0.00833  0.50   88995     741   88624  2185296  24.56
2010-2014       57      0.00884  0.00880  0.50   88254     776   87865  2096672  23.76
2010-2014       58      0.00950  0.00946  0.50   87477     827   87063  2008807  22.96
2010-2014       59      0.01011  0.01006  0.50   86650     871   86214  1921743  22.18
2010-2014       60      0.01090  0.01084  0.50   85778     930   85314  1835529  21.40
2010-2014       61      0.01168  0.01162  0.50   84849     986   84356  1750216  20.63
2010-2014       62      0.01240  0.01233  0.50   83863    1034   83346  1665860  19.86
2010-2014       63      0.01357  0.01348  0.50   82829    1117   82271  1582513  19.11
2010-2014       64      0.01486  0.01475  0.50   81713    1205   81110  1500242  18.36
2010-2014       65      0.01602  0.01589  0.50   80508    1279   79868  1419132  17.63
2010-2014       66      0.01726  0.01711  0.50   79229    1356   78551  1339264  16.90
2010-2014       67      0.01905  0.01887  0.50   77873    1469   77138  1260713  16.19
2010-2014       68      0.02010  0.01990  0.50   76404    1520   75644  1183575  15.49
2010-2014       69      0.02274  0.02248  0.50   74883    1684   74042  1107931  14.80
2010-2014       70      0.02454  0.02424  0.50   73200    1774   72313  1033889  14.12
2010-2014       71      0.02630  0.02596  0.50   71425    1854   70498   961577  13.46
2010-2014       72      0.02993  0.02949  0.50   69571    2052   68545   891079  12.81
2010-2014       73      0.03295  0.03242  0.50   67519    2189   66425   822533  12.18
2010-2014       74      0.03579  0.03516  0.50   65330    2297   64182   756109  11.57
2010-2014       75      0.03956  0.03880  0.50   63033    2445   61811   691927  10.98
2010-2014       76      0.04419  0.04324  0.50   60588    2620   59278   630116  10.40
2010-2014       77      0.04880  0.04764  0.50   57968    2761   56588   570838   9.85
2010-2014       78      0.05434  0.05291  0.50   55207    2921   53746   514251   9.31
2010-2014       79      0.06001  0.05826  0.50   52286    3046   50763   460504   8.81
2010-2014       80      0.06411  0.06212  0.50   49240    3059   47711   409741   8.32
2010-2014       81      0.07121  0.06876  0.50   46181    3176   44593   362031   7.84
2010-2014       82      0.07886  0.07586  0.50   43006    3263   41374   317437   7.38
2010-2014       83      0.08658  0.08298  0.50   39743    3298   38094   276063   6.95
2010-2014       84      0.09691  0.09243  0.50   36445    3369   34761   237969   6.53
2010-2014       85      0.10678  0.10136  0.50   33076    3353   31400   203208   6.14
2010-2014       86      0.11589  0.10954  0.50   29724    3256   28096   171808   5.78
2010-2014       87      0.12797  0.12027  0.50   26468    3183   24876   143713   5.43
2010-2014       88      0.14144  0.13210  0.50   23284    3076   21746   118837   5.10
2010-2014       89      0.15049  0.13996  0.50   20208    2828   18794    97091   4.80
2010-2014       90      0.16496  0.15239  0.50   17380    2649   16056    78296   4.50
2010-2014       91      0.18252  0.16725  0.50   14731    2464   13500    62241   4.23
2010-2014       92      0.19922  0.18117  0.50   12268    2223   11156    48741   3.97
2010-2014       93      0.21619  0.19510  0.50   10045    1960    9065    37585   3.74
2010-2014       94      0.22947  0.20585  0.50    8085    1664    7253    28520   3.53
2010-2014       95      0.25067  0.22275  0.50    6421    1430    5706    21267   3.31
2010-2014       96      0.27081  0.23852  0.50    4991    1190    4395    15561   3.12
2010-2014       97      0.29194  0.25476  0.50    3800     968    3316    11165   2.94
2010-2014       98      0.31401  0.27140  0.50    2832     769    2448     7849   2.77
2010-2014       99      0.33695  0.28837  0.50    2063     595    1766     5401   2.62
2010-2014      100      0.36069  0.30558  0.50    1468     449    1244     3635   2.48
2010-2014      101      0.38512  0.32294  0.50    1020     329     855     2391   2.34
2010-2014      102      0.41015  0.34035  0.50     690     235     573     1536   2.22
2010-2014      103      0.43566  0.35773  0.50     455     163     374      963   2.12
2010-2014      104      0.46151  0.37498  0.50     293     110     238      589   2.01
2010-2014      105      0.48757  0.39200  0.50     183      72     147      352   1.92
2010-2014      106      0.51369  0.40872  0.50     111      45      88      205   1.84
2010-2014      107      0.53974  0.42504  0.50      66      28      52      116   1.77
2010-2014      108      0.56558  0.44090  0.50      38      17      29       64   1.70
2010-2014      109      0.59106  0.45623  0.50      21      10      16       35   1.65
2010-2014      110+     0.61607  1.00000  1.62      11      11      19       19   1.62
2015-2019        0      0.00443  0.00441  0.14  100000     441   99621  7708640  77.09
2015-2019        1      0.00034  0.00034  0.50   99559      34   99542  7609019  76.43
2015-2019        2      0.00021  0.00021  0.50   99525      21   99515  7509477  75.45
2015-2019        3      0.00018  0.00018  0.50   99504      18   99495  7409963  74.47
2015-2019        4      0.00013  0.00013  0.50   99486      13   99479  7310468  73.48
2015-2019        5      0.00013  0.00013  0.50   99473      13   99466  7210988  72.49
2015-2019        6      0.00012  0.00012  0.50   99460      12   99454  7111522  71.50
2015-2019        7      0.00011  0.00011  0.50   99448      10   99443  7012068  70.51
2015-2019        8      0.00011  0.00011  0.50   99437      11   99432  6912625  69.52
2015-2019        9      0.00012  0.00012  0.50   99426      11   99421  6813193  68.53
2015-2019       10      0.00014  0.00014  0.50   99415      14   99408  6713773  67.53
2015-2019       11      0.00013  0.00013  0.50   99401      13   99394  6614365  66.54
2015-2019       12      0.00013  0.00013  0.50   99388      13   99381  6514970  65.55
2015-2019       13      0.00015  0.00015  0.50   99375      15   99367  6415589  64.56
2015-2019       14      0.00020  0.00020  0.50   99360      20   99349  6316222  63.57
2015-2019       15      0.00028  0.00028  0.50   99339      28   99325  6216872  62.58
2015-2019       16      0.00034  0.00033  0.50   99312      33   99295  6117547  61.60
2015-2019       17      0.00040  0.00040  0.50   99278      40   99259  6018252  60.62
2015-2019       18      0.00069  0.00069  0.50   99239      69   99204  5918994  59.64
2015-2019       19      0.00059  0.00059  0.50   99170      58   99141  5819789  58.68
2015-2019       20      0.00060  0.00060  0.50   99112      59   99082  5720648  57.72
2015-2019       21      0.00062  0.00062  0.50   99052      62   99022  5621566  56.75
2015-2019       22      0.00062  0.00062  0.50   98991      61   98960  5522544  55.79
2015-2019       23      0.00062  0.00062  0.50   98930      61   98899  5423584  54.82
2015-2019       24      0.00062  0.00062  0.50   98869      61   98838  5324685  53.86
2015-2019       25      0.00066  0.00066  0.50   98808      65   98775  5225847  52.89
2015-2019       26      0.00060  0.00060  0.50   98742      59   98713  5127072  51.92
2015-2019       27      0.00068  0.00068  0.50   98683      67   98649  5028359  50.95
2015-2019       28      0.00073  0.00073  0.50   98616      72   98580  4929710  49.99
2015-2019       29      0.00075  0.00075  0.50   98544      74   98507  4831130  49.03
2015-2019       30      0.00083  0.00083  0.50   98470      82   98429  4732623  48.06
2015-2019       31      0.00096  0.00096  0.50   98388      94   98340  4634194  47.10
2015-2019       32      0.00104  0.00104  0.50   98293     102   98242  4535854  46.15
2015-2019       33      0.00119  0.00119  0.50   98191     117   98133  4437611  45.19
2015-2019       34      0.00128  0.00128  0.50   98074     125   98012  4339479  44.25
2015-2019       35      0.00142  0.00142  0.50   97949     139   97879  4241467  43.30
2015-2019       36      0.00155  0.00155  0.50   97810     151   97734  4143588  42.36
2015-2019       37      0.00177  0.00177  0.50   97658     173   97572  4045854  41.43
2015-2019       38      0.00202  0.00201  0.50   97486     196   97387  3948282  40.50
2015-2019       39      0.00221  0.00221  0.50   97289     215   97182  3850895  39.58
2015-2019       40      0.00242  0.00242  0.50   97074     235   96957  3753713  38.67
2015-2019       41      0.00275  0.00274  0.50   96840     266   96707  3656756  37.76
2015-2019       42      0.00293  0.00293  0.50   96574     283   96433  3560049  36.86
2015-2019       43      0.00332  0.00332  0.50   96292     319   96132  3463616  35.97
2015-2019       44      0.00361  0.00360  0.50   95972     346   95799  3367484  35.09
2015-2019       45      0.00391  0.00390  0.50   95626     373   95440  3271685  34.21
2015-2019       46      0.00415  0.00414  0.50   95254     395   95056  3176245  33.35
2015-2019       47      0.00449  0.00448  0.50   94859     425   94646  3081189  32.48
2015-2019       48      0.00485  0.00484  0.50   94434     457   94205  2986542  31.63
2015-2019       49      0.00534  0.00533  0.50   93977     501   93727  2892337  30.78
2015-2019       50      0.00555  0.00554  0.50   93476     517   93217  2798610  29.94
2015-2019       51      0.00602  0.00600  0.50   92959     558   92680  2705393  29.10
2015-2019       52      0.00643  0.00641  0.50   92401     592   92105  2612713  28.28
2015-2019       53      0.00692  0.00690  0.50   91809     633   91492  2520609  27.46
2015-2019       54      0.00727  0.00724  0.50   91175     660   90845  2429117  26.64
2015-2019       55      0.00781  0.00777  0.50   90515     704   90163  2338271  25.83
2015-2019       56      0.00841  0.00838  0.50   89811     752   89435  2248108  25.03
2015-2019       57      0.00884  0.00880  0.50   89059     784   88667  2158673  24.24
2015-2019       58      0.00934  0.00930  0.50   88276     821   87865  2070005  23.45
2015-2019       59      0.00991  0.00986  0.50   87455     862   87024  1982140  22.66
2015-2019       60      0.01035  0.01030  0.50   86593     892   86147  1895116  21.89
2015-2019       61      0.01109  0.01103  0.50   85701     945   85228  1808969  21.11
2015-2019       62      0.01192  0.01185  0.50   84756    1005   84254  1723741  20.34
2015-2019       63      0.01297  0.01288  0.50   83751    1079   83212  1639487  19.58
2015-2019       64      0.01399  0.01389  0.50   82672    1148   82098  1556275  18.82
2015-2019       65      0.01462  0.01451  0.50   81524    1183   80932  1474177  18.08
2015-2019       66      0.01575  0.01563  0.50   80341    1256   79713  1393245  17.34
2015-2019       67      0.01742  0.01727  0.50   79085    1366   78402  1313532  16.61
2015-2019       68      0.01868  0.01851  0.50   77719    1439   77000  1235130  15.89
2015-2019       69      0.02055  0.02034  0.50   76281    1551   75505  1158130  15.18
2015-2019       70      0.02267  0.02241  0.50   74730    1675   73892  1082625  14.49
2015-2019       71      0.02426  0.02397  0.50   73055    1751   72179  1008732  13.81
2015-2019       72      0.02745  0.02707  0.50   71304    1930   70338   936553  13.13
2015-2019       73      0.02938  0.02895  0.50   69373    2008   68369   866215  12.49
2015-2019       74      0.03352  0.03297  0.50   67365    2221   66254   797846  11.84
2015-2019       75      0.03727  0.03659  0.50   65144    2383   63952   731592  11.23
2015-2019       76      0.04031  0.03952  0.50   62760    2480   61520   667640  10.64
2015-2019       77      0.04486  0.04387  0.50   60280    2645   58958   606120  10.06
2015-2019       78      0.04974  0.04853  0.50   57636    2797   56237   547162   9.49
2015-2019       79      0.05488  0.05342  0.50   54839    2929   53374   490924   8.95
2015-2019       80      0.06189  0.06003  0.50   51909    3116   50351   437551   8.43
2015-2019       81      0.06867  0.06639  0.50   48793    3239   47173   387199   7.94
2015-2019       82      0.07793  0.07501  0.50   45554    3417   43845   340026   7.46
2015-2019       83      0.08499  0.08152  0.50   42137    3435   40419   296181   7.03
2015-2019       84      0.09460  0.09033  0.50   38701    3496   36954   255762   6.61
2015-2019       85      0.10321  0.09815  0.50   35206    3455   33478   218808   6.22
2015-2019       86      0.11287  0.10684  0.50   31750    3392   30054   185331   5.84
2015-2019       87      0.12447  0.11718  0.50   28358    3323   26697   155276   5.48
2015-2019       88      0.13777  0.12889  0.50   25035    3227   23422   128580   5.14
2015-2019       89      0.15062  0.14007  0.50   21808    3055   20281   105158   4.82
2015-2019       90      0.16613  0.15339  0.50   18754    2877   17315    84877   4.53
2015-2019       91      0.17986  0.16502  0.50   15877    2620   14567    67562   4.26
2015-2019       92      0.19627  0.17873  0.50   13257    2369   12072    52995   4.00
2015-2019       93      0.20984  0.18992  0.50   10887    2068    9854    40923   3.76
2015-2019       94      0.22636  0.20335  0.50    8820    1793    7923    31069   3.52
2015-2019       95      0.25129  0.22324  0.50    7026    1569    6242    23146   3.29
2015-2019       96      0.27200  0.23944  0.50    5458    1307    4804    16904   3.10
2015-2019       97      0.29376  0.25614  0.50    4151    1063    3619    12100   2.91
2015-2019       98      0.31649  0.27325  0.50    3088     844    2666     8480   2.75
2015-2019       99      0.34014  0.29070  0.50    2244     652    1918     5814   2.59
2015-2019      100      0.36461  0.30839  0.50    1592     491    1346     3896   2.45
2015-2019      101      0.38981  0.32622  0.50    1101     359     921     2550   2.32
2015-2019      102      0.41560  0.34410  0.50     742     255     614     1629   2.20
2015-2019      103      0.44187  0.36191  0.50     486     176     398     1015   2.09
2015-2019      104      0.46846  0.37956  0.50     310     118     252      616   1.99
2015-2019      105      0.49524  0.39695  0.50     193      76     154      365   1.89
2015-2019      106      0.52204  0.41398  0.50     116      48      92      211   1.81
2015-2019      107      0.54872  0.43058  0.50      68      29      53      118   1.74
2015-2019      108      0.57512  0.44667  0.50      39      17      30       65   1.68
2015-2019      109      0.60109  0.46219  0.50      21      10      16       35   1.63
2015-2019      110+     0.62651  1.00000  1.60      12      12      18       18   1.60
