Chile, Life tables (period 5x1), Total	Last modified: 20 Jul 2020;  Methods Protocol: v6 (2017)

  Year          Age         mx       qx    ax      lx      dx      Lx       Tx     ex
  1992           0      0.01507  0.01487  0.12  100000    1487   98689  7450118  74.50
  1992         1-4      0.00075  0.00300  1.44   98513     295  393297  7351429  74.62
  1992         5-9      0.00026  0.00132  2.52   98218     129  490769  6958132  70.84
  1992        10-14     0.00029  0.00145  2.72   98089     142  490118  6467363  65.93
  1992        15-19     0.00063  0.00316  2.77   97946     310  489040  5977245  61.03
  1992        20-24     0.00101  0.00502  2.52   97637     490  486968  5488204  56.21
  1992        25-29     0.00110  0.00549  2.48   97146     533  484389  5001237  51.48
  1992        30-34     0.00128  0.00638  2.58   96613     617  481571  4516848  46.75
  1992        35-39     0.00170  0.00847  2.58   95996     813  478011  4035277  42.04
  1992        40-44     0.00246  0.01224  2.66   95184    1165  473195  3557266  37.37
  1992        45-49     0.00369  0.01831  2.61   94019    1721  465984  3084070  32.80
  1992        50-54     0.00563  0.02776  2.61   92297    2562  455367  2618086  28.37
  1992        55-59     0.00897  0.04390  2.64   89736    3939  439399  2162719  24.10
  1992        60-64     0.01440  0.06968  2.66   85796    5978  415006  1723320  20.09
  1992        65-69     0.02260  0.10744  2.72   79818    8575  379520  1308314  16.39
  1992        70-74     0.03662  0.16820  2.58   71243   11983  327265   928794  13.04
  1992        75-79     0.05832  0.25528  2.56   59260   15128  259407   601529  10.15
  1992        80-84     0.08890  0.36454  2.53   44132   16088  180957   342122   7.75
  1992        85-89     0.13768  0.50653  2.39   28044   14205  103177   161165   5.75
  1992        90-94     0.20992  0.66268  2.22   13839    9171   43687    57988   4.19
  1992        95-99     0.30725  0.80243  2.02    4668    3746   12192    14301   3.06
  1992       100-104    0.42649  0.89801  1.78     922     828    1942     2109   2.29
  1992       105-109    0.55717  0.95089  1.54      94      89     161      167   1.78
  1992       110+       0.66360  1.00000  1.51       5       5       7        7   1.51
  1993           0      0.01377  0.01360  0.12  100000    1360   98805  7456156  74.56
  1993         1-4      0.00064  0.00257  1.42   98640     254  393906  7357351  74.59
  1993         5-9      0.00028  0.00138  2.39   98386     136  491576  6963445  70.78
  1993        10-14     0.00030  0.00148  2.65   98250     146  490908  6471869  65.87
  1993        15-19     0.00065  0.00327  2.79   98104     320  489813  5980961  60.97
  1993        20-24     0.00100  0.00498  2.53   97784     486  487720  5491148  56.16
  1993        25-29     0.00118  0.00588  2.47   97297     572  485040  5003428  51.42
  1993        30-34     0.00126  0.00629  2.50   96725     608  482108  4518388  46.71
  1993        35-39     0.00172  0.00856  2.60   96117     823  478612  4036280  41.99
  1993        40-44     0.00236  0.01174  2.60   95294    1118  473781  3557668  37.33
  1993        45-49     0.00379  0.01878  2.59   94176    1769  466622  3083886  32.75
  1993        50-54     0.00571  0.02816  2.65   92407    2602  455927  2617265  28.32
  1993        55-59     0.00900  0.04406  2.66   89805    3957  439760  2161337  24.07
  1993        60-64     0.01432  0.06929  2.66   85848    5948  415347  1721578  20.05
  1993        65-69     0.02234  0.10613  2.65   79900    8480  379594  1306231  16.35
  1993        70-74     0.03621  0.16641  2.57   71420   11885  328192   926638  12.97
  1993        75-79     0.05942  0.25935  2.55   59535   15440  259854   598446  10.05
  1993        80-84     0.08947  0.36598  2.51   44095   16138  180364   338592   7.68
  1993        85-89     0.14143  0.51702  2.40   27957   14454  102199   158228   5.66
  1993        90-94     0.21331  0.66958  2.22   13503    9041   42385    56030   4.15
  1993        95-99     0.30796  0.80308  2.02    4462    3583   11635    13644   3.06
  1993       100-104    0.42644  0.89791  1.78     879     789    1850     2010   2.29
  1993       105-109    0.55644  0.95065  1.54      90      85     153      160   1.78
  1993       110+       0.66250  1.00000  1.51       4       4       7        7   1.51
  1994           0      0.01274  0.01260  0.12  100000    1260   98895  7502869  75.03
  1994         1-4      0.00059  0.00236  1.53   98740     233  394383  7403973  74.98
  1994         5-9      0.00027  0.00133  2.31   98507     131  492181  7009591  71.16
  1994        10-14     0.00028  0.00142  2.69   98376     140  491556  6517409  66.25
  1994        15-19     0.00062  0.00311  2.65   98236     306  490463  6025853  61.34
  1994        20-24     0.00092  0.00459  2.56   97930     449  488555  5535390  56.52
  1994        25-29     0.00112  0.00559  2.57   97481     544  486080  5046836  51.77
  1994        30-34     0.00125  0.00623  2.57   96936     604  483211  4560756  47.05
  1994        35-39     0.00172  0.00855  2.62   96332     823  479703  4077544  42.33
  1994        40-44     0.00237  0.01179  2.64   95509    1126  474886  3597841  37.67
  1994        45-49     0.00402  0.01992  2.64   94383    1880  467483  3122955  33.09
  1994        50-54     0.00590  0.02908  2.66   92503    2690  456217  2655472  28.71
  1994        55-59     0.00901  0.04415  2.68   89813    3965  439865  2199255  24.49
  1994        60-64     0.01401  0.06782  2.62   85848    5822  415404  1759391  20.49
  1994        65-69     0.02149  0.10231  2.67   80026    8188  381071  1343986  16.79
  1994        70-74     0.03535  0.16288  2.59   71838   11701  331028   962915  13.40
  1994        75-79     0.05413  0.23975  2.62   60138   14418  266380   631887  10.51
  1994        80-84     0.08432  0.34816  2.50   45720   15918  188776   365508   7.99
  1994        85-89     0.13394  0.49801  2.43   29802   14842  110808   176732   5.93
  1994        90-94     0.19809  0.64090  2.25   14960    9588   48401    65924   4.41
  1994        95-99     0.28605  0.77747  2.06    5372    4177   14602    17523   3.26
  1994       100-104    0.39707  0.87936  1.83    1195    1051    2647     2921   2.44
  1994       105-109    0.52185  0.93983  1.60     144     136     260      274   1.90
  1994       110+       0.62556  1.00000  1.60       9       9      14       14   1.60
  1995           0      0.01158  0.01146  0.13  100000    1146   98998  7494896  74.95
  1995         1-4      0.00069  0.00276  1.51   98854     273  394734  7395898  74.82
  1995         5-9      0.00024  0.00121  2.43   98581     120  492597  7001164  71.02
  1995        10-14     0.00028  0.00139  2.88   98461     137  492015  6508566  66.10
  1995        15-19     0.00062  0.00309  2.76   98324     304  490938  6016551  61.19
  1995        20-24     0.00097  0.00483  2.58   98020     473  488952  5525613  56.37
  1995        25-29     0.00108  0.00541  2.59   97547     528  486463  5036662  51.63
  1995        30-34     0.00127  0.00631  2.60   97019     612  483627  4550199  46.90
  1995        35-39     0.00172  0.00858  2.66   96407     827  480101  4066572  42.18
  1995        40-44     0.00249  0.01235  2.69   95579    1181  475165  3586471  37.52
  1995        45-49     0.00394  0.01953  2.74   94399    1843  467820  3111306  32.96
  1995        50-54     0.00593  0.02926  2.69   92555    2708  456512  2643486  28.56
  1995        55-59     0.00907  0.04441  2.65   89847    3991  439843  2186974  24.34
  1995        60-64     0.01487  0.07187  2.66   85857    6171  414831  1747131  20.35
  1995        65-69     0.02153  0.10238  2.61   79686    8158  378961  1332300  16.72
  1995        70-74     0.03668  0.16871  2.63   71528   12068  329041   953339  13.33
  1995        75-79     0.05393  0.23896  2.62   59461   14209  263482   624299  10.50
  1995        80-84     0.08471  0.34973  2.51   45252   15826  186827   360817   7.97
  1995        85-89     0.13326  0.49451  2.39   29426   14552  109197   173990   5.91
  1995        90-94     0.20143  0.64796  2.25   14874    9638   47848    64792   4.36
  1995        95-99     0.28861  0.78068  2.06    5236    4088   14164    16945   3.24
  1995       100-104    0.40099  0.88205  1.83    1148    1013    2526     2781   2.42
  1995       105-109    0.52697  0.94160  1.59     135     128     242      255   1.88
  1995       110+       0.63147  1.00000  1.58       8       8      13       13   1.58
  1996           0      0.01183  0.01171  0.13  100000    1171   98975  7524254  75.24
  1996         1-4      0.00052  0.00209  1.49   98829     207  394796  7425279  75.13
  1996         5-9      0.00024  0.00120  2.39   98622     118  492801  7030483  71.29
  1996        10-14     0.00030  0.00148  2.77   98504     146  492193  6537682  66.37
  1996        15-19     0.00062  0.00310  2.84   98358     305  491130  6045489  61.46
  1996        20-24     0.00100  0.00498  2.55   98053     488  489070  5554359  56.65
  1996        25-29     0.00104  0.00520  2.55   97565     507  486581  5065290  51.92
  1996        30-34     0.00131  0.00653  2.53   97057     634  483723  4578709  47.18
  1996        35-39     0.00165  0.00820  2.68   96424     790  480286  4094985  42.47
  1996        40-44     0.00234  0.01166  2.67   95633    1115  475569  3614699  37.80
  1996        45-49     0.00376  0.01863  2.73   94518    1761  468598  3139130  33.21
  1996        50-54     0.00596  0.02940  2.66   92758    2727  457402  2670533  28.79
  1996        55-59     0.00861  0.04219  2.61   90031    3798  441084  2213130  24.58
  1996        60-64     0.01402  0.06785  2.66   86233    5851  417483  1772047  20.55
  1996        65-69     0.02143  0.10187  2.58   80382    8189  382052  1354563  16.85
  1996        70-74     0.03480  0.16069  2.62   72193   11601  333333   972512  13.47
  1996        75-79     0.05409  0.23931  2.59   60592   14500  268058   639178  10.55
  1996        80-84     0.08349  0.34597  2.53   46092   15946  190993   371120   8.05
  1996        85-89     0.13275  0.49322  2.40   30146   14868  112006   180127   5.98
  1996        90-94     0.19514  0.63602  2.26   15277    9717   49794    68121   4.46
  1996        95-99     0.28266  0.77323  2.07    5561    4300   15211    18327   3.30
  1996       100-104    0.39228  0.87600  1.84    1261    1105    2816     3116   2.47
  1996       105-109    0.51577  0.93767  1.61     156     147     284      300   1.92
  1996       110+       0.61863  1.00000  1.62      10      10      16       16   1.62
  1997           0      0.01048  0.01038  0.13  100000    1038   99095  7582532  75.83
  1997         1-4      0.00050  0.00198  1.81   98962     196  395417  7483438  75.62
  1997         5-9      0.00028  0.00142  2.30   98766     140  493451  7088021  71.77
  1997        10-14     0.00029  0.00145  2.50   98626     143  492771  6594570  66.86
  1997        15-19     0.00055  0.00276  2.79   98483     272  491812  6101799  61.96
  1997        20-24     0.00095  0.00474  2.59   98211     465  489933  5609987  57.12
  1997        25-29     0.00106  0.00527  2.61   97745     515  487494  5120055  52.38
  1997        30-34     0.00130  0.00647  2.60   97230     629  484638  4632561  47.65
  1997        35-39     0.00157  0.00783  2.60   96601     756  481189  4147923  42.94
  1997        40-44     0.00238  0.01183  2.66   95845    1134  476575  3666734  38.26
  1997        45-49     0.00341  0.01694  2.70   94711    1604  469862  3190159  33.68
  1997        50-54     0.00558  0.02755  2.59   93107    2565  459364  2720297  29.22
  1997        55-59     0.00846  0.04147  2.65   90542    3755  443869  2260933  24.97
  1997        60-64     0.01269  0.06166  2.69   86787    5351  421557  1817064  20.94
  1997        65-69     0.02063  0.09836  2.64   81435    8010  388300  1395506  17.14
  1997        70-74     0.03248  0.15093  2.66   73426   11082  341203  1007207  13.72
  1997        75-79     0.05019  0.22336  2.54   62344   13925  277476   666004  10.68
  1997        80-84     0.08089  0.33697  2.52   48418   16316  201707   388528   8.02
  1997        85-89     0.13337  0.49554  2.41   32103   15908  119282   186821   5.82
  1997        90-94     0.21068  0.66874  2.27   16195   10830   51406    67539   4.17
  1997        95-99     0.31300  0.80976  2.02    5365    4344   13879    16133   3.01
  1997       100-104    0.44250  0.90762  1.75    1021     926    2093     2254   2.21
  1997       105-109    0.58284  0.95796  1.50      94      90     155      161   1.70
  1997       110+       0.69512  1.00000  1.44       4       4       6        6   1.44
  1998           0      0.01098  0.01088  0.13  100000    1088   99050  7593537  75.94
  1998         1-4      0.00056  0.00225  1.76   98912     222  395152  7494487  75.77
  1998         5-9      0.00025  0.00124  2.33   98690     123  493123  7099335  71.94
  1998        10-14     0.00024  0.00118  2.68   98567     117  492567  6606211  67.02
  1998        15-19     0.00057  0.00284  2.85   98451     280  491651  6113644  62.10
  1998        20-24     0.00086  0.00429  2.57   98171     421  489832  5621993  57.27
  1998        25-29     0.00103  0.00514  2.52   97750     502  487504  5132161  52.50
  1998        30-34     0.00124  0.00617  2.62   97248     600  484809  4644657  47.76
  1998        35-39     0.00150  0.00747  2.54   96648     722  481463  4159848  43.04
  1998        40-44     0.00219  0.01090  2.61   95926    1045  477134  3678385  38.35
  1998        45-49     0.00322  0.01598  2.61   94880    1516  470782  3201250  33.74
  1998        50-54     0.00532  0.02628  2.70   93364    2454  461186  2730469  29.25
  1998        55-59     0.00839  0.04115  2.65   90910    3741  445750  2269283  24.96
  1998        60-64     0.01263  0.06134  2.68   87169    5347  423450  1823533  20.92
  1998        65-69     0.01975  0.09433  2.63   81823    7718  390815  1400083  17.11
  1998        70-74     0.03229  0.15002  2.64   74105   11117  344264  1009268  13.62
  1998        75-79     0.05186  0.22976  2.52   62988   14472  279049   665004  10.56
  1998        80-84     0.08128  0.33809  2.51   48515   16403  201801   385955   7.96
  1998        85-89     0.13497  0.50131  2.44   32113   16098  119273   184154   5.73
  1998        90-94     0.21895  0.67974  2.21   16014   10886   49719    64881   4.05
  1998        95-99     0.31931  0.81629  2.01    5129    4187   13111    15163   2.96
  1998       100-104    0.44946  0.91108  1.74     942     858    1910     2051   2.18
  1998       105-109    0.58881  0.95927  1.49      84      80     136      141   1.69
  1998       110+       0.69949  1.00000  1.43       3       3       5        5   1.43
  1999           0      0.01060  0.01050  0.13  100000    1050   99084  7612749  76.13
  1999         1-4      0.00045  0.00179  1.80   98950     177  395409  7513665  75.93
  1999         5-9      0.00022  0.00112  2.41   98773     111  493577  7118255  72.07
  1999        10-14     0.00023  0.00114  2.68   98662     112  493049  6624679  67.15
  1999        15-19     0.00054  0.00269  2.79   98549     265  492161  6131630  62.22
  1999        20-24     0.00083  0.00416  2.59   98284     409  490435  5639469  57.38
  1999        25-29     0.00102  0.00511  2.60   97875     500  488172  5149034  52.61
  1999        30-34     0.00120  0.00598  2.57   97375     583  485455  4660862  47.87
  1999        35-39     0.00144  0.00718  2.60   96792     695  482292  4175407  43.14
  1999        40-44     0.00219  0.01089  2.67   96097    1046  478048  3693115  38.43
  1999        45-49     0.00325  0.01612  2.67   95051    1532  471684  3215067  33.82
  1999        50-54     0.00507  0.02507  2.71   93519    2345  462228  2743383  29.34
  1999        55-59     0.00812  0.03985  2.66   91174    3633  447373  2281155  25.02
  1999        60-64     0.01172  0.05707  2.68   87541    4996  426140  1833782  20.95
  1999        65-69     0.02004  0.09564  2.63   82546    7895  394050  1407642  17.05
  1999        70-74     0.03103  0.14447  2.62   74650   10785  347623  1013592  13.58
  1999        75-79     0.05253  0.23313  2.59   63865   14889  283449   665969  10.43
  1999        80-84     0.08455  0.34988  2.54   48976   17136  202669   382520   7.81
  1999        85-89     0.13848  0.50979  2.41   31840   16232  117218   179851   5.65
  1999        90-94     0.22013  0.68610  2.26   15608   10709   48649    62634   4.01
  1999        95-99     0.33238  0.82936  1.98    4899    4063   12225    13984   2.85
  1999       100-104    0.46622  0.91920  1.71     836     768    1648     1759   2.10
  1999       105-109    0.60702  0.96329  1.46      68      65     107      111   1.64
  1999       110+       0.71719  1.00000  1.39       2       2       3        3   1.39
  2000           0      0.00968  0.00960  0.13  100000     960   99165  7685550  76.86
  2000         1-4      0.00044  0.00176  1.83   99040     174  395783  7586385  76.60
  2000         5-9      0.00022  0.00111  2.50   98866     110  494056  7190602  72.73
  2000        10-14     0.00022  0.00110  2.54   98756     108  493516  6696546  67.81
  2000        15-19     0.00054  0.00272  2.93   98648     268  492685  6203030  62.88
  2000        20-24     0.00082  0.00412  2.57   98380     405  490915  5710346  58.04
  2000        25-29     0.00096  0.00480  2.55   97975     470  488720  5219430  53.27
  2000        30-34     0.00113  0.00564  2.59   97505     550  486197  4730710  48.52
  2000        35-39     0.00141  0.00703  2.67   96955     681  483186  4244512  43.78
  2000        40-44     0.00206  0.01026  2.74   96274     988  479134  3761327  39.07
  2000        45-49     0.00317  0.01572  2.66   95286    1498  472929  3282192  34.45
  2000        50-54     0.00493  0.02436  2.77   93788    2285  463838  2809263  29.95
  2000        55-59     0.00760  0.03733  2.65   91503    3415  449477  2345425  25.63
  2000        60-64     0.01152  0.05606  2.62   88087    4938  428670  1895948  21.52
  2000        65-69     0.01906  0.09124  2.66   83149    7586  397992  1467279  17.65
  2000        70-74     0.02924  0.13667  2.61   75563   10327  353138  1069287  14.15
  2000        75-79     0.04919  0.21988  2.59   65236   14344  291615   716149  10.98
  2000        80-84     0.07471  0.31575  2.55   50891   16069  215097   424533   8.34
  2000        85-89     0.12403  0.47146  2.46   34822   16417  132363   209437   6.01
  2000        90-94     0.20759  0.66240  2.27   18405   12191   58727    77074   4.19
  2000        95-99     0.31884  0.81704  2.02    6213    5077   15922    18347   2.95
  2000       100-104    0.45904  0.91669  1.72    1137    1042    2270     2425   2.13
  2000       105-109    0.60884  0.96410  1.46      95      91     150      155   1.63
  2000       110+       0.72593  1.00000  1.38       3       3       5        5   1.38
  2001           0      0.00914  0.00907  0.13  100000     907   99212  7673204  76.73
  2001         1-4      0.00051  0.00205  1.52   99093     203  395870  7573992  76.43
  2001         5-9      0.00022  0.00111  2.41   98890     109  494169  7178122  72.59
  2001        10-14     0.00023  0.00116  2.81   98781     114  493656  6683953  67.66
  2001        15-19     0.00056  0.00282  2.79   98667     278  492722  6190298  62.74
  2001        20-24     0.00085  0.00425  2.47   98389     418  490888  5697576  57.91
  2001        25-29     0.00101  0.00502  2.45   97971     492  488601  5206688  53.15
  2001        30-34     0.00120  0.00598  2.62   97479     583  486009  4718087  48.40
  2001        35-39     0.00147  0.00735  2.62   96896     712  482786  4232078  43.68
  2001        40-44     0.00208  0.01037  2.70   96184     997  478629  3749292  38.98
  2001        45-49     0.00315  0.01562  2.64   95187    1487  472424  3270663  34.36
  2001        50-54     0.00497  0.02456  2.72   93700    2301  463263  2798239  29.86
  2001        55-59     0.00796  0.03907  2.64   91399    3571  448582  2334976  25.55
  2001        60-64     0.01204  0.05849  2.59   87827    5137  426744  1886394  21.48
  2001        65-69     0.01931  0.09245  2.69   82690    7645  395824  1459650  17.65
  2001        70-74     0.02964  0.13823  2.57   75045   10374  350017  1063826  14.18
  2001        75-79     0.04809  0.21585  2.63   64671   13959  290249   713809  11.04
  2001        80-84     0.07650  0.32165  2.53   50712   16312  213220   423560   8.35
  2001        85-89     0.12403  0.47151  2.46   34400   16220  130773   210340   6.11
  2001        90-94     0.19834  0.64742  2.32   18180   11770   59344    79567   4.38
  2001        95-99     0.29589  0.79088  2.06    6410    5069   17133    20223   3.15
  2001       100-104    0.42237  0.89660  1.79    1340    1202    2845     3090   2.31
  2001       105-109    0.56239  0.95285  1.53     139     132     235      244   1.76
  2001       110+       0.67614  1.00000  1.48       7       7      10       10   1.48
  2002           0      0.00862  0.00856  0.13  100000     856   99257  7726310  77.26
  2002         1-4      0.00049  0.00195  1.61   99144     193  396116  7627053  76.93
  2002         5-9      0.00020  0.00098  2.40   98951      97  494506  7230938  73.08
  2002        10-14     0.00025  0.00125  2.77   98855     124  493998  6736431  68.14
  2002        15-19     0.00051  0.00257  2.80   98731     254  493096  6242433  63.23
  2002        20-24     0.00083  0.00413  2.58   98477     406  491403  5749337  58.38
  2002        25-29     0.00095  0.00473  2.56   98071     464  489223  5257933  53.61
  2002        30-34     0.00104  0.00520  2.57   97607     507  486801  4768710  48.86
  2002        35-39     0.00137  0.00683  2.60   97100     663  483907  4281908  44.10
  2002        40-44     0.00199  0.00988  2.63   96436     953  479928  3798001  39.38
  2002        45-49     0.00308  0.01528  2.67   95483    1459  474016  3318074  34.75
  2002        50-54     0.00463  0.02289  2.68   94024    2152  465133  2844058  30.25
  2002        55-59     0.00763  0.03747  2.68   91872    3443  451376  2378925  25.89
  2002        60-64     0.01150  0.05598  2.61   88429    4950  430306  1927549  21.80
  2002        65-69     0.01850  0.08875  2.71   83479    7409  400412  1497243  17.94
  2002        70-74     0.02984  0.13929  2.61   76070   10596  355032  1096831  14.42
  2002        75-79     0.04647  0.20916  2.61   65475   13695  294685   741800  11.33
  2002        80-84     0.07393  0.31257  2.53   51780   16185  218910   447115   8.63
  2002        85-89     0.11641  0.44875  2.45   35595   15974  137217   228205   6.41
  2002        90-94     0.18355  0.61676  2.34   19622   12102   65933    90988   4.64
  2002        95-99     0.27780  0.76845  2.09    7520    5779   20801    25055   3.33
  2002       100-104    0.39654  0.88003  1.84    1741    1532    3864     4254   2.44
  2002       105-109    0.53076  0.94338  1.58     209     197     371      390   1.87
  2002       110+       0.64191  1.00000  1.56      12      12      18       18   1.56
  2003           0      0.00832  0.00826  0.13  100000     826   99283  7732985  77.33
  2003         1-4      0.00044  0.00175  1.51   99174     173  396264  7633702  76.97
  2003         5-9      0.00020  0.00098  2.22   99000      97  494733  7237439  73.11
  2003        10-14     0.00022  0.00111  2.75   98904     110  494271  6742706  68.17
  2003        15-19     0.00047  0.00236  2.75   98794     234  493444  6248434  63.25
  2003        20-24     0.00081  0.00406  2.53   98560     400  491813  5754990  58.39
  2003        25-29     0.00089  0.00445  2.60   98160     437  489751  5263177  53.62
  2003        30-34     0.00108  0.00539  2.59   97723     526  487345  4773426  48.85
  2003        35-39     0.00138  0.00687  2.58   97197     668  484367  4286081  44.10
  2003        40-44     0.00189  0.00940  2.60   96529     908  480468  3801713  39.38
  2003        45-49     0.00303  0.01506  2.63   95621    1440  474688  3321246  34.73
  2003        50-54     0.00463  0.02292  2.61   94181    2159  465755  2846558  30.22
  2003        55-59     0.00768  0.03774  2.66   92023    3473  451999  2380803  25.87
  2003        60-64     0.01188  0.05778  2.61   88550    5116  430533  1928804  21.78
  2003        65-69     0.01773  0.08513  2.66   83434    7103  400575  1498272  17.96
  2003        70-74     0.02928  0.13675  2.59   76331   10438  356511  1097697  14.38
  2003        75-79     0.04632  0.20845  2.60   65893   13735  296507   741186  11.25
  2003        80-84     0.07555  0.31839  2.53   52157   16606  219819   444679   8.53
  2003        85-89     0.11843  0.45581  2.47   35551   16204  136829   224860   6.33
  2003        90-94     0.18836  0.62434  2.30   19347   12079   64127    88031   4.55
  2003        95-99     0.28210  0.77386  2.08    7268    5624   19937    23905   3.29
  2003       100-104    0.40176  0.88347  1.83    1644    1452    3614     3968   2.41
  2003       105-109    0.53621  0.94507  1.57     192     181     338      354   1.85
  2003       110+       0.64707  1.00000  1.55      11      11      16       16   1.55
  2004           0      0.00884  0.00878  0.13  100000     878   99237  7737619  77.38
  2004         1-4      0.00042  0.00169  1.48   99122     167  396068  7638382  77.06
  2004         5-9      0.00019  0.00093  2.49   98955      92  494544  7242314  73.19
  2004        10-14     0.00022  0.00112  2.67   98863     111  494057  6747770  68.25
  2004        15-19     0.00054  0.00269  2.89   98752     266  493201  6253714  63.33
  2004        20-24     0.00079  0.00395  2.54   98487     389  491476  5760513  58.49
  2004        25-29     0.00088  0.00440  2.47   98098     432  489397  5269037  53.71
  2004        30-34     0.00107  0.00533  2.61   97666     521  487086  4779639  48.94
  2004        35-39     0.00137  0.00684  2.62   97145     665  484144  4292553  44.19
  2004        40-44     0.00192  0.00957  2.57   96481     923  480158  3808409  39.47
  2004        45-49     0.00293  0.01457  2.66   95557    1392  474525  3328251  34.83
  2004        50-54     0.00449  0.02220  2.63   94165    2090  465876  2853727  30.31
  2004        55-59     0.00714  0.03512  2.65   92075    3233  452787  2387851  25.93
  2004        60-64     0.01143  0.05567  2.64   88842    4945  432544  1935064  21.78
  2004        65-69     0.01736  0.08342  2.65   83896    6999  403052  1502520  17.91
  2004        70-74     0.02972  0.13879  2.62   76897   10673  359106  1099468  14.30
  2004        75-79     0.04619  0.20830  2.65   66225   13794  298656   740362  11.18
  2004        80-84     0.07495  0.31620  2.53   52430   16579  221196   441705   8.42
  2004        85-89     0.12285  0.46811  2.46   35852   16782  136613   220509   6.15
  2004        90-94     0.19639  0.64152  2.30   19069   12233   62291    83896   4.40
  2004        95-99     0.29541  0.79023  2.06    6836    5402   18287    21605   3.16
  2004       100-104    0.42068  0.89544  1.79    1434    1284    3052     3318   2.31
  2004       105-109    0.55867  0.95172  1.54     150     143     255      266   1.78
  2004       110+       0.67063  1.00000  1.49       7       7      11       11   1.49
  2005           0      0.00836  0.00830  0.13  100000     830   99280  7777029  77.77
  2005         1-4      0.00037  0.00148  1.46   99170     147  396309  7677750  77.42
  2005         5-9      0.00018  0.00091  2.46   99024      91  494888  7281440  73.53
  2005        10-14     0.00020  0.00100  2.73   98933      99  494442  6786552  68.60
  2005        15-19     0.00054  0.00269  2.85   98835     266  493601  6292110  63.66
  2005        20-24     0.00075  0.00375  2.56   98569     370  491943  5798508  58.83
  2005        25-29     0.00085  0.00423  2.52   98199     415  489965  5306565  54.04
  2005        30-34     0.00107  0.00532  2.62   97784     521  487684  4816600  49.26
  2005        35-39     0.00136  0.00676  2.64   97264     658  484766  4328916  44.51
  2005        40-44     0.00185  0.00920  2.59   96606     889  480890  3844150  39.79
  2005        45-49     0.00277  0.01378  2.68   95717    1319  475524  3363260  35.14
  2005        50-54     0.00423  0.02095  2.66   94398    1978  467356  2887736  30.59
  2005        55-59     0.00686  0.03377  2.72   92421    3121  455002  2420381  26.19
  2005        60-64     0.01111  0.05418  2.68   89300    4838  435255  1965378  22.01
  2005        65-69     0.01683  0.08092  2.61   84462    6834  405991  1530123  18.12
  2005        70-74     0.02862  0.13408  2.65   77627   10409  363709  1124132  14.48
  2005        75-79     0.04547  0.20481  2.58   67219   13767  302801   760423  11.31
  2005        80-84     0.07418  0.31353  2.53   53452   16759  225908   457623   8.56
  2005        85-89     0.11890  0.45677  2.46   36693   16761  140960   231714   6.31
  2005        90-94     0.18839  0.62415  2.30   19933   12441   66038    90754   4.55
  2005        95-99     0.28125  0.77266  2.08    7492    5789   20582    24716   3.30
  2005       100-104    0.39948  0.88180  1.83    1703    1502    3759     4134   2.43
  2005       105-109    0.53203  0.94364  1.58     201     190     357      375   1.86
  2005       110+       0.64138  1.00000  1.56      11      11      18       18   1.56
  2006           0      0.00799  0.00793  0.13  100000     793   99312  7817323  78.17
  2006         1-4      0.00038  0.00152  1.57   99207     150  396462  7718010  77.80
  2006         5-9      0.00018  0.00091  2.37   99056      90  495045  7321548  73.91
  2006        10-14     0.00022  0.00111  2.67   98966     110  494575  6826504  68.98
  2006        15-19     0.00049  0.00246  2.81   98856     243  493750  6331928  64.05
  2006        20-24     0.00074  0.00370  2.62   98613     365  492199  5838178  59.20
  2006        25-29     0.00086  0.00428  2.60   98248     420  490231  5345980  54.41
  2006        30-34     0.00106  0.00528  2.61   97828     517  487903  4855749  49.64
  2006        35-39     0.00131  0.00655  2.66   97311     637  485063  4367846  44.89
  2006        40-44     0.00188  0.00938  2.67   96674     907  481258  3882783  40.16
  2006        45-49     0.00270  0.01343  2.71   95767    1286  475891  3401525  35.52
  2006        50-54     0.00421  0.02084  2.69   94481    1969  467865  2925634  30.97
  2006        55-59     0.00660  0.03254  2.73   92512    3010  455738  2457769  26.57
  2006        60-64     0.01075  0.05240  2.65   89502    4690  436474  2002031  22.37
  2006        65-69     0.01665  0.08008  2.62   84812    6792  407885  1565557  18.46
  2006        70-74     0.02677  0.12596  2.66   78020    9828  367069  1157672  14.84
  2006        75-79     0.04343  0.19643  2.57   68193   13395  308441   790603  11.59
  2006        80-84     0.07131  0.30303  2.52   54798   16605  232854   482162   8.80
  2006        85-89     0.11242  0.43654  2.44   38192   16673  148311   249308   6.53
  2006        90-94     0.18141  0.61228  2.35   21520   13176   72632   100998   4.69
  2006        95-99     0.27126  0.75993  2.11    8344    6341   23375    28366   3.40
  2006       100-104    0.38807  0.87415  1.86    2003    1751    4512     4991   2.49
  2006       105-109    0.52096  0.94012  1.60     252     237     455      479   1.90
  2006       110+       0.63158  1.00000  1.58      15      15      24       24   1.58
  2007           0      0.00857  0.00851  0.13  100000     851   99261  7763171  77.63
  2007         1-4      0.00034  0.00135  1.54   99149     133  396269  7663910  77.30
  2007         5-9      0.00018  0.00088  2.56   99016      87  494867  7267641  73.40
  2007        10-14     0.00020  0.00098  2.65   98929      97  494417  6772774  68.46
  2007        15-19     0.00051  0.00256  2.71   98832     253  493580  6278357  63.53
  2007        20-24     0.00076  0.00378  2.62   98579     372  492009  5784777  58.68
  2007        25-29     0.00089  0.00446  2.55   98207     438  489964  5292768  53.89
  2007        30-34     0.00103  0.00515  2.62   97769     503  487649  4802804  49.12
  2007        35-39     0.00137  0.00681  2.60   97266     663  484741  4315155  44.36
  2007        40-44     0.00188  0.00935  2.67   96603     903  480917  3830413  39.65
  2007        45-49     0.00287  0.01427  2.67   95701    1366  475322  3349497  35.00
  2007        50-54     0.00428  0.02121  2.67   94335    2001  467004  2874175  30.47
  2007        55-59     0.00681  0.03353  2.70   92334    3096  454557  2407171  26.07
  2007        60-64     0.01128  0.05494  2.66   89238    4902  434696  1952614  21.88
  2007        65-69     0.01758  0.08441  2.64   84336    7119  404851  1517917  18.00
  2007        70-74     0.02678  0.12620  2.72   77217    9745  363896  1113066  14.41
  2007        75-79     0.04601  0.20729  2.61   67472   13986  303991   749170  11.10
  2007        80-84     0.07736  0.32485  2.53   53486   17375  224588   445180   8.32
  2007        85-89     0.12358  0.46872  2.42   36111   16926  136968   220592   6.11
  2007        90-94     0.19894  0.64628  2.29   19185   12399   62324    83624   4.36
  2007        95-99     0.29788  0.79299  2.05    6786    5381   18066    21299   3.14
  2007       100-104    0.42320  0.89689  1.79    1405    1260    2977     3233   2.30
  2007       105-109    0.56130  0.95244  1.53     145     138     246      256   1.77
  2007       110+       0.67340  1.00000  1.49       7       7      10       10   1.49
  2008           0      0.00806  0.00800  0.13  100000     800   99306  7823863  78.24
  2008         1-4      0.00033  0.00131  1.47   99200     130  396470  7724556  77.87
  2008         5-9      0.00019  0.00093  2.42   99070      92  495110  7328086  73.97
  2008        10-14     0.00021  0.00106  2.83   98977     105  494659  6832977  69.04
  2008        15-19     0.00054  0.00268  2.81   98873     265  493782  6338317  64.11
  2008        20-24     0.00081  0.00402  2.56   98607     397  492068  5844535  59.27
  2008        25-29     0.00086  0.00431  2.56   98211     424  490021  5352467  54.50
  2008        30-34     0.00110  0.00550  2.58   97787     537  487636  4862446  49.72
  2008        35-39     0.00135  0.00673  2.61   97250     654  484684  4374810  44.99
  2008        40-44     0.00184  0.00917  2.61   96596     886  480859  3890125  40.27
  2008        45-49     0.00269  0.01338  2.60   95710    1280  475480  3409267  35.62
  2008        50-54     0.00432  0.02141  2.65   94430    2021  467390  2933786  31.07
  2008        55-59     0.00648  0.03193  2.69   92408    2951  455224  2466396  26.69
  2008        60-64     0.01084  0.05285  2.65   89458    4728  436193  2011172  22.48
  2008        65-69     0.01657  0.07973  2.62   84729    6755  407554  1574980  18.59
  2008        70-74     0.02535  0.11966  2.66   77974    9330  368068  1167426  14.97
  2008        75-79     0.04215  0.19145  2.61   68644   13142  311818   799358  11.64
  2008        80-84     0.07297  0.30937  2.54   55502   17171  235323   487540   8.78
  2008        85-89     0.11205  0.43705  2.48   38331   16753  149515   252218   6.58
  2008        90-94     0.17852  0.60374  2.32   21579   13028   72978   102703   4.76
  2008        95-99     0.26456  0.75049  2.12    8551    6417   24256    29725   3.48
  2008       100-104    0.37631  0.86522  1.88    2134    1846    4905     5469   2.56
  2008       105-109    0.50470  0.93415  1.63     288     269     532      563   1.96
  2008       110+       0.61253  1.00000  1.63      19      19      31       31   1.63
  2009           0      0.00807  0.00801  0.13  100000     801   99305  7841830  78.42
  2009         1-4      0.00034  0.00135  1.55   99199     134  396467  7742525  78.05
  2009         5-9      0.00016  0.00081  2.35   99065      81  495111  7346057  74.15
  2009        10-14     0.00018  0.00090  2.77   98984      89  494722  6850947  69.21
  2009        15-19     0.00053  0.00265  2.77   98895     263  493890  6356225  64.27
  2009        20-24     0.00081  0.00403  2.60   98632     398  492207  5862335  59.44
  2009        25-29     0.00090  0.00449  2.62   98235     441  490123  5370128  54.67
  2009        30-34     0.00100  0.00499  2.56   97793     488  487777  4880005  49.90
  2009        35-39     0.00128  0.00639  2.54   97305     622  485000  4392228  45.14
  2009        40-44     0.00186  0.00925  2.65   96684     895  481319  3907229  40.41
  2009        45-49     0.00274  0.01359  2.66   95789    1302  475901  3425910  35.77
  2009        50-54     0.00423  0.02097  2.66   94487    1981  467803  2950009  31.22
  2009        55-59     0.00647  0.03185  2.63   92506    2946  455538  2482207  26.83
  2009        60-64     0.01045  0.05101  2.68   89559    4568  437218  2026668  22.63
  2009        65-69     0.01622  0.07813  2.64   84991    6641  409292  1589450  18.70
  2009        70-74     0.02421  0.11452  2.64   78350    8973  370572  1180158  15.06
  2009        75-79     0.04158  0.18922  2.63   69378   13128  315733   809587  11.67
  2009        80-84     0.07171  0.30499  2.55   56250   17156  239240   493853   8.78
  2009        85-89     0.11435  0.44292  2.46   39094   17315  151422   254613   6.51
  2009        90-94     0.17867  0.60262  2.30   21779   13124   73454   103192   4.74
  2009        95-99     0.26813  0.75545  2.11    8654    6538   24384    29738   3.44
  2009       100-104    0.38173  0.86933  1.87    2116    1840    4820     5354   2.53
  2009       105-109    0.51162  0.93673  1.62     277     259     506      535   1.93
  2009       110+       0.62038  1.00000  1.61      17      17      28       28   1.61
  2010           0      0.00746  0.00741  0.13  100000     741   99358  7819168  78.19
  2010         1-4      0.00033  0.00130  1.60   99259     129  396727  7719809  77.77
  2010         5-9      0.00016  0.00081  2.46   99130      81  495446  7323082  73.87
  2010        10-14     0.00018  0.00092  2.70   99050      91  495038  6827636  68.93
  2010        15-19     0.00052  0.00258  2.77   98959     255  494223  6332598  63.99
  2010        20-24     0.00076  0.00378  2.59   98703     373  492614  5838375  59.15
  2010        25-29     0.00086  0.00429  2.50   98330     422  490593  5345760  54.37
  2010        30-34     0.00099  0.00492  2.57   97908     481  488367  4855167  49.59
  2010        35-39     0.00127  0.00634  2.64   97426     618  485674  4366800  44.82
  2010        40-44     0.00192  0.00954  2.64   96809     924  481866  3881127  40.09
  2010        45-49     0.00278  0.01383  2.70   95885    1327  476366  3399261  35.45
  2010        50-54     0.00418  0.02068  2.66   94558    1956  468218  2922894  30.91
  2010        55-59     0.00634  0.03126  2.70   92602    2895  456341  2454676  26.51
  2010        60-64     0.01046  0.05106  2.68   89708    4580  437895  1998335  22.28
  2010        65-69     0.01627  0.07836  2.66   85128    6671  410000  1560441  18.33
  2010        70-74     0.02529  0.11921  2.60   78457    9353  369872  1150441  14.66
  2010        75-79     0.04332  0.19661  2.65   69104   13586  313603   780569  11.30
  2010        80-84     0.07544  0.31870  2.57   55518   17693  234540   466967   8.41
  2010        85-89     0.12354  0.46908  2.44   37824   17743  143622   232426   6.14
  2010        90-94     0.19492  0.64056  2.32   20082   12864   65994    88805   4.42
  2010        95-99     0.29554  0.79026  2.06    7218    5704   19301    22810   3.16
  2010       100-104    0.41996  0.89495  1.79    1514    1355    3226     3509   2.32
  2010       105-109    0.55746  0.95139  1.54     159     151     271      283   1.78
  2010       110+       0.66951  1.00000  1.49       8       8      12       12   1.49
  2011           0      0.00771  0.00766  0.13  100000     766   99336  7881654  78.82
  2011         1-4      0.00029  0.00115  1.58   99234     114  396660  7782318  78.42
  2011         5-9      0.00014  0.00069  2.40   99120      68  495422  7385658  74.51
  2011        10-14     0.00019  0.00096  2.76   99052      95  495045  6890237  69.56
  2011        15-19     0.00048  0.00241  2.82   98956     238  494263  6395192  64.63
  2011        20-24     0.00073  0.00365  2.58   98718     361  492720  5900929  59.78
  2011        25-29     0.00078  0.00389  2.68   98358     382  490902  5408209  54.99
  2011        30-34     0.00092  0.00461  2.52   97975     451  488755  4917308  50.19
  2011        35-39     0.00126  0.00626  2.65   97524     611  486185  4428552  45.41
  2011        40-44     0.00171  0.00851  2.68   96913     825  482652  3942367  40.68
  2011        45-49     0.00257  0.01278  2.65   96088    1228  477560  3459715  36.01
  2011        50-54     0.00395  0.01958  2.71   94860    1858  470050  2982155  31.44
  2011        55-59     0.00631  0.03107  2.66   93002    2889  458249  2512105  27.01
  2011        60-64     0.01001  0.04891  2.71   90113    4408  440450  2053856  22.79
  2011        65-69     0.01558  0.07518  2.67   85705    6443  413504  1613407  18.83
  2011        70-74     0.02392  0.11315  2.61   79262    8969  374871  1199903  15.14
  2011        75-79     0.03961  0.18126  2.66   70294   12741  321649   825031  11.74
  2011        80-84     0.07149  0.30458  2.57   57552   17529  245196   503382   8.75
  2011        85-89     0.11449  0.44287  2.44   40023   17725  154821   258187   6.45
  2011        90-94     0.18525  0.61736  2.30   22298   13766   74308   103366   4.64
  2011        95-99     0.27111  0.75934  2.10    8532    6479   23898    29057   3.41
  2011       100-104    0.38468  0.87135  1.86    2053    1789    4651     5160   2.51
  2011       105-109    0.51386  0.93746  1.61     264     248     482      508   1.92
  2011       110+       0.62193  1.00000  1.61      17      17      27       27   1.61
  2012           0      0.00738  0.00733  0.13  100000     733   99365  7882245  78.82
  2012         1-4      0.00030  0.00120  1.56   99267     119  396777  7782880  78.40
  2012         5-9      0.00015  0.00077  2.54   99148      77  495550  7386103  74.50
  2012        10-14     0.00018  0.00089  2.72   99071      88  495154  6890554  69.55
  2012        15-19     0.00045  0.00226  2.77   98983     224  494414  6395400  64.61
  2012        20-24     0.00061  0.00305  2.57   98759     302  493059  5900986  59.75
  2012        25-29     0.00074  0.00370  2.58   98457     364  491404  5407926  54.93
  2012        30-34     0.00094  0.00469  2.57   98093     460  489346  4916522  50.12
  2012        35-39     0.00120  0.00597  2.64   97633     583  486790  4427176  45.35
  2012        40-44     0.00177  0.00881  2.70   97050     855  483282  3940386  40.60
  2012        45-49     0.00251  0.01250  2.61   96195    1202  478101  3457104  35.94
  2012        50-54     0.00391  0.01936  2.66   94993    1839  470654  2979003  31.36
  2012        55-59     0.00616  0.03036  2.68   93154    2828  459206  2508349  26.93
  2012        60-64     0.00933  0.04565  2.68   90325    4124  442054  2049143  22.69
  2012        65-69     0.01583  0.07630  2.65   86202    6577  415537  1607089  18.64
  2012        70-74     0.02454  0.11599  2.64   79625    9236  376346  1191552  14.96
  2012        75-79     0.04003  0.18288  2.64   70389   12873  321571   815205  11.58
  2012        80-84     0.07227  0.30852  2.63   57516   17745  245539   493634   8.58
  2012        85-89     0.12119  0.46248  2.44   39771   18394  151770   248095   6.24
  2012        90-94     0.18900  0.62475  2.29   21378   13356   70664    96325   4.51
  2012        95-99     0.29103  0.78529  2.07    8022    6300   21646    25660   3.20
  2012       100-104    0.41726  0.89368  1.80    1722    1539    3689     4014   2.33
  2012       105-109    0.55794  0.95172  1.54     183     174     312      326   1.78
  2012       110+       0.67277  1.00000  1.49       9       9      13       13   1.49
  2013           0      0.00705  0.00701  0.13  100000     701   99394  7901348  79.01
  2013         1-4      0.00029  0.00116  1.60   99299     115  396920  7801955  78.57
  2013         5-9      0.00015  0.00073  2.40   99184      72  495731  7405035  74.66
  2013        10-14     0.00019  0.00096  2.88   99111      96  495354  6909304  69.71
  2013        15-19     0.00047  0.00232  2.82   99016     230  494577  6413950  64.78
  2013        20-24     0.00063  0.00315  2.53   98786     311  493162  5919373  59.92
  2013        25-29     0.00074  0.00371  2.53   98475     365  491472  5426210  55.10
  2013        30-34     0.00090  0.00451  2.51   98110     442  489447  4934739  50.30
  2013        35-39     0.00119  0.00591  2.62   97668     577  486966  4445292  45.51
  2013        40-44     0.00176  0.00877  2.67   97090     852  483467  3958326  40.77
  2013        45-49     0.00264  0.01311  2.67   96239    1262  478259  3474858  36.11
  2013        50-54     0.00398  0.01974  2.70   94977    1875  470574  2996599  31.55
  2013        55-59     0.00601  0.02964  2.66   93103    2760  459046  2526026  27.13
  2013        60-64     0.00959  0.04687  2.65   90343    4235  441756  2066980  22.88
  2013        65-69     0.01531  0.07390  2.66   86108    6363  415669  1625224  18.87
  2013        70-74     0.02418  0.11436  2.63   79744    9120  377090  1209555  15.17
  2013        75-79     0.03800  0.17412  2.60   70625   12297  323655   832465  11.79
  2013        80-84     0.06860  0.29513  2.64   58327   17214  250931   508810   8.72
  2013        85-89     0.11981  0.45918  2.46   41113   18878  157569   257878   6.27
  2013        90-94     0.18744  0.62015  2.27   22235   13789   73563   100309   4.51
  2013        95-99     0.29385  0.78938  2.07    8446    6667   22689    26746   3.17
  2013       100-104    0.42692  0.89996  1.79    1779    1601    3750     4057   2.28
  2013       105-109    0.57480  0.95647  1.51     178     170     296      307   1.73
  2013       110+       0.69419  1.00000  1.44       8       8      11       11   1.44
  2014           0      0.00748  0.00744  0.13  100000     744   99356  7911138  79.11
  2014         1-4      0.00029  0.00116  1.81   99256     115  396773  7811782  78.70
  2014         5-9      0.00014  0.00071  2.34   99141      70  495519  7415009  74.79
  2014        10-14     0.00017  0.00086  2.71   99071      85  495160  6919490  69.84
  2014        15-19     0.00044  0.00219  2.82   98986     217  494457  6424330  64.90
  2014        20-24     0.00066  0.00330  2.61   98769     325  493069  5929873  60.04
  2014        25-29     0.00077  0.00383  2.58   98444     377  491307  5436804  55.23
  2014        30-34     0.00092  0.00459  2.64   98067     450  489269  4945497  50.43
  2014        35-39     0.00117  0.00584  2.68   97617     570  486762  4456228  45.65
  2014        40-44     0.00169  0.00840  2.61   97047     815  483287  3969466  40.90
  2014        45-49     0.00252  0.01252  2.66   96232    1204  478347  3486179  36.23
  2014        50-54     0.00376  0.01864  2.66   95027    1771  470999  3007832  31.65
  2014        55-59     0.00596  0.02941  2.67   93256    2743  459883  2536832  27.20
  2014        60-64     0.00927  0.04538  2.65   90513    4108  442927  2076950  22.95
  2014        65-69     0.01524  0.07355  2.64   86405    6355  417008  1634022  18.91
  2014        70-74     0.02380  0.11267  2.64   80050    9020  378927  1217014  15.20
  2014        75-79     0.03750  0.17216  2.62   71031   12228  326087   838087  11.80
  2014        80-84     0.06669  0.28855  2.67   58802   16967  254424   512000   8.71
  2014        85-89     0.12337  0.46778  2.42   41835   19570  158632   257576   6.16
  2014        90-94     0.19071  0.62974  2.30   22265   14021   73521    98945   4.44
  2014        95-99     0.30294  0.80015  2.05    8244    6596   21775    25423   3.08
  2014       100-104    0.44071  0.90768  1.76    1648    1495    3393     3649   2.21
  2014       105-109    0.59130  0.96044  1.49     152     146     247      256   1.68
  2014       110+       0.71108  1.00000  1.41       6       6       8        8   1.41
  2015           0      0.00682  0.00678  0.14  100000     678   99413  7930813  79.31
  2015         1-4      0.00026  0.00106  1.51   99322     105  397025  7831400  78.85
  2015         5-9      0.00015  0.00077  2.42   99217      76  495886  7434375  74.93
  2015        10-14     0.00017  0.00087  2.85   99140      86  495516  6938488  69.99
  2015        15-19     0.00048  0.00241  2.76   99054     238  494735  6442972  65.05
  2015        20-24     0.00061  0.00303  2.63   98816     299  493368  5948237  60.20
  2015        25-29     0.00078  0.00388  2.62   98516     382  491672  5454868  55.37
  2015        30-34     0.00088  0.00438  2.69   98134     430  489678  4963196  50.58
  2015        35-39     0.00122  0.00609  2.63   97705     595  487111  4473518  45.79
  2015        40-44     0.00169  0.00842  2.66   97109     818  483636  3986407  41.05
  2015        45-49     0.00253  0.01255  2.66   96292    1209  478627  3502771  36.38
  2015        50-54     0.00385  0.01909  2.65   95083    1815  471153  3024143  31.81
  2015        55-59     0.00591  0.02913  2.65   93268    2717  459943  2552990  27.37
  2015        60-64     0.00920  0.04503  2.65   90551    4078  443188  2093047  23.11
  2015        65-69     0.01473  0.07120  2.66   86473    6157  417940  1649859  19.08
  2015        70-74     0.02299  0.10901  2.63   80316    8755  380856  1231918  15.34
  2015        75-79     0.03675  0.16892  2.61   71561   12088  328921   851063  11.89
  2015        80-84     0.06272  0.27297  2.63   59473   16234  258848   522142   8.78
  2015        85-89     0.12528  0.47319  2.42   43239   20460  163322   263294   6.09
  2015        90-94     0.19361  0.63438  2.28   22779   14450   74634    99972   4.39
  2015        95-99     0.30737  0.80563  2.05    8328    6709   21828    25338   3.04
  2015       100-104    0.45081  0.91325  1.74    1619    1478    3279     3510   2.17
  2015       105-109    0.60626  0.96385  1.46     140     135     223      230   1.64
  2015       110+       0.72817  1.00000  1.37       5       5       7        7   1.37
  2016           0      0.00699  0.00695  0.13  100000     695   99399  7956901  79.57
  2016         1-4      0.00026  0.00104  1.62   99305     103  396976  7857502  79.12
  2016         5-9      0.00014  0.00068  2.36   99202      68  495833  7460526  75.21
  2016        10-14     0.00017  0.00084  2.71   99135      83  495482  6964693  70.25
  2016        15-19     0.00045  0.00223  2.91   99051     221  494793  6469212  65.31
  2016        20-24     0.00065  0.00323  2.59   98830     319  493382  5974419  60.45
  2016        25-29     0.00072  0.00357  2.66   98511     352  491734  5481037  55.64
  2016        30-34     0.00091  0.00452  2.59   98159     444  489729  4989303  50.83
  2016        35-39     0.00120  0.00599  2.59   97715     585  487166  4499575  46.05
  2016        40-44     0.00170  0.00847  2.66   97130     823  483722  4012409  41.31
  2016        45-49     0.00239  0.01187  2.67   96307    1143  478867  3528687  36.64
  2016        50-54     0.00372  0.01842  2.62   95164    1753  471644  3049820  32.05
  2016        55-59     0.00557  0.02749  2.67   93411    2568  461084  2578176  27.60
  2016        60-64     0.00890  0.04358  2.68   90844    3959  445045  2117092  23.30
  2016        65-69     0.01418  0.06862  2.68   86885    5962  420584  1672047  19.24
  2016        70-74     0.02231  0.10593  2.63   80922    8572  384274  1251463  15.46
  2016        75-79     0.03610  0.16635  2.64   72350   12035  333373   867189  11.99
  2016        80-84     0.05956  0.26029  2.58   60315   15699  263581   533816   8.85
  2016        85-89     0.12473  0.47479  2.49   44616   21183  169834   270235   6.06
  2016        90-94     0.19888  0.64433  2.27   23432   15098   75917   100401   4.28
  2016        95-99     0.31974  0.81951  2.03    8334    6830   21360    24483   2.94
  2016       100-104    0.47222  0.92369  1.70    1504    1389    2942     3123   2.08
  2016       105-109    0.63335  0.96919  1.42     115     111     176      180   1.57
  2016       110+       0.75601  1.00000  1.32       4       4       5        5   1.32
  2017           0      0.00706  0.00702  0.13  100000     702   99393  7972942  79.73
  2017         1-4      0.00024  0.00095  1.59   99298      94  396965  7873550  79.29
  2017         5-9      0.00012  0.00059  2.68   99204      59  495884  7476585  75.37
  2017        10-14     0.00015  0.00077  2.75   99145      76  495557  6980701  70.41
  2017        15-19     0.00043  0.00217  2.89   99070     215  494895  6485144  65.46
  2017        20-24     0.00063  0.00317  2.52   98855     313  493496  5990249  60.60
  2017        25-29     0.00071  0.00356  2.62   98541     351  491871  5496753  55.78
  2017        30-34     0.00089  0.00445  2.63   98190     437  489918  5004882  50.97
  2017        35-39     0.00111  0.00555  2.63   97753     543  487482  4514964  46.19
  2017        40-44     0.00162  0.00805  2.75   97211     782  484292  4027482  41.43
  2017        45-49     0.00237  0.01178  2.62   96429    1136  479444  3543189  36.74
  2017        50-54     0.00357  0.01770  2.64   95293    1687  472481  3063745  32.15
  2017        55-59     0.00555  0.02739  2.66   93606    2564  462021  2591264  27.68
  2017        60-64     0.00855  0.04194  2.67   91041    3818  446325  2129243  23.39
  2017        65-69     0.01356  0.06575  2.68   87223    5735  422789  1682918  19.29
  2017        70-74     0.02183  0.10377  2.64   81488    8456  387449  1260129  15.46
  2017        75-79     0.03528  0.16274  2.62   73032   11885  336867   872679  11.95
  2017        80-84     0.05896  0.25816  2.59   61147   15786  267717   535812   8.76
  2017        85-89     0.12670  0.48757  2.64   45362   22117  174554   268095   5.91
  2017        90-94     0.21395  0.67213  2.24   23245   15623   73025    93541   4.02
  2017        95-99     0.35294  0.85211  1.97    7621    6494   18400    20515   2.69
  2017       100-104    0.52554  0.94462  1.61    1127    1065    2026     2115   1.88
  2017       105-109    0.69674  0.97876  1.33      62      61      88       89   1.43
  2017       110+       0.81657  1.00000  1.22       1       1       2        2   1.22
