Chile, Deaths (period 1x10), 	Last modified: 20 Jul 2020;  Methods Protocol: v6 (2017)

  Year          Age             Female            Male           Total
1992-1999        0             11482.00        14355.05        25837.05
1992-1999        1               861.00         1129.00         1990.00
1992-1999        2               650.00          776.00         1426.00
1992-1999        3               409.00          577.01          986.01
1992-1999        4               320.00          413.00          733.00
1992-1999        5               290.00          390.01          680.01
1992-1999        6               248.00          329.00          577.00
1992-1999        7               205.00          337.00          542.00
1992-1999        8               204.00          312.00          516.00
1992-1999        9               214.00          292.00          506.00
1992-1999       10               211.00          297.00          508.00
1992-1999       11               211.00          310.00          521.00
1992-1999       12               197.00          285.00          482.00
1992-1999       13               215.00          348.00          563.00
1992-1999       14               237.00          474.00          711.00
1992-1999       15               289.00          538.01          827.01
1992-1999       16               327.00          678.00         1005.00
1992-1999       17               326.00          862.00         1188.00
1992-1999       18               357.00          955.00         1312.00
1992-1999       19               344.00         1126.00         1470.00
1992-1999       20               380.00         1302.00         1682.00
1992-1999       21               370.00         1347.01         1717.01
1992-1999       22               396.00         1477.00         1873.00
1992-1999       23               406.00         1533.01         1939.01
1992-1999       24               373.00         1519.01         1892.01
1992-1999       25               400.00         1570.00         1970.00
1992-1999       26               429.00         1650.01         2079.01
1992-1999       27               447.00         1644.00         2091.00
1992-1999       28               491.00         1683.00         2174.00
1992-1999       29               516.00         1669.01         2185.01
1992-1999       30               537.00         1792.01         2329.01
1992-1999       31               562.00         1746.01         2308.01
1992-1999       32               605.00         1856.01         2461.01
1992-1999       33               637.00         1855.00         2492.00
1992-1999       34               709.00         1867.01         2576.01
1992-1999       35               776.00         1914.01         2690.01
1992-1999       36               747.00         1906.01         2653.01
1992-1999       37               830.00         1948.01         2778.01
1992-1999       38               939.00         1923.00         2862.00
1992-1999       39               937.00         1954.01         2891.01
1992-1999       40               946.00         2035.00         2981.00
1992-1999       41              1048.00         2113.01         3161.01
1992-1999       42              1069.00         2266.00         3335.00
1992-1999       43              1122.00         2244.00         3366.00
1992-1999       44              1259.00         2290.01         3549.01
1992-1999       45              1317.00         2481.01         3798.01
1992-1999       46              1406.00         2568.01         3974.01
1992-1999       47              1503.00         2596.00         4099.00
1992-1999       48              1600.00         2823.01         4423.01
1992-1999       49              1723.00         2965.01         4688.01
1992-1999       50              1783.00         3162.00         4945.00
1992-1999       51              1960.00         3204.01         5164.01
1992-1999       52              2002.00         3432.01         5434.01
1992-1999       53              2206.00         3578.01         5784.01
1992-1999       54              2232.00         3815.01         6047.01
1992-1999       55              2337.00         4085.01         6422.01
1992-1999       56              2462.00         4186.01         6648.01
1992-1999       57              2591.00         4193.01         6784.01
1992-1999       58              2671.00         4542.02         7213.02
1992-1999       59              2896.00         4767.01         7663.01
1992-1999       60              2995.00         4952.01         7947.01
1992-1999       61              3202.00         5336.02         8538.02
1992-1999       62              3586.00         5707.02         9293.02
1992-1999       63              3916.00         6113.02        10029.02
1992-1999       64              4201.00         6428.02        10629.02
1992-1999       65              4514.00         6797.02        11311.02
1992-1999       66              4723.00         7069.02        11792.02
1992-1999       67              5009.00         7530.02        12539.02
1992-1999       68              5098.00         7611.02        12709.02
1992-1999       69              5586.00         7750.02        13336.02
1992-1999       70              5634.00         7977.02        13611.02
1992-1999       71              5885.00         7927.02        13812.02
1992-1999       72              6098.00         8074.02        14172.02
1992-1999       73              6161.00         7914.02        14075.02
1992-1999       74              6481.00         8060.02        14541.02
1992-1999       75              6836.00         8185.02        15021.02
1992-1999       76              7093.00         8162.02        15255.02
1992-1999       77              7296.00         7885.03        15181.03
1992-1999       78              7817.00         8158.03        15975.03
1992-1999       79              8061.00         8031.02        16092.02
1992-1999       80              8257.00         7941.02        16198.02
1992-1999       81              8511.00         7622.02        16133.02
1992-1999       82              8688.00         7423.03        16111.03
1992-1999       83              8471.00         7209.02        15680.02
1992-1999       84              8311.00         6605.02        14916.02
1992-1999       85              8281.00         6191.02        14472.02
1992-1999       86              7654.00         5534.02        13188.02
1992-1999       87              7347.00         4902.01        12249.01
1992-1999       88              6756.00         4113.01        10869.01
1992-1999       89              6247.00         3543.01         9790.01
1992-1999       90              5417.00         2973.01         8390.01
1992-1999       91              4804.00         2538.01         7342.01
1992-1999       92              4150.00         1929.00         6079.00
1992-1999       93              3286.00         1531.00         4817.00
1992-1999       94              2711.00         1234.00         3945.00
1992-1999       95              2204.00          856.00         3060.00
1992-1999       96              1582.00          603.01         2185.01
1992-1999       97              1231.00          467.00         1698.00
1992-1999       98               887.00          298.00         1185.00
1992-1999       99               663.00          230.00          893.00
1992-1999      100               449.00          124.00          573.00
1992-1999      101               288.00           78.00          366.00
1992-1999      102               185.00           70.00          255.00
1992-1999      103               113.00           28.00          141.00
1992-1999      104                82.00           24.00          106.00
1992-1999      105                41.00            9.00           50.00
1992-1999      106                37.00           10.00           47.00
1992-1999      107                17.00            7.00           24.00
1992-1999      108                11.00            5.00           16.00
1992-1999      109                10.00            3.00           13.00
1992-1999      110+               10.00            3.00           13.00
2000-2009        0              8925.00        11215.00        20140.00
2000-2009        1               687.00          885.00         1572.00
2000-2009        2               412.00          534.00          946.00
2000-2009        3               299.00          385.00          684.00
2000-2009        4               249.00          330.00          579.00
2000-2009        5               224.00          283.00          507.00
2000-2009        6               206.00          281.00          487.00
2000-2009        7               214.00          270.00          484.00
2000-2009        8               154.00          289.00          443.00
2000-2009        9               200.00          281.00          481.00
2000-2009       10               199.00          284.00          483.00
2000-2009       11               221.00          300.00          521.00
2000-2009       12               237.00          325.00          562.00
2000-2009       13               247.00          382.00          629.00
2000-2009       14               304.00          483.00          787.00
2000-2009       15               353.00          639.00          992.00
2000-2009       16               378.00          830.00         1208.00
2000-2009       17               421.00         1035.00         1456.00
2000-2009       18               402.00         1244.00         1646.00
2000-2009       19               419.00         1394.00         1813.00
2000-2009       20               427.00         1510.00         1937.00
2000-2009       21               396.00         1571.00         1967.00
2000-2009       22               440.00         1542.00         1982.00
2000-2009       23               454.00         1544.00         1998.00
2000-2009       24               444.00         1623.00         2067.00
2000-2009       25               450.00         1645.00         2095.00
2000-2009       26               475.00         1645.00         2120.00
2000-2009       27               499.00         1634.00         2133.00
2000-2009       28               545.00         1702.00         2247.00
2000-2009       29               532.00         1739.00         2271.00
2000-2009       30               541.00         1778.00         2319.00
2000-2009       31               569.00         1868.00         2437.00
2000-2009       32               652.00         1938.00         2590.00
2000-2009       33               698.00         1981.00         2679.00
2000-2009       34               795.00         2102.00         2897.00
2000-2009       35               791.00         2124.00         2915.00
2000-2009       36               904.00         2273.00         3177.00
2000-2009       37               964.00         2302.00         3266.00
2000-2009       38              1006.00         2473.00         3479.00
2000-2009       39              1107.00         2613.00         3720.00
2000-2009       40              1216.00         2762.00         3978.00
2000-2009       41              1380.00         2979.00         4359.00
2000-2009       42              1410.00         2956.00         4366.00
2000-2009       43              1544.00         3260.00         4804.00
2000-2009       44              1675.00         3318.00         4993.00
2000-2009       45              1794.00         3556.00         5350.00
2000-2009       46              1891.00         3706.00         5597.00
2000-2009       47              2128.00         3712.00         5840.00
2000-2009       48              2117.00         3850.00         5967.00
2000-2009       49              2277.00         4121.00         6398.00
2000-2009       50              2401.00         4238.00         6639.00
2000-2009       51              2531.00         4523.00         7054.00
2000-2009       52              2644.00         4580.00         7224.00
2000-2009       53              2908.00         4810.00         7718.00
2000-2009       54              2981.00         5160.00         8141.00
2000-2009       55              3071.00         5287.00         8358.00
2000-2009       56              3373.00         5638.00         9011.00
2000-2009       57              3545.00         5923.00         9468.00
2000-2009       58              3773.00         6385.00        10158.00
2000-2009       59              3911.00         6537.00        10448.00
2000-2009       60              4275.00         7082.00        11357.00
2000-2009       61              4479.00         7272.00        11751.00
2000-2009       62              4808.00         7577.00        12385.00
2000-2009       63              4864.00         7775.00        12639.00
2000-2009       64              5215.00         8204.00        13419.00
2000-2009       65              5561.00         8409.00        13970.00
2000-2009       66              5753.00         8828.00        14581.00
2000-2009       67              6019.00         9208.00        15227.00
2000-2009       68              6420.00         9464.00        15884.00
2000-2009       69              6641.00         9958.00        16599.00
2000-2009       70              7102.00        10361.00        17463.00
2000-2009       71              7588.00        10906.00        18494.00
2000-2009       72              8346.00        11293.00        19639.00
2000-2009       73              8598.00        11662.00        20260.00
2000-2009       74              9057.00        12090.00        21147.00
2000-2009       75              9673.00        12064.00        21737.00
2000-2009       76             10116.00        12375.00        22491.00
2000-2009       77             10545.00        12191.00        22736.00
2000-2009       78             10951.00        12206.00        23157.00
2000-2009       79             11188.00        11853.00        23041.00
2000-2009       80             11523.00        11861.00        23384.00
2000-2009       81             11470.00        11049.00        22519.00
2000-2009       82             11553.00        10622.00        22175.00
2000-2009       83             11974.00        10110.00        22084.00
2000-2009       84             11704.00         9743.00        21447.00
2000-2009       85             11683.00         9081.00        20764.00
2000-2009       86             11744.00         8426.00        20170.00
2000-2009       87             11430.00         7610.00        19040.00
2000-2009       88             11027.00         6988.00        18015.00
2000-2009       89             10379.00         6220.00        16599.00
2000-2009       90              9732.00         5254.00        14986.00
2000-2009       91              8839.00         4614.00        13453.00
2000-2009       92              7766.00         3734.00        11500.00
2000-2009       93              6894.00         3086.00         9980.00
2000-2009       94              5757.00         2465.00         8222.00
2000-2009       95              4595.00         1879.00         6474.00
2000-2009       96              3644.00         1312.00         4956.00
2000-2009       97              2777.00          952.00         3729.00
2000-2009       98              2088.00          670.00         2758.00
2000-2009       99              1428.00          463.00         1891.00
2000-2009      100              1119.00          321.00         1440.00
2000-2009      101               666.00          187.00          853.00
2000-2009      102               446.00          112.00          558.00
2000-2009      103               300.00           62.00          362.00
2000-2009      104               180.00           40.00          220.00
2000-2009      105               104.00           20.00          124.00
2000-2009      106                59.00           10.00           69.00
2000-2009      107                24.00            8.00           32.00
2000-2009      108                21.00            5.00           26.00
2000-2009      109                21.00            2.00           23.00
2000-2009      110+               24.00            7.00           31.00
2010-2017        0              6311.47         7657.71        13969.18
2010-2017        1               435.00          470.00          905.00
2010-2017        2               225.00          275.00          500.00
2010-2017        3               185.00          236.00          421.00
2010-2017        4               168.00          189.00          357.00
2010-2017        5               125.00          168.00          293.00
2010-2017        6               115.00          139.00          254.00
2010-2017        7               141.00          150.00          291.00
2010-2017        8               113.00          162.00          275.00
2010-2017        9               109.00          129.00          238.00
2010-2017       10               123.00          132.00          255.00
2010-2017       11               127.00          151.00          278.00
2010-2017       12               135.00          196.00          331.00
2010-2017       13               175.00          204.00          379.00
2010-2017       14               177.00          280.00          457.00
2010-2017       15               233.00          422.00          655.00
2010-2017       16               273.00          531.00          804.00
2010-2017       17               296.00          677.01          973.01
2010-2017       18               304.00          867.01         1171.01
2010-2017       19               341.00         1015.02         1356.02
2010-2017       20               338.00         1010.02         1348.02
2010-2017       21               355.00         1084.02         1439.02
2010-2017       22               356.00         1199.02         1555.02
2010-2017       23               424.00         1226.02         1650.02
2010-2017       24               369.00         1196.02         1565.02
2010-2017       25               384.00         1150.02         1534.02
2010-2017       26               415.00         1231.02         1646.02
2010-2017       27               381.00         1239.02         1620.02
2010-2017       28               417.00         1289.02         1706.02
2010-2017       29               413.00         1333.02         1746.02
2010-2017       30               438.00         1299.02         1737.02
2010-2017       31               479.00         1259.02         1738.02
2010-2017       32               514.00         1284.02         1798.02
2010-2017       33               519.00         1316.02         1835.02
2010-2017       34               536.00         1428.02         1964.02
2010-2017       35               555.00         1425.02         1980.02
2010-2017       36               632.00         1509.02         2141.02
2010-2017       37               684.00         1557.02         2241.02
2010-2017       38               799.00         1742.02         2541.02
2010-2017       39               792.00         1763.02         2555.02
2010-2017       40               875.00         1876.04         2751.04
2010-2017       41               946.00         2044.03         2990.03
2010-2017       42              1086.00         2203.03         3289.03
2010-2017       43              1225.00         2389.04         3614.04
2010-2017       44              1314.00         2535.05         3849.05
2010-2017       45              1366.00         2645.05         4011.05
2010-2017       46              1579.00         2940.06         4519.06
2010-2017       47              1644.00         3083.06         4727.06
2010-2017       48              1891.01         3342.06         5233.07
2010-2017       49              1965.01         3640.07         5605.08
2010-2017       50              2184.02         3806.07         5990.09
2010-2017       51              2392.02         4225.08         6617.10
2010-2017       52              2531.02         4396.09         6927.11
2010-2017       53              2659.02         4585.09         7244.11
2010-2017       54              2706.02         4967.11         7673.13
2010-2017       55              2957.02         5042.11         7999.13
2010-2017       56              3110.02         5328.12         8438.14
2010-2017       57              3345.02         5475.13         8820.15
2010-2017       58              3585.02         5796.13         9381.15
2010-2017       59              3594.02         5980.12         9574.14
2010-2017       60              3807.02         6218.14        10025.16
2010-2017       61              3985.02         6602.16        10587.18
2010-2017       62              4304.02         6825.16        11129.18
2010-2017       63              4566.02         6977.15        11543.17
2010-2017       64              4757.02         7423.16        12180.18
2010-2017       65              4950.02         7724.17        12674.19
2010-2017       66              5314.02         8143.19        13457.21
2010-2017       67              5632.03         8492.19        14124.22
2010-2017       68              5892.04         8863.18        14755.22
2010-2017       69              6247.04         9278.19        15525.23
2010-2017       70              6661.04         9517.20        16178.24
2010-2017       71              6905.04         9542.19        16447.23
2010-2017       72              7264.04         9763.20        17027.24
2010-2017       73              7461.04        10015.21        17476.25
2010-2017       74              7713.04        10236.23        17949.27
2010-2017       75              8090.04        10316.21        18406.25
2010-2017       76              8534.04        10594.21        19128.25
2010-2017       77              8857.04        10657.20        19514.24
2010-2017       78              9278.04        10680.20        19958.24
2010-2017       79              9912.05        11060.23        20972.28
2010-2017       80             10520.05        11250.22        21770.27
2010-2017       81             11108.06        11186.22        22294.28
2010-2017       82             11961.06        11495.24        23456.30
2010-2017       83             12040.06        11181.25        23221.31
2010-2017       84             12456.07        10820.23        23276.30
2010-2017       85             12672.07        10324.23        22996.30
2010-2017       86             12853.08         9686.21        22539.29
2010-2017       87             12470.06         8901.18        21371.24
2010-2017       88             11807.06         8030.16        19837.22
2010-2017       89             11251.06         7299.16        18550.22
2010-2017       90             10601.06         6132.13        16733.19
2010-2017       91              9638.05         5311.12        14949.17
2010-2017       92              8862.04         4507.10        13369.14
2010-2017       93              7801.04         3621.09        11422.13
2010-2017       94              6789.04         3000.06         9789.10
2010-2017       95              5715.02         2325.05         8040.07
2010-2017       96              4763.02         1767.02         6530.04
2010-2017       97              3894.02         1377.02         5271.04
2010-2017       98              2965.02          938.02         3903.04
2010-2017       99              2292.02          637.00         2929.02
2010-2017      100              1678.01          437.00         2115.01
2010-2017      101              1194.00          269.00         1463.00
2010-2017      102               800.00          189.00          989.00
2010-2017      103               469.00          107.00          576.00
2010-2017      104               299.00           71.00          370.00
2010-2017      105               192.00           34.00          226.00
2010-2017      106                99.00           14.00          113.00
2010-2017      107                69.00           16.00           85.00
2010-2017      108                31.00            8.00           39.00
2010-2017      109                19.00            6.00           25.00
2010-2017      110+               27.00            7.00           34.00
