Chile, Exposure to risk (period 1x10), 	Last modified: 20 Jul 2020;  Methods Protocol: v6 (2017)

  Year          Age             Female            Male           Total
1992-1999        0           1037184.44      1084268.77      2121453.22
1992-1999        1           1045230.98      1091484.00      2136714.98
1992-1999        2           1059205.56      1105167.51      2164373.07
1992-1999        3           1078071.60      1123898.46      2201970.07
1992-1999        4           1099317.56      1146009.38      2245326.95
1992-1999        5           1106533.37      1153347.02      2259880.39
1992-1999        6           1098928.56      1143758.47      2242687.02
1992-1999        7           1086190.62      1128812.67      2215003.29
1992-1999        8           1067951.03      1108692.49      2176643.52
1992-1999        9           1050139.90      1088474.50      2138614.41
1992-1999       10           1035906.56      1072428.16      2108334.72
1992-1999       11           1016507.17      1052023.07      2068530.24
1992-1999       12            997218.13      1031153.52      2028371.65
1992-1999       13            979544.17      1012057.74      1991601.91
1992-1999       14            967271.11       999265.61      1966536.71
1992-1999       15            959544.52       989536.27      1949080.80
1992-1999       16            954712.48       981443.65      1936156.14
1992-1999       17            953946.28       978750.79      1932697.07
1992-1999       18            950467.23       974547.86      1925015.09
1992-1999       19            951281.45       971211.68      1922493.13
1992-1999       20            954394.05       966485.15      1920879.20
1992-1999       21            957406.91       963192.41      1920599.32
1992-1999       22            962335.35       963420.91      1925756.26
1992-1999       23            971038.20       967456.63      1938494.83
1992-1999       24            978669.25       970682.43      1949351.69
1992-1999       25            980117.82       966898.95      1947016.77
1992-1999       26            980156.32       960536.41      1940692.72
1992-1999       27            983794.57       959266.29      1943060.85
1992-1999       28            983523.93       956421.52      1939945.45
1992-1999       29            988556.95       958631.95      1947188.90
1992-1999       30            993392.78       960134.77      1953527.55
1992-1999       31            991228.87       955141.01      1946369.88
1992-1999       32            986334.73       947686.09      1934020.83
1992-1999       33            978830.58       940124.00      1918954.58
1992-1999       34            961430.02       924471.99      1885902.01
1992-1999       35            937200.31       900779.65      1837979.96
1992-1999       36            911547.80       873832.74      1785380.54
1992-1999       37            881190.39       841454.94      1722645.32
1992-1999       38            850503.88       810971.62      1661475.49
1992-1999       39            819168.82       780712.23      1599881.05
1992-1999       40            781900.06       743413.67      1525313.74
1992-1999       41            743064.43       705844.66      1448909.09
1992-1999       42            719624.42       684011.23      1403635.64
1992-1999       43            697663.96       662901.69      1360565.65
1992-1999       44            669543.52       635842.34      1305385.86
1992-1999       45            641142.84       607794.12      1248936.96
1992-1999       46            617058.93       584201.92      1201260.85
1992-1999       47            597310.43       565583.13      1162893.56
1992-1999       48            580195.24       550269.05      1130464.29
1992-1999       49            562659.21       532974.10      1095633.31
1992-1999       50            540910.57       509359.58      1050270.15
1992-1999       51            518748.05       487240.93      1005988.98
1992-1999       52            503175.55       472843.15       976018.70
1992-1999       53            489424.45       458759.82       948184.27
1992-1999       54            471800.11       438675.87       910475.98
1992-1999       55            454065.11       417428.27       871493.38
1992-1999       56            436593.00       398002.16       834595.16
1992-1999       57            419914.13       381118.80       801032.93
1992-1999       58            403945.82       366212.21       770158.03
1992-1999       59            391961.34       352963.77       744925.11
1992-1999       60            382277.67       338760.32       721037.99
1992-1999       61            372671.33       326957.95       699629.28
1992-1999       62            366671.57       320195.33       686866.91
1992-1999       63            359744.41       311913.66       671658.06
1992-1999       64            351095.37       302495.44       653590.81
1992-1999       65            344176.05       294373.23       638549.28
1992-1999       66            334392.11       283570.28       617962.38
1992-1999       67            321517.16       270700.31       592217.47
1992-1999       68            305382.66       255307.32       560689.98
1992-1999       69            286976.37       236908.76       523885.13
1992-1999       70            267039.44       216661.11       483700.55
1992-1999       71            246336.12       197319.23       443655.35
1992-1999       72            228890.19       181091.59       409981.78
1992-1999       73            213864.32       165931.17       379795.49
1992-1999       74            200493.46       152141.52       352634.98
1992-1999       75            189546.87       140191.85       329738.72
1992-1999       76            178918.19       128795.41       307713.60
1992-1999       77            168278.18       118358.47       286636.65
1992-1999       78            157705.78       108508.63       266214.41
1992-1999       79            147218.92        98530.26       245749.18
1992-1999       80            141915.17        88059.40       229974.57
1992-1999       81            130760.79        78788.43       209549.22
1992-1999       82            118837.12        69493.35       188330.47
1992-1999       83            106436.74        60158.91       166595.64
1992-1999       84             94109.30        51465.92       145575.21
1992-1999       85             82001.97        43329.89       125331.86
1992-1999       86             70355.92        35620.69       105976.61
1992-1999       87             59361.00        28839.73        88200.73
1992-1999       88             49395.50        23086.56        72482.06
1992-1999       89             40446.94        18196.99        58643.93
1992-1999       90             32523.84        14097.46        46621.30
1992-1999       91             25856.22        10745.30        36601.52
1992-1999       92             20115.45         7996.17        28111.62
1992-1999       93             15257.72         5805.98        21063.70
1992-1999       94             11325.45         4086.09        15411.54
1992-1999       95              8211.99         2814.90        11026.88
1992-1999       96              5856.58         1934.54         7791.12
1992-1999       97              4123.88         1282.41         5406.29
1992-1999       98              2836.41          824.86         3661.27
1992-1999       99              1863.73          514.20         2377.92
1992-1999      100              1161.98          302.92         1464.90
1992-1999      101               735.80          192.71          928.51
1992-1999      102               471.31          120.31          591.62
1992-1999      103               301.00           76.12          377.12
1992-1999      104               189.01           50.30          239.31
1992-1999      105               120.27           35.33          155.60
1992-1999      106                77.74           26.91          104.66
1992-1999      107                47.64           17.73           65.37
1992-1999      108                30.37           12.33           42.70
1992-1999      109                18.13            8.05           26.18
1992-1999      110+               38.04           15.40           53.43
2000-2009        0           1150717.73      1200795.00      2351512.73
2000-2009        1           1135178.86      1183461.14      2318640.00
2000-2009        2           1134828.92      1182016.21      2316845.14
2000-2009        3           1144658.73      1191699.59      2336358.31
2000-2009        4           1159289.38      1205756.47      2365045.85
2000-2009        5           1179990.68      1226344.40      2406335.08
2000-2009        6           1202290.06      1249489.10      2451779.16
2000-2009        7           1225967.30      1273931.26      2499898.56
2000-2009        8           1254225.15      1302762.45      2556987.60
2000-2009        9           1283274.83      1332500.60      2615775.43
2000-2009       10           1314352.45      1364345.25      2678697.70
2000-2009       11           1340633.03      1391008.24      2731641.26
2000-2009       12           1360285.41      1410655.66      2770941.07
2000-2009       13           1370911.97      1419767.14      2790679.12
2000-2009       14           1372895.97      1420100.08      2792996.05
2000-2009       15           1365166.49      1412408.85      2777575.34
2000-2009       16           1352888.20      1400565.64      2753453.84
2000-2009       17           1340052.88      1386387.04      2726439.91
2000-2009       18           1328994.00      1371762.83      2700756.84
2000-2009       19           1308562.28      1347286.52      2655848.80
2000-2009       20           1283523.08      1318407.09      2601930.17
2000-2009       21           1258441.48      1288689.48      2547130.95
2000-2009       22           1235381.86      1260693.60      2496075.46
2000-2009       23           1213971.93      1233949.99      2447921.92
2000-2009       24           1201557.45      1214876.44      2416433.90
2000-2009       25           1201500.38      1207800.89      2409301.27
2000-2009       26           1204942.76      1205490.06      2410432.82
2000-2009       27           1204337.32      1200199.95      2404537.26
2000-2009       28           1200292.23      1191989.77      2392282.00
2000-2009       29           1198176.61      1185600.66      2383777.27
2000-2009       30           1197170.37      1180038.50      2377208.87
2000-2009       31           1201620.77      1180920.93      2382541.70
2000-2009       32           1209122.83      1185233.35      2394356.18
2000-2009       33           1217659.50      1189957.63      2407617.13
2000-2009       34           1224214.04      1192510.35      2416724.39
2000-2009       35           1229160.16      1192541.13      2421701.29
2000-2009       36           1231780.31      1190704.67      2422484.98
2000-2009       37           1234721.06      1190701.01      2425422.07
2000-2009       38           1232757.14      1185523.38      2418280.51
2000-2009       39           1231574.87      1181443.92      2413018.79
2000-2009       40           1232322.55      1180251.10      2412573.65
2000-2009       41           1228869.86      1174643.02      2403512.88
2000-2009       42           1210566.78      1154842.83      2365409.61
2000-2009       43           1184639.29      1128053.39      2312692.68
2000-2009       44           1154740.73      1097573.49      2252314.23
2000-2009       45           1119374.36      1062635.65      2182010.01
2000-2009       46           1083369.15      1027255.59      2110624.74
2000-2009       47           1042359.45       987186.14      2029545.58
2000-2009       48           1000194.04       945838.12      1946032.16
2000-2009       49            959099.77       906272.08      1865371.85
2000-2009       50            922727.81       871938.78      1794666.59
2000-2009       51            887714.21       838389.28      1726103.49
2000-2009       52            854446.50       805307.68      1659754.18
2000-2009       53            818792.47       769626.73      1588419.20
2000-2009       54            784926.16       736902.50      1521828.66
2000-2009       55            753911.18       707201.72      1461112.90
2000-2009       56            724285.69       677834.41      1402120.10
2000-2009       57            696680.37       649295.42      1345975.78
2000-2009       58            672877.09       622847.45      1295724.54
2000-2009       59            648796.48       596193.86      1244990.34
2000-2009       60            623581.25       569267.53      1192848.77
2000-2009       61            599642.49       543369.84      1143012.33
2000-2009       62            576779.28       518676.18      1095455.46
2000-2009       63            558113.16       497540.44      1055653.60
2000-2009       64            538299.56       475387.01      1013686.57
2000-2009       65            516020.68       451503.01       967523.69
2000-2009       66            493163.85       427022.47       920186.32
2000-2009       67            470504.04       402624.17       873128.21
2000-2009       68            450070.29       380609.97       830680.26
2000-2009       69            432394.69       361528.54       793923.23
2000-2009       70            417656.96       344945.05       762602.01
2000-2009       71            404998.07       329394.29       734392.36
2000-2009       72            391149.46       312614.70       703764.15
2000-2009       73            373821.93       293734.17       667556.10
2000-2009       74            354393.91       273455.06       627848.97
2000-2009       75            334184.32       253137.24       587321.55
2000-2009       76            313795.19       233393.33       547188.52
2000-2009       77            292385.20       213399.09       505784.28
2000-2009       78            269554.66       192684.42       462239.08
2000-2009       79            246808.32       172113.61       418921.93
2000-2009       80            225099.60       149654.69       374754.29
2000-2009       81            203494.46       130391.07       333885.53
2000-2009       82            184953.65       113971.02       298924.67
2000-2009       83            168291.92        99439.79       267731.70
2000-2009       84            152550.02        86244.09       238794.11
2000-2009       85            137135.48        73756.02       210891.50
2000-2009       86            122101.78        62366.76       184468.53
2000-2009       87            107439.00        51981.73       159420.73
2000-2009       88             92881.11        42655.10       135536.21
2000-2009       89             79022.51        34396.29       113418.81
2000-2009       90             66235.82        27333.54        93569.36
2000-2009       91             54444.38        21392.20        75836.58
2000-2009       92             43665.22        16292.49        59957.71
2000-2009       93             34185.23        12120.34        46305.57
2000-2009       94             26033.61         8735.15        34768.76
2000-2009       95             19254.24         6080.47        25334.71
2000-2009       96             13847.83         4143.70        17991.53
2000-2009       97              9720.77         2818.96        12539.73
2000-2009       98              6575.14         1872.60         8447.74
2000-2009       99              4382.16         1174.97         5557.13
2000-2009      100              2846.38          719.16         3565.54
2000-2009      101              1755.88          429.09         2184.97
2000-2009      102              1080.75          238.43         1319.17
2000-2009      103               659.92          142.76          802.69
2000-2009      104               378.76           82.47          461.22
2000-2009      105               217.69           50.38          268.08
2000-2009      106               118.08           31.56          149.64
2000-2009      107                79.84           17.07           96.92
2000-2009      108                58.16           10.41           68.57
2000-2009      109                36.60            4.67           41.28
2000-2009      110+               52.03           23.29           75.32
2010-2017        0            944637.52       982167.05      1926804.58
2010-2017        1            951222.58       989331.06      1940553.64
2010-2017        2            951686.03       990543.43      1942229.46
2010-2017        3            945500.63       984679.06      1930179.69
2010-2017        4            939129.62       978976.22      1918105.84
2010-2017        5            932758.54       973281.72      1906040.26
2010-2017        6            924926.56       965432.81      1890359.37
2010-2017        7            918294.23       958463.62      1876757.85
2010-2017        8            910357.05       950058.39      1860415.44
2010-2017        9            907293.38       946785.91      1854079.29
2010-2017       10            908685.33       948202.52      1856887.85
2010-2017       11            917542.82       957322.15      1874864.97
2010-2017       12            931034.86       970908.55      1901943.40
2010-2017       13            950487.87       990384.35      1940872.22
2010-2017       14            971770.76      1011688.80      1983459.56
2010-2017       15            994454.52      1034109.13      2028563.65
2010-2017       16           1016612.36      1055597.94      2072210.29
2010-2017       17           1037618.01      1075176.44      2112794.45
2010-2017       18           1061844.30      1097224.79      2159069.09
2010-2017       19           1086689.63      1119866.53      2206556.16
2010-2017       20           1111765.72      1142888.07      2254653.79
2010-2017       21           1129350.98      1158462.73      2287813.71
2010-2017       22           1139345.66      1166492.28      2305837.94
2010-2017       23           1141165.95      1165727.46      2306893.41
2010-2017       24           1135184.99      1156904.53      2292089.52
2010-2017       25           1121149.90      1140416.68      2261566.58
2010-2017       26           1101140.02      1118381.52      2219521.54
2010-2017       27           1080136.23      1093748.62      2173884.85
2010-2017       28           1062257.25      1070290.85      2132548.11
2010-2017       29           1040978.78      1044264.68      2085243.45
2010-2017       30           1022918.78      1022233.01      2045151.79
2010-2017       31           1006818.51      1001486.36      2008304.87
2010-2017       32            991240.55       981636.05      1972876.60
2010-2017       33            978857.08       964754.43      1943611.51
2010-2017       34            973624.66       954503.08      1928127.74
2010-2017       35            971319.65       948439.18      1919758.83
2010-2017       36            964319.26       939027.48      1903346.74
2010-2017       37            963378.83       935325.35      1898704.18
2010-2017       38            966725.87       935421.63      1902147.50
2010-2017       39            968599.77       934616.59      1903216.36
2010-2017       40            970997.48       934367.29      1905364.77
2010-2017       41            974722.60       935279.23      1910001.83
2010-2017       42            976306.52       933878.82      1910185.34
2010-2017       43            974758.06       928967.95      1903726.02
2010-2017       44            973256.81       923623.70      1896880.51
2010-2017       45            974696.01       921144.45      1895840.46
2010-2017       46            973764.56       917719.02      1891483.58
2010-2017       47            978033.70       919705.12      1897738.82
2010-2017       48            981754.43       920390.39      1902144.82
2010-2017       49            979740.01       916142.74      1895882.75
2010-2017       50            971993.48       906994.74      1878988.22
2010-2017       51            957742.60       891086.59      1848829.19
2010-2017       52            934842.93       867391.15      1802234.08
2010-2017       53            907970.74       840424.31      1748395.05
2010-2017       54            879751.32       812170.66      1691921.98
2010-2017       55            846069.97       778670.77      1624740.74
2010-2017       56            813153.71       746481.67      1559635.38
2010-2017       57            780051.94       714370.20      1494422.15
2010-2017       58            748012.00       682924.74      1430936.74
2010-2017       59            715810.35       651754.39      1367564.74
2010-2017       60            686856.35       623372.11      1310228.46
2010-2017       61            656670.38       592880.43      1249550.81
2010-2017       62            626832.79       562865.96      1189698.75
2010-2017       63            598957.87       534882.66      1133840.53
2010-2017       64            572722.92       508767.99      1081490.91
2010-2017       65            547565.52       483809.46      1031374.99
2010-2017       66            525648.22       460941.96       986590.17
2010-2017       67            505001.43       438654.10       943655.53
2010-2017       68            485101.44       416307.63       901409.07
2010-2017       69            464469.12       393693.28       858162.40
2010-2017       70            444089.19       371802.08       815891.27
2010-2017       71            423294.72       349591.57       772886.28
2010-2017       72            400504.22       326145.69       726649.91
2010-2017       73            379696.16       304269.65       683965.80
2010-2017       74            359057.10       282583.49       641640.59
2010-2017       75            337487.71       260580.71       598068.41
2010-2017       76            315923.03       238790.69       554713.72
2010-2017       77            295168.99       217890.51       513059.50
2010-2017       78            277303.39       199746.86       477050.24
2010-2017       79            260847.48       183479.04       444326.52
2010-2017       80            245373.56       168551.21       413924.76
2010-2017       81            229545.22       153417.28       382962.50
2010-2017       82            210801.99       136947.08       347749.07
2010-2017       83            190723.69       120332.04       311055.74
2010-2017       84            170045.97       103827.85       273873.82
2010-2017       85            149019.70        87752.62       236772.32
2010-2017       86            127483.60        72272.09       199755.69
2010-2017       87            108705.48        59333.89       168039.37
2010-2017       88             93882.90        49163.52       143046.42
2010-2017       89             80613.41        40303.23       120916.64
2010-2017       90             68112.83        32294.35       100407.18
2010-2017       91             56746.02        25263.12        82009.13
2010-2017       92             46754.92        19472.93        66227.85
2010-2017       93             37652.27        14761.35        52413.62
2010-2017       94             29921.60        10940.61        40862.20
2010-2017       95             23340.80         7853.33        31194.14
2010-2017       96             17792.15         5516.76        23308.91
2010-2017       97             13153.00         3731.67        16884.67
2010-2017       98              9524.39         2426.50        11950.88
2010-2017       99              6707.68         1591.12         8298.79
2010-2017      100              4554.48         1015.36         5569.84
2010-2017      101              2950.82          623.22         3574.04
2010-2017      102              1848.97          381.82         2230.79
2010-2017      103              1110.02          223.61         1333.62
2010-2017      104               665.73          120.82          786.56
2010-2017      105               381.74           63.09          444.82
2010-2017      106               218.67           40.50          259.17
2010-2017      107               119.94           25.37          145.30
2010-2017      108                57.59           16.53           74.12
2010-2017      109                35.35            9.71           45.05
2010-2017      110+               65.93           12.59           78.52
