Chile, Life tables (period 1x5), Females	Last modified: 20 Jul 2020;  Methods Protocol: v6 (2017)

  Year          Age         mx       qx    ax      lx      dx      Lx       Tx     ex
1992-1994        0      0.01269  0.01255  0.12  100000    1255   98899  7778117  77.78
1992-1994        1      0.00101  0.00101  0.50   98745     100   98695  7679218  77.77
1992-1994        2      0.00058  0.00058  0.50   98645      58   98616  7580523  76.85
1992-1994        3      0.00038  0.00038  0.50   98587      38   98568  7481908  75.89
1992-1994        4      0.00026  0.00026  0.50   98549      25   98537  7383339  74.92
1992-1994        5      0.00028  0.00028  0.50   98524      28   98510  7284803  73.94
1992-1994        6      0.00026  0.00026  0.50   98496      26   98484  7186292  72.96
1992-1994        7      0.00021  0.00021  0.50   98471      20   98461  7087809  71.98
1992-1994        8      0.00020  0.00020  0.50   98450      20   98441  6989348  70.99
1992-1994        9      0.00021  0.00021  0.50   98431      20   98421  6890908  70.01
1992-1994       10      0.00020  0.00020  0.50   98410      19   98401  6792487  69.02
1992-1994       11      0.00023  0.00023  0.50   98391      22   98380  6694087  68.04
1992-1994       12      0.00019  0.00019  0.50   98368      19   98359  6595707  67.05
1992-1994       13      0.00023  0.00023  0.50   98349      23   98338  6497348  66.06
1992-1994       14      0.00025  0.00025  0.50   98327      25   98314  6399010  65.08
1992-1994       15      0.00036  0.00036  0.50   98302      36   98284  6300696  64.10
1992-1994       16      0.00041  0.00041  0.50   98266      41   98246  6202412  63.12
1992-1994       17      0.00035  0.00035  0.50   98225      35   98208  6104166  62.14
1992-1994       18      0.00036  0.00036  0.50   98191      35   98173  6005958  61.17
1992-1994       19      0.00036  0.00036  0.50   98156      35   98138  5907785  60.19
1992-1994       20      0.00041  0.00041  0.50   98120      41   98100  5809647  59.21
1992-1994       21      0.00041  0.00041  0.50   98080      40   98060  5711547  58.23
1992-1994       22      0.00044  0.00044  0.50   98039      43   98018  5613487  57.26
1992-1994       23      0.00043  0.00043  0.50   97996      42   97975  5515470  56.28
1992-1994       24      0.00040  0.00040  0.50   97954      40   97934  5417495  55.31
1992-1994       25      0.00046  0.00046  0.50   97915      46   97892  5319560  54.33
1992-1994       26      0.00048  0.00048  0.50   97869      47   97846  5221668  53.35
1992-1994       27      0.00045  0.00045  0.50   97823      44   97801  5123822  52.38
1992-1994       28      0.00057  0.00057  0.50   97779      56   97751  5026022  51.40
1992-1994       29      0.00050  0.00050  0.50   97723      49   97698  4928271  50.43
1992-1994       30      0.00057  0.00057  0.50   97674      55   97646  4830573  49.46
1992-1994       31      0.00062  0.00062  0.50   97618      60   97588  4732927  48.48
1992-1994       32      0.00058  0.00058  0.50   97558      56   97530  4635339  47.51
1992-1994       33      0.00061  0.00061  0.50   97502      60   97472  4537809  46.54
1992-1994       34      0.00073  0.00073  0.50   97442      71   97406  4440338  45.57
1992-1994       35      0.00088  0.00087  0.50   97371      85   97328  4342931  44.60
1992-1994       36      0.00090  0.00090  0.50   97285      87   97242  4245603  43.64
1992-1994       37      0.00105  0.00105  0.50   97198     102   97147  4148362  42.68
1992-1994       38      0.00122  0.00122  0.50   97096     118   97037  4051215  41.72
1992-1994       39      0.00127  0.00127  0.50   96978     123   96916  3954178  40.77
1992-1994       40      0.00125  0.00125  0.50   96855     121   96795  3857262  39.83
1992-1994       41      0.00161  0.00161  0.50   96734     155   96656  3760467  38.87
1992-1994       42      0.00164  0.00164  0.50   96579     159   96499  3663811  37.94
1992-1994       43      0.00171  0.00171  0.50   96420     164   96338  3567311  37.00
1992-1994       44      0.00202  0.00202  0.50   96256     194   96158  3470974  36.06
1992-1994       45      0.00231  0.00231  0.50   96061     222   95950  3374815  35.13
1992-1994       46      0.00260  0.00260  0.50   95839     249   95715  3278865  34.21
1992-1994       47      0.00284  0.00284  0.50   95590     271   95455  3183151  33.30
1992-1994       48      0.00291  0.00291  0.50   95319     277   95180  3087696  32.39
1992-1994       49      0.00320  0.00320  0.50   95042     304   94890  2992516  31.49
1992-1994       50      0.00353  0.00352  0.50   94738     333   94571  2897626  30.59
1992-1994       51      0.00407  0.00406  0.50   94404     383   94213  2803055  29.69
1992-1994       52      0.00412  0.00411  0.50   94021     386   93828  2708842  28.81
1992-1994       53      0.00478  0.00477  0.50   93634     446   93411  2615015  27.93
1992-1994       54      0.00486  0.00485  0.50   93188     452   92962  2521603  27.06
1992-1994       55      0.00519  0.00517  0.50   92736     480   92496  2428641  26.19
1992-1994       56      0.00608  0.00606  0.50   92257     559   91977  2336145  25.32
1992-1994       57      0.00668  0.00666  0.50   91697     611   91392  2244168  24.47
1992-1994       58      0.00709  0.00706  0.50   91087     643   90765  2152776  23.63
1992-1994       59      0.00775  0.00772  0.50   90444     698   90095  2062011  22.80
1992-1994       60      0.00800  0.00797  0.50   89745     715   89388  1971916  21.97
1992-1994       61      0.00917  0.00912  0.50   89031     812   88624  1882528  21.14
1992-1994       62      0.01068  0.01063  0.50   88218     938   87749  1793904  20.33
1992-1994       63      0.01138  0.01132  0.50   87281     988   86787  1706155  19.55
1992-1994       64      0.01255  0.01248  0.50   86293    1077   85755  1619368  18.77
1992-1994       65      0.01336  0.01327  0.50   85216    1131   84651  1533613  18.00
1992-1994       66      0.01519  0.01508  0.50   84085    1268   83451  1448963  17.23
1992-1994       67      0.01624  0.01611  0.50   82817    1334   82150  1365511  16.49
1992-1994       68      0.01801  0.01785  0.50   81483    1455   80756  1283361  15.75
1992-1994       69      0.02190  0.02166  0.50   80029    1733   79162  1202605  15.03
1992-1994       70      0.02308  0.02282  0.50   78295    1787   77402  1123443  14.35
1992-1994       71      0.02593  0.02560  0.50   76509    1959   75529  1046041  13.67
1992-1994       72      0.02817  0.02778  0.50   74550    2071   73515   970512  13.02
1992-1994       73      0.03022  0.02977  0.50   72479    2158   71400   896998  12.38
1992-1994       74      0.03333  0.03278  0.50   70321    2305   69169   825597  11.74
1992-1994       75      0.03813  0.03742  0.50   68016    2545   66743   756428  11.12
1992-1994       76      0.04227  0.04139  0.50   65471    2710   64116   689685  10.53
1992-1994       77      0.04671  0.04565  0.50   62761    2865   61328   625569   9.97
1992-1994       78      0.05337  0.05199  0.50   59896    3114   58339   564241   9.42
1992-1994       79      0.05896  0.05727  0.50   56782    3252   55156   505902   8.91
1992-1994       80      0.06094  0.05914  0.50   53530    3166   51947   450746   8.42
1992-1994       81      0.06678  0.06462  0.50   50364    3254   48737   398799   7.92
1992-1994       82      0.07664  0.07381  0.50   47110    3477   45371   350061   7.43
1992-1994       83      0.08488  0.08143  0.50   43632    3553   41856   304690   6.98
1992-1994       84      0.09012  0.08623  0.50   40080    3456   38352   262834   6.56
1992-1994       85      0.10318  0.09812  0.50   36623    3593   34827   224483   6.13
1992-1994       86      0.11254  0.10654  0.50   33030    3519   31271   189656   5.74
1992-1994       87      0.12643  0.11891  0.50   29511    3509   27756   158385   5.37
1992-1994       88      0.13800  0.12910  0.50   26002    3357   24323   130629   5.02
1992-1994       89      0.15805  0.14647  0.50   22645    3317   20987   106305   4.69
1992-1994       90      0.17064  0.15723  0.50   19328    3039   17809    85319   4.41
1992-1994       91      0.18736  0.17131  0.50   16289    2790   14894    67510   4.14
1992-1994       92      0.20372  0.18489  0.50   13499    2496   12251    52616   3.90
1992-1994       93      0.21576  0.19475  0.50   11003    2143    9932    40365   3.67
1992-1994       94      0.22913  0.20558  0.50    8860    1821    7949    30433   3.43
1992-1994       95      0.25956  0.22974  0.50    7039    1617    6230    22484   3.19
1992-1994       96      0.28164  0.24687  0.50    5422    1338    4752    16254   3.00
1992-1994       97      0.30483  0.26451  0.50    4083    1080    3543    11501   2.82
1992-1994       98      0.32905  0.28256  0.50    3003     849    2579     7958   2.65
1992-1994       99      0.35421  0.30092  0.50    2155     648    1830     5379   2.50
1992-1994      100      0.38021  0.31948  0.50    1506     481    1266     3549   2.36
1992-1994      101      0.40692  0.33812  0.50    1025     347     852     2283   2.23
1992-1994      102      0.43419  0.35674  0.50     678     242     557     1432   2.11
1992-1994      103      0.46186  0.37521  0.50     436     164     355      874   2.00
1992-1994      104      0.48977  0.39342  0.50     273     107     219      520   1.91
1992-1994      105      0.51774  0.41127  0.50     165      68     131      301   1.82
1992-1994      106      0.54560  0.42866  0.50      97      42      76      169   1.74
1992-1994      107      0.57318  0.44551  0.50      56      25      43       93   1.67
1992-1994      108      0.60032  0.46173  0.50      31      14      24       50   1.61
1992-1994      109      0.62685  0.47726  0.50      17       8      13       26   1.56
1992-1994      110+     0.65263  1.00000  1.53       9       9      13       13   1.53
1995-1999        0      0.01004  0.00995  0.13  100000     995   99133  7884089  78.84
1995-1999        1      0.00070  0.00070  0.50   99005      70   98970  7784956  78.63
1995-1999        2      0.00063  0.00063  0.50   98935      63   98904  7685986  77.69
1995-1999        3      0.00038  0.00038  0.50   98873      37   98854  7587082  76.74
1995-1999        4      0.00031  0.00031  0.50   98836      31   98820  7488227  75.76
1995-1999        5      0.00025  0.00025  0.50   98805      25   98792  7389407  74.79
1995-1999        6      0.00020  0.00020  0.50   98780      20   98770  7290615  73.81
1995-1999        7      0.00018  0.00018  0.50   98760      18   98751  7191845  72.82
1995-1999        8      0.00019  0.00019  0.50   98742      18   98733  7093094  71.83
1995-1999        9      0.00020  0.00020  0.50   98724      20   98714  6994361  70.85
1995-1999       10      0.00021  0.00021  0.50   98704      20   98694  6895647  69.86
1995-1999       11      0.00020  0.00020  0.50   98683      19   98674  6796954  68.88
1995-1999       12      0.00020  0.00020  0.50   98664      20   98654  6698280  67.89
1995-1999       13      0.00021  0.00021  0.50   98644      21   98634  6599626  66.90
1995-1999       14      0.00024  0.00024  0.50   98623      24   98611  6500993  65.92
1995-1999       15      0.00027  0.00027  0.50   98600      26   98586  6402381  64.93
1995-1999       16      0.00030  0.00030  0.50   98573      30   98558  6303795  63.95
1995-1999       17      0.00034  0.00034  0.50   98544      33   98527  6205236  62.97
1995-1999       18      0.00039  0.00039  0.50   98511      38   98492  6106709  61.99
1995-1999       19      0.00036  0.00036  0.50   98472      36   98455  6008218  61.01
1995-1999       20      0.00039  0.00039  0.50   98437      38   98418  5909763  60.04
1995-1999       21      0.00037  0.00037  0.50   98399      36   98380  5811345  59.06
1995-1999       22      0.00039  0.00039  0.50   98362      39   98343  5712965  58.08
1995-1999       23      0.00041  0.00041  0.50   98323      41   98303  5614622  57.10
1995-1999       24      0.00037  0.00037  0.50   98283      36   98265  5516319  56.13
1995-1999       25      0.00037  0.00037  0.50   98247      37   98228  5418054  55.15
1995-1999       26      0.00041  0.00041  0.50   98210      41   98190  5319826  54.17
1995-1999       27      0.00046  0.00046  0.50   98169      45   98147  5221636  53.19
1995-1999       28      0.00045  0.00045  0.50   98124      45   98102  5123489  52.21
1995-1999       29      0.00053  0.00053  0.50   98080      52   98054  5025387  51.24
1995-1999       30      0.00052  0.00052  0.50   98028      51   98002  4927334  50.26
1995-1999       31      0.00054  0.00054  0.50   97976      53   97950  4829332  49.29
1995-1999       32      0.00063  0.00063  0.50   97924      62   97893  4731382  48.32
1995-1999       33      0.00067  0.00067  0.50   97861      66   97829  4633489  47.35
1995-1999       34      0.00074  0.00074  0.50   97796      72   97760  4535661  46.38
1995-1999       35      0.00080  0.00080  0.50   97723      78   97684  4437901  45.41
1995-1999       36      0.00078  0.00078  0.50   97645      76   97607  4340217  44.45
1995-1999       37      0.00089  0.00089  0.50   97569      86   97526  4242610  43.48
1995-1999       38      0.00105  0.00105  0.50   97483     102   97432  4145084  42.52
1995-1999       39      0.00108  0.00108  0.50   97381     105   97328  4047653  41.57
1995-1999       40      0.00119  0.00119  0.50   97276     116   97218  3950325  40.61
1995-1999       41      0.00131  0.00131  0.50   97160     127   97096  3853107  39.66
1995-1999       42      0.00140  0.00140  0.50   97033     136   96965  3756011  38.71
1995-1999       43      0.00156  0.00155  0.50   96897     151   96821  3659046  37.76
1995-1999       44      0.00180  0.00180  0.50   96746     174   96659  3562225  36.82
1995-1999       45      0.00192  0.00192  0.50   96572     185   96479  3465566  35.89
1995-1999       46      0.00211  0.00211  0.50   96386     204   96284  3369087  34.95
1995-1999       47      0.00235  0.00234  0.50   96183     226   96070  3272803  34.03
1995-1999       48      0.00267  0.00267  0.50   95957     256   95829  3176733  33.11
1995-1999       49      0.00299  0.00298  0.50   95701     285   95558  3080904  32.19
1995-1999       50      0.00317  0.00317  0.50   95415     302   95264  2985346  31.29
1995-1999       51      0.00362  0.00361  0.50   95113     344   94941  2890082  30.39
1995-1999       52      0.00390  0.00390  0.50   94770     369   94585  2795141  29.49
1995-1999       53      0.00436  0.00435  0.50   94400     411   94195  2700556  28.61
1995-1999       54      0.00466  0.00465  0.50   93990     437   93771  2606361  27.73
1995-1999       55      0.00513  0.00511  0.50   93552     478   93313  2512590  26.86
1995-1999       56      0.00541  0.00540  0.50   93074     502   92823  2419276  25.99
1995-1999       57      0.00591  0.00589  0.50   92572     545   92299  2326454  25.13
1995-1999       58      0.00636  0.00634  0.50   92026     584   91735  2234155  24.28
1995-1999       59      0.00720  0.00717  0.50   91443     656   91115  2142420  23.43
1995-1999       60      0.00774  0.00771  0.50   90787     700   90437  2051305  22.59
1995-1999       61      0.00826  0.00822  0.50   90087     741   89716  1960869  21.77
1995-1999       62      0.00923  0.00919  0.50   89346     821   88935  1871153  20.94
1995-1999       63      0.01058  0.01052  0.50   88524     932   88059  1782217  20.13
1995-1999       64      0.01160  0.01153  0.50   87593    1010   87088  1694159  19.34
1995-1999       65      0.01297  0.01288  0.50   86583    1116   86025  1607071  18.56
1995-1999       66      0.01353  0.01344  0.50   85467    1149   84893  1521046  17.80
1995-1999       67      0.01524  0.01513  0.50   84318    1276   83681  1436154  17.03
1995-1999       68      0.01607  0.01594  0.50   83043    1324   82381  1352473  16.29
1995-1999       69      0.01835  0.01819  0.50   81719    1486   80976  1270092  15.54
1995-1999       70      0.02017  0.01997  0.50   80233    1602   79432  1189116  14.82
1995-1999       71      0.02290  0.02264  0.50   78630    1780   77740  1109684  14.11
1995-1999       72      0.02585  0.02552  0.50   76850    1961   75870  1031944  13.43
1995-1999       73      0.02804  0.02765  0.50   74889    2071   73854   956074  12.77
1995-1999       74      0.03177  0.03127  0.50   72819    2277   71680   882220  12.12
1995-1999       75      0.03491  0.03431  0.50   70542    2420   69332   810540  11.49
1995-1999       76      0.03819  0.03747  0.50   68121    2553   66845   741209  10.88
1995-1999       77      0.04151  0.04066  0.50   65569    2666   64236   674364  10.28
1995-1999       78      0.04749  0.04639  0.50   62903    2918   61444   610128   9.70
1995-1999       79      0.05247  0.05113  0.50   59985    3067   58451   548685   9.15
1995-1999       80      0.05664  0.05508  0.50   56917    3135   55350   490233   8.61
1995-1999       81      0.06418  0.06218  0.50   53782    3344   52110   434884   8.09
1995-1999       82      0.07127  0.06882  0.50   50438    3471   48703   382773   7.59
1995-1999       83      0.07692  0.07408  0.50   46967    3479   45228   334070   7.11
1995-1999       84      0.08743  0.08377  0.50   43488    3643   41667   288843   6.64
1995-1999       85      0.09992  0.09517  0.50   39845    3792   37949   247176   6.20
1995-1999       86      0.10696  0.10153  0.50   36053    3661   34223   209227   5.80
1995-1999       87      0.12247  0.11540  0.50   32393    3738   30524   175004   5.40
1995-1999       88      0.13618  0.12750  0.50   28655    3653   26828   144480   5.04
1995-1999       89      0.15274  0.14190  0.50   25001    3548   23227   117652   4.71
1995-1999       90      0.16462  0.15210  0.50   21453    3263   19822    94425   4.40
1995-1999       91      0.18506  0.16939  0.50   18190    3081   16650    74603   4.10
1995-1999       92      0.20751  0.18800  0.50   15109    2841   13689    57954   3.84
1995-1999       93      0.21519  0.19428  0.50   12268    2384   11077    44265   3.61
1995-1999       94      0.24387  0.21737  0.50    9885    2149    8811    33188   3.36
1995-1999       95      0.26177  0.23147  0.50    7736    1791    6841    24378   3.15
1995-1999       96      0.28519  0.24960  0.50    5946    1484    5204    17537   2.95
1995-1999       97      0.30982  0.26827  0.50    4462    1197    3863    12333   2.76
1995-1999       98      0.33559  0.28737  0.50    3265     938    2796     8470   2.59
1995-1999       99      0.36237  0.30678  0.50    2326     714    1970     5675   2.44
1995-1999      100      0.39003  0.32638  0.50    1613     526    1350     3705   2.30
1995-1999      101      0.41842  0.34603  0.50    1086     376     898     2355   2.17
1995-1999      102      0.44736  0.36559  0.50     710     260     581     1457   2.05
1995-1999      103      0.47666  0.38492  0.50     451     173     364      876   1.94
1995-1999      104      0.50613  0.40391  0.50     277     112     221      512   1.85
1995-1999      105      0.53555  0.42243  0.50     165      70     130      291   1.76
1995-1999      106      0.56472  0.44038  0.50      95      42      74      161   1.68
1995-1999      107      0.59346  0.45766  0.50      53      24      41       86   1.62
1995-1999      108      0.62157  0.47420  0.50      29      14      22       45   1.56
1995-1999      109      0.64888  0.48993  0.50      15       7      12       23   1.51
1995-1999      110+     0.67526  1.00000  1.48       8       8      12       12   1.48
2000-2004        0      0.00810  0.00804  0.13  100000     804   99302  8019552  80.20
2000-2004        1      0.00064  0.00063  0.50   99196      63   99164  7920250  79.84
2000-2004        2      0.00045  0.00045  0.50   99133      45   99110  7821086  78.90
2000-2004        3      0.00029  0.00029  0.50   99088      29   99073  7721976  77.93
2000-2004        4      0.00026  0.00025  0.50   99059      25   99046  7622902  76.95
2000-2004        5      0.00020  0.00020  0.50   99034      20   99024  7523856  75.97
2000-2004        6      0.00018  0.00018  0.50   99013      18   99005  7424832  74.99
2000-2004        7      0.00020  0.00020  0.50   98996      19   98986  7325828  74.00
2000-2004        8      0.00014  0.00014  0.50   98976      14   98969  7226842  73.02
2000-2004        9      0.00015  0.00015  0.50   98963      15   98955  7127872  72.03
2000-2004       10      0.00016  0.00016  0.50   98947      16   98940  7028917  71.04
2000-2004       11      0.00017  0.00017  0.50   98932      17   98923  6929978  70.05
2000-2004       12      0.00017  0.00017  0.50   98914      16   98906  6831055  69.06
2000-2004       13      0.00018  0.00018  0.50   98898      18   98889  6732148  68.07
2000-2004       14      0.00023  0.00023  0.50   98880      23   98868  6633259  67.08
2000-2004       15      0.00025  0.00025  0.50   98857      25   98845  6534391  66.10
2000-2004       16      0.00027  0.00027  0.50   98832      26   98819  6435546  65.12
2000-2004       17      0.00030  0.00030  0.50   98806      30   98791  6336727  64.13
2000-2004       18      0.00028  0.00028  0.50   98776      28   98762  6237936  63.15
2000-2004       19      0.00031  0.00031  0.50   98748      31   98733  6139174  62.17
2000-2004       20      0.00033  0.00033  0.50   98718      33   98701  6040441  61.19
2000-2004       21      0.00033  0.00033  0.50   98685      33   98668  5941739  60.21
2000-2004       22      0.00036  0.00036  0.50   98652      36   98634  5843071  59.23
2000-2004       23      0.00037  0.00037  0.50   98616      37   98598  5744437  58.25
2000-2004       24      0.00039  0.00039  0.50   98579      38   98560  5645839  57.27
2000-2004       25      0.00038  0.00038  0.50   98541      38   98522  5547279  56.29
2000-2004       26      0.00043  0.00043  0.50   98503      43   98482  5448757  55.32
2000-2004       27      0.00044  0.00044  0.50   98460      44   98439  5350275  54.34
2000-2004       28      0.00048  0.00048  0.50   98417      47   98393  5251837  53.36
2000-2004       29      0.00041  0.00041  0.50   98370      41   98349  5153443  52.39
2000-2004       30      0.00042  0.00042  0.50   98329      41   98308  5055094  51.41
2000-2004       31      0.00049  0.00049  0.50   98288      48   98264  4956785  50.43
2000-2004       32      0.00050  0.00050  0.50   98240      49   98215  4858522  49.46
2000-2004       33      0.00055  0.00055  0.50   98191      54   98164  4760306  48.48
2000-2004       34      0.00068  0.00068  0.50   98137      67   98103  4662143  47.51
2000-2004       35      0.00067  0.00067  0.50   98070      66   98037  4564039  46.54
2000-2004       36      0.00075  0.00075  0.50   98005      74   97968  4466002  45.57
2000-2004       37      0.00078  0.00078  0.50   97931      76   97893  4368034  44.60
2000-2004       38      0.00082  0.00082  0.50   97855      80   97815  4270141  43.64
2000-2004       39      0.00092  0.00092  0.50   97774      90   97729  4172326  42.67
2000-2004       40      0.00106  0.00106  0.50   97684     104   97632  4074597  41.71
2000-2004       41      0.00118  0.00118  0.50   97580     115   97523  3976964  40.76
2000-2004       42      0.00120  0.00120  0.50   97466     117   97407  3879441  39.80
2000-2004       43      0.00133  0.00133  0.50   97349     130   97284  3782034  38.85
2000-2004       44      0.00150  0.00150  0.50   97219     146   97146  3684750  37.90
2000-2004       45      0.00167  0.00167  0.50   97073     162   96992  3587605  36.96
2000-2004       46      0.00189  0.00189  0.50   96911     183   96819  3490613  36.02
2000-2004       47      0.00220  0.00220  0.50   96728     213   96621  3393794  35.09
2000-2004       48      0.00225  0.00225  0.50   96515     217   96406  3297173  34.16
2000-2004       49      0.00248  0.00248  0.50   96298     239   96179  3200766  33.24
2000-2004       50      0.00272  0.00272  0.50   96059     261   95929  3104587  32.32
2000-2004       51      0.00295  0.00295  0.50   95798     282   95657  3008659  31.41
2000-2004       52      0.00330  0.00330  0.50   95516     315   95358  2913002  30.50
2000-2004       53      0.00368  0.00367  0.50   95201     349   95026  2817644  29.60
2000-2004       54      0.00412  0.00411  0.50   94851     390   94657  2722617  28.70
2000-2004       55      0.00446  0.00445  0.50   94462     420   94252  2627961  27.82
2000-2004       56      0.00498  0.00496  0.50   94041     467   93808  2533709  26.94
2000-2004       57      0.00542  0.00541  0.50   93575     506   93322  2439901  26.07
2000-2004       58      0.00586  0.00584  0.50   93069     544   92797  2346579  25.21
2000-2004       59      0.00641  0.00639  0.50   92525     592   92229  2253782  24.36
2000-2004       60      0.00736  0.00733  0.50   91934     674   91597  2161553  23.51
2000-2004       61      0.00792  0.00788  0.50   91260     720   90900  2069956  22.68
2000-2004       62      0.00874  0.00871  0.50   90540     788   90146  1979056  21.86
2000-2004       63      0.00897  0.00893  0.50   89752     802   89351  1888910  21.05
2000-2004       64      0.00978  0.00974  0.50   88950     866   88517  1799559  20.23
2000-2004       65      0.01096  0.01090  0.50   88084     960   87604  1711042  19.43
2000-2004       66      0.01228  0.01220  0.50   87124    1063   86592  1623438  18.63
2000-2004       67      0.01320  0.01312  0.50   86060    1129   85496  1536846  17.86
2000-2004       68      0.01523  0.01511  0.50   84932    1284   84290  1451350  17.09
2000-2004       69      0.01670  0.01656  0.50   83648    1386   82955  1367060  16.34
2000-2004       70      0.01882  0.01865  0.50   82263    1534   81496  1284105  15.61
2000-2004       71      0.02001  0.01981  0.50   80729    1599   79929  1202609  14.90
2000-2004       72      0.02247  0.02222  0.50   79129    1758   78250  1122680  14.19
2000-2004       73      0.02471  0.02441  0.50   77371    1888   76427  1044430  13.50
2000-2004       74      0.02598  0.02564  0.50   75483    1936   74515   968003  12.82
2000-2004       75      0.02995  0.02951  0.50   73547    2170   72462   893488  12.15
2000-2004       76      0.03380  0.03323  0.50   71377    2372   70191   821026  11.50
2000-2004       77      0.03783  0.03713  0.50   69005    2562   67724   750836  10.88
2000-2004       78      0.04308  0.04217  0.50   66442    2802   65041   683112  10.28
2000-2004       79      0.04791  0.04679  0.50   63640    2978   62152   618071   9.71
2000-2004       80      0.05172  0.05041  0.50   60663    3058   59134   555919   9.16
2000-2004       81      0.05567  0.05416  0.50   57605    3120   56045   496785   8.62
2000-2004       82      0.06267  0.06076  0.50   54485    3311   52829   440741   8.09
2000-2004       83      0.07260  0.07006  0.50   51174    3585   49382   387911   7.58
2000-2004       84      0.07682  0.07398  0.50   47589    3521   45829   338530   7.11
2000-2004       85      0.08607  0.08252  0.50   44068    3637   42250   292701   6.64
2000-2004       86      0.09681  0.09234  0.50   40432    3733   38565   250451   6.19
2000-2004       87      0.10812  0.10257  0.50   36698    3764   34816   211886   5.77
2000-2004       88      0.12132  0.11438  0.50   32934    3767   31051   177069   5.38
2000-2004       89      0.13563  0.12702  0.50   29167    3705   27315   146019   5.01
2000-2004       90      0.14919  0.13884  0.50   25462    3535   23695   118704   4.66
2000-2004       91      0.16814  0.15510  0.50   21927    3401   20227    95009   4.33
2000-2004       92      0.18203  0.16685  0.50   18526    3091   16981    74782   4.04
2000-2004       93      0.20778  0.18822  0.50   15435    2905   13983    57801   3.74
2000-2004       94      0.23302  0.20870  0.50   12530    2615   11223    43818   3.50
2000-2004       95      0.24605  0.21910  0.50    9915    2172    8829    32596   3.29
2000-2004       96      0.26933  0.23737  0.50    7743    1838    6824    23767   3.07
2000-2004       97      0.29396  0.25629  0.50    5905    1513    5148    16943   2.87
2000-2004       98      0.31986  0.27576  0.50    4391    1211    3786    11795   2.69
2000-2004       99      0.34692  0.29564  0.50    3180     940    2710     8009   2.52
2000-2004      100      0.37500  0.31579  0.50    2240     707    1886     5299   2.37
2000-2004      101      0.40395  0.33607  0.50    1533     515    1275     3412   2.23
2000-2004      102      0.43359  0.35634  0.50    1018     363     836     2137   2.10
2000-2004      103      0.46370  0.37643  0.50     655     247     532     1301   1.99
2000-2004      104      0.49409  0.39621  0.50     408     162     328      769   1.88
2000-2004      105      0.52452  0.41554  0.50     247     102     195      442   1.79
2000-2004      106      0.55476  0.43430  0.50     144      63     113      246   1.71
2000-2004      107      0.58461  0.45238  0.50      82      37      63      133   1.64
2000-2004      108      0.61385  0.46969  0.50      45      21      34       70   1.57
2000-2004      109      0.64229  0.48616  0.50      24      12      18       36   1.52
2000-2004      110+     0.66976  1.00000  1.49      12      12      18       18   1.49
2005-2009        0      0.00742  0.00737  0.13  100000     737   99362  8099170  80.99
2005-2009        1      0.00058  0.00058  0.50   99263      57   99235  7999808  80.59
2005-2009        2      0.00027  0.00027  0.50   99206      27   99192  7900574  79.64
2005-2009        3      0.00023  0.00023  0.50   99179      23   99168  7801381  78.66
2005-2009        4      0.00017  0.00017  0.50   99156      17   99148  7702214  77.68
2005-2009        5      0.00017  0.00017  0.50   99139      17   99131  7603066  76.69
2005-2009        6      0.00016  0.00016  0.50   99122      16   99114  7503935  75.70
2005-2009        7      0.00015  0.00015  0.50   99106      15   99098  7404821  74.72
2005-2009        8      0.00010  0.00010  0.50   99091      10   99086  7305723  73.73
2005-2009        9      0.00016  0.00016  0.50   99081      16   99073  7206637  72.74
2005-2009       10      0.00014  0.00014  0.50   99065      14   99058  7107564  71.75
2005-2009       11      0.00015  0.00015  0.50   99051      15   99043  7008507  70.76
2005-2009       12      0.00018  0.00018  0.50   99035      18   99026  6909464  69.77
2005-2009       13      0.00018  0.00018  0.50   99017      18   99008  6810437  68.78
2005-2009       14      0.00021  0.00021  0.50   99000      21   98989  6711429  67.79
2005-2009       15      0.00027  0.00027  0.50   98979      27   98966  6612440  66.81
2005-2009       16      0.00029  0.00029  0.50   98952      29   98938  6513474  65.82
2005-2009       17      0.00032  0.00032  0.50   98923      32   98907  6414536  64.84
2005-2009       18      0.00032  0.00032  0.50   98891      32   98875  6315629  63.86
2005-2009       19      0.00033  0.00033  0.50   98860      32   98843  6216753  62.88
2005-2009       20      0.00033  0.00033  0.50   98827      33   98811  6117910  61.91
2005-2009       21      0.00030  0.00030  0.50   98794      29   98780  6019099  60.93
2005-2009       22      0.00035  0.00035  0.50   98765      35   98748  5920319  59.94
2005-2009       23      0.00038  0.00038  0.50   98730      37   98712  5821572  58.96
2005-2009       24      0.00035  0.00035  0.50   98693      35   98676  5722860  57.99
2005-2009       25      0.00037  0.00036  0.50   98659      36   98641  5624184  57.01
2005-2009       26      0.00036  0.00036  0.50   98623      35   98605  5525543  56.03
2005-2009       27      0.00039  0.00039  0.50   98588      38   98569  5426938  55.05
2005-2009       28      0.00043  0.00043  0.50   98550      42   98528  5328369  54.07
2005-2009       29      0.00047  0.00047  0.50   98507      47   98484  5229841  53.09
2005-2009       30      0.00049  0.00049  0.50   98461      48   98437  5131357  52.12
2005-2009       31      0.00046  0.00046  0.50   98412      45   98390  5032920  51.14
2005-2009       32      0.00058  0.00058  0.50   98368      57   98339  4934530  50.16
2005-2009       33      0.00060  0.00060  0.50   98311      59   98281  4836191  49.19
2005-2009       34      0.00062  0.00062  0.50   98252      61   98222  4737910  48.22
2005-2009       35      0.00062  0.00062  0.50   98191      61   98161  4639688  47.25
2005-2009       36      0.00072  0.00072  0.50   98130      70   98095  4541528  46.28
2005-2009       37      0.00078  0.00078  0.50   98060      77   98022  4443432  45.31
2005-2009       38      0.00081  0.00081  0.50   97983      79   97944  4345411  44.35
2005-2009       39      0.00087  0.00087  0.50   97904      86   97861  4247467  43.38
2005-2009       40      0.00091  0.00091  0.50   97819      89   97774  4149606  42.42
2005-2009       41      0.00107  0.00107  0.50   97730     105   97677  4051832  41.46
2005-2009       42      0.00113  0.00113  0.50   97625     110   97570  3954154  40.50
2005-2009       43      0.00128  0.00128  0.50   97515     124   97452  3856585  39.55
2005-2009       44      0.00140  0.00140  0.50   97390     137   97322  3759132  38.60
2005-2009       45      0.00154  0.00154  0.50   97253     150   97178  3661810  37.65
2005-2009       46      0.00163  0.00163  0.50   97103     158   97024  3564632  36.71
2005-2009       47      0.00191  0.00191  0.50   96945     185   96853  3467607  35.77
2005-2009       48      0.00201  0.00201  0.50   96760     194   96663  3370755  34.84
2005-2009       49      0.00229  0.00229  0.50   96566     221   96456  3274091  33.91
2005-2009       50      0.00250  0.00250  0.50   96346     241   96225  3177635  32.98
2005-2009       51      0.00277  0.00276  0.50   96105     265   95972  3081410  32.06
2005-2009       52      0.00292  0.00292  0.50   95839     280   95700  2985438  31.15
2005-2009       53      0.00345  0.00344  0.50   95560     329   95396  2889738  30.24
2005-2009       54      0.00353  0.00352  0.50   95231     335   95063  2794343  29.34
2005-2009       55      0.00375  0.00375  0.50   94896     356   94718  2699279  28.44
2005-2009       56      0.00439  0.00439  0.50   94540     415   94333  2604561  27.55
2005-2009       57      0.00481  0.00480  0.50   94126     452   93900  2510228  26.67
2005-2009       58      0.00539  0.00538  0.50   93674     504   93422  2416328  25.80
2005-2009       59      0.00570  0.00568  0.50   93170     530   92905  2322907  24.93
2005-2009       60      0.00642  0.00640  0.50   92640     593   92344  2230002  24.07
2005-2009       61      0.00708  0.00706  0.50   92047     650   91722  2137658  23.22
2005-2009       62      0.00798  0.00795  0.50   91397     727   91034  2045936  22.39
2005-2009       63      0.00849  0.00846  0.50   90670     767   90287  1954902  21.56
2005-2009       64      0.00961  0.00956  0.50   89904     859   89474  1864615  20.74
2005-2009       65      0.01062  0.01056  0.50   89044     940   88574  1775141  19.94
2005-2009       66      0.01114  0.01108  0.50   88104     976   87616  1686567  19.14
2005-2009       67      0.01244  0.01237  0.50   87127    1077   86589  1598952  18.35
2005-2009       68      0.01345  0.01336  0.50   86050    1150   85475  1512363  17.58
2005-2009       69      0.01421  0.01411  0.50   84900    1198   84301  1426888  16.81
2005-2009       70      0.01538  0.01527  0.50   83702    1278   83063  1342587  16.04
2005-2009       71      0.01754  0.01739  0.50   82424    1433   81708  1259524  15.28
2005-2009       72      0.02024  0.02003  0.50   80991    1623   80180  1177817  14.54
2005-2009       73      0.02133  0.02110  0.50   79369    1675   78531  1097637  13.83
2005-2009       74      0.02516  0.02484  0.50   77694    1930   76729  1019106  13.12
2005-2009       75      0.02804  0.02766  0.50   75764    2095   74716   942377  12.44
2005-2009       76      0.03095  0.03048  0.50   73668    2245   72546   867661  11.78
2005-2009       77      0.03469  0.03410  0.50   71423    2435   70205   795116  11.13
2005-2009       78      0.03876  0.03802  0.50   68987    2623   67676   724911  10.51
2005-2009       79      0.04336  0.04244  0.50   66364    2817   64956   657235   9.90
2005-2009       80      0.05075  0.04949  0.50   63548    3145   61975   592279   9.32
2005-2009       81      0.05696  0.05539  0.50   60402    3345   58730   530304   8.78
2005-2009       82      0.06229  0.06041  0.50   57057    3447   55333   471574   8.26
2005-2009       83      0.06989  0.06753  0.50   53610    3620   51800   416241   7.76
2005-2009       84      0.07664  0.07381  0.50   49990    3690   48145   364441   7.29
2005-2009       85      0.08443  0.08101  0.50   46300    3751   44425   316296   6.83
2005-2009       86      0.09563  0.09126  0.50   42549    3883   40608   271871   6.39
2005-2009       87      0.10485  0.09963  0.50   38666    3852   36740   231263   5.98
2005-2009       88      0.11644  0.11004  0.50   34814    3831   32899   194523   5.59
2005-2009       89      0.12768  0.12002  0.50   30983    3719   29124   161625   5.22
2005-2009       90      0.14506  0.13525  0.50   27265    3688   25421   132501   4.86
2005-2009       91      0.15783  0.14628  0.50   23577    3449   21853   107080   4.54
2005-2009       92      0.17476  0.16072  0.50   20128    3235   18511    85227   4.23
2005-2009       93      0.19732  0.17960  0.50   16893    3034   15376    66717   3.95
2005-2009       94      0.21295  0.19246  0.50   13859    2667   12525    51340   3.70
2005-2009       95      0.23133  0.20735  0.50   11192    2321   10032    38815   3.47
2005-2009       96      0.25263  0.22430  0.50    8871    1990    7876    28784   3.24
2005-2009       97      0.27519  0.24191  0.50    6881    1665    6049    20907   3.04
2005-2009       98      0.29896  0.26008  0.50    5217    1357    4538    14858   2.85
2005-2009       99      0.32386  0.27873  0.50    3860    1076    3322    10320   2.67
2005-2009      100      0.34980  0.29773  0.50    2784     829    2370     6998   2.51
2005-2009      101      0.37667  0.31697  0.50    1955     620    1645     4628   2.37
2005-2009      102      0.40431  0.33632  0.50    1335     449    1111     2983   2.23
2005-2009      103      0.43257  0.35565  0.50     886     315     729     1872   2.11
2005-2009      104      0.46128  0.37483  0.50     571     214     464     1143   2.00
2005-2009      105      0.49025  0.39374  0.50     357     141     287      679   1.90
2005-2009      106      0.51928  0.41225  0.50     216      89     172      393   1.81
2005-2009      107      0.54819  0.43026  0.50     127      55     100      221   1.74
2005-2009      108      0.57677  0.44767  0.50      72      32      56      121   1.67
2005-2009      109      0.60485  0.46440  0.50      40      19      31       65   1.61
2005-2009      110+     0.63225  1.00000  1.58      21      21      34       34   1.58
2010-2014        0      0.00686  0.00682  0.13  100000     682   99410  8151073  81.51
2010-2014        1      0.00045  0.00045  0.50   99318      44   99295  8051663  81.07
2010-2014        2      0.00026  0.00026  0.50   99273      26   99260  7952367  80.11
2010-2014        3      0.00020  0.00020  0.50   99247      19   99238  7853107  79.13
2010-2014        4      0.00020  0.00020  0.50   99228      19   99218  7753870  78.14
2010-2014        5      0.00014  0.00014  0.50   99208      13   99202  7654651  77.16
2010-2014        6      0.00013  0.00013  0.50   99195      13   99188  7555450  76.17
2010-2014        7      0.00016  0.00016  0.50   99182      16   99174  7456261  75.18
2010-2014        8      0.00011  0.00011  0.50   99166      11   99161  7357087  74.19
2010-2014        9      0.00012  0.00012  0.50   99156      12   99150  7257926  73.20
2010-2014       10      0.00015  0.00015  0.50   99144      15   99137  7158776  72.21
2010-2014       11      0.00012  0.00012  0.50   99129      12   99123  7059639  71.22
2010-2014       12      0.00015  0.00015  0.50   99117      15   99110  6960516  70.22
2010-2014       13      0.00017  0.00017  0.50   99103      17   99094  6861406  69.24
2010-2014       14      0.00019  0.00019  0.50   99085      18   99076  6762312  68.25
2010-2014       15      0.00023  0.00023  0.50   99067      23   99056  6663236  67.26
2010-2014       16      0.00028  0.00028  0.50   99045      27   99031  6564180  66.27
2010-2014       17      0.00027  0.00027  0.50   99017      27   99004  6465149  65.29
2010-2014       18      0.00030  0.00030  0.50   98990      30   98975  6366145  64.31
2010-2014       19      0.00031  0.00031  0.50   98960      31   98945  6267170  63.33
2010-2014       20      0.00029  0.00029  0.50   98929      29   98914  6168225  62.35
2010-2014       21      0.00033  0.00033  0.50   98900      33   98883  6069311  61.37
2010-2014       22      0.00032  0.00032  0.50   98867      32   98851  5970428  60.39
2010-2014       23      0.00037  0.00037  0.50   98835      36   98817  5871577  59.41
2010-2014       24      0.00032  0.00032  0.50   98799      31   98783  5772760  58.43
2010-2014       25      0.00036  0.00036  0.50   98768      35   98750  5673977  57.45
2010-2014       26      0.00042  0.00042  0.50   98732      41   98712  5575227  56.47
2010-2014       27      0.00036  0.00036  0.50   98691      35   98673  5476515  55.49
2010-2014       28      0.00041  0.00041  0.50   98655      41   98635  5377842  54.51
2010-2014       29      0.00038  0.00038  0.50   98615      37   98596  5279207  53.53
2010-2014       30      0.00043  0.00043  0.50   98577      42   98556  5180611  52.55
2010-2014       31      0.00050  0.00050  0.50   98535      49   98510  5082055  51.58
2010-2014       32      0.00057  0.00057  0.50   98486      56   98458  4983545  50.60
2010-2014       33      0.00053  0.00053  0.50   98430      52   98404  4885087  49.63
2010-2014       34      0.00053  0.00053  0.50   98378      52   98352  4786683  48.66
2010-2014       35      0.00057  0.00057  0.50   98326      56   98298  4688331  47.68
2010-2014       36      0.00065  0.00065  0.50   98270      64   98238  4590034  46.71
2010-2014       37      0.00072  0.00072  0.50   98206      71   98170  4491796  45.74
2010-2014       38      0.00080  0.00080  0.50   98135      78   98096  4393625  44.77
2010-2014       39      0.00083  0.00083  0.50   98057      81   98016  4295529  43.81
2010-2014       40      0.00094  0.00094  0.50   97976      92   97930  4197513  42.84
2010-2014       41      0.00096  0.00096  0.50   97884      94   97837  4099583  41.88
2010-2014       42      0.00114  0.00114  0.50   97790     111   97735  4001747  40.92
2010-2014       43      0.00128  0.00128  0.50   97679     125   97616  3904012  39.97
2010-2014       44      0.00139  0.00139  0.50   97554     136   97486  3806396  39.02
2010-2014       45      0.00138  0.00138  0.50   97418     134   97351  3708910  38.07
2010-2014       46      0.00165  0.00165  0.50   97284     160   97204  3611559  37.12
2010-2014       47      0.00166  0.00166  0.50   97124     161   97043  3514355  36.18
2010-2014       48      0.00199  0.00199  0.50   96963     193   96866  3417312  35.24
2010-2014       49      0.00204  0.00204  0.50   96770     197   96671  3320445  34.31
2010-2014       50      0.00228  0.00228  0.50   96573     220   96463  3223774  33.38
2010-2014       51      0.00251  0.00251  0.50   96353     242   96232  3127311  32.46
2010-2014       52      0.00276  0.00276  0.50   96111     265   95978  3031079  31.54
2010-2014       53      0.00301  0.00301  0.50   95846     288   95702  2935101  30.62
2010-2014       54      0.00320  0.00319  0.50   95558     305   95405  2839399  29.71
2010-2014       55      0.00361  0.00361  0.50   95252     344   95080  2743994  28.81
2010-2014       56      0.00390  0.00389  0.50   94909     369   94724  2648914  27.91
2010-2014       57      0.00442  0.00441  0.50   94540     417   94331  2554189  27.02
2010-2014       58      0.00497  0.00496  0.50   94122     466   93889  2459859  26.13
2010-2014       59      0.00528  0.00527  0.50   93656     493   93409  2365969  25.26
2010-2014       60      0.00578  0.00576  0.50   93162     537   92894  2272560  24.39
2010-2014       61      0.00636  0.00634  0.50   92626     588   92332  2179666  23.53
2010-2014       62      0.00710  0.00707  0.50   92038     651   91713  2087334  22.68
2010-2014       63      0.00793  0.00790  0.50   91387     722   91026  1995621  21.84
2010-2014       64      0.00868  0.00864  0.50   90666     783   90274  1904595  21.01
2010-2014       65      0.00936  0.00932  0.50   89882     837   89464  1814321  20.19
2010-2014       66      0.01066  0.01060  0.50   89045     944   88573  1724858  19.37
2010-2014       67      0.01147  0.01140  0.50   88101    1004   87599  1636285  18.57
2010-2014       68      0.01273  0.01264  0.50   87096    1101   86546  1548686  17.78
2010-2014       69      0.01382  0.01372  0.50   85995    1180   85405  1462140  17.00
2010-2014       70      0.01537  0.01525  0.50   84815    1294   84168  1376735  16.23
2010-2014       71      0.01681  0.01667  0.50   83521    1393   82825  1292567  15.48
2010-2014       72      0.01915  0.01897  0.50   82129    1558   81350  1209742  14.73
2010-2014       73      0.02030  0.02010  0.50   80571    1619   79761  1128392  14.00
2010-2014       74      0.02225  0.02201  0.50   78952    1737   78083  1048630  13.28
2010-2014       75      0.02474  0.02444  0.50   77214    1887   76271   970547  12.57
2010-2014       76      0.02833  0.02794  0.50   75327    2104   74275   894277  11.87
2010-2014       77      0.03094  0.03047  0.50   73223    2231   72107   820002  11.20
2010-2014       78      0.03482  0.03422  0.50   70992    2429   69777   747894  10.53
2010-2014       79      0.03963  0.03886  0.50   68562    2665   67230   678118   9.89
2010-2014       80      0.04483  0.04385  0.50   65898    2890   64453   610888   9.27
2010-2014       81      0.05042  0.04918  0.50   63008    3099   61459   546435   8.67
2010-2014       82      0.06113  0.05932  0.50   59909    3554   58133   484976   8.10
2010-2014       83      0.06936  0.06703  0.50   56356    3778   54467   426843   7.57
2010-2014       84      0.07905  0.07604  0.50   52578    3998   50579   372376   7.08
2010-2014       85      0.08967  0.08582  0.50   48580    4169   46495   321797   6.62
2010-2014       86      0.10152  0.09662  0.50   44411    4291   42266   275302   6.20
2010-2014       87      0.11064  0.10484  0.50   40120    4206   38017   233036   5.81
2010-2014       88      0.12054  0.11369  0.50   35914    4083   33872   195019   5.43
2010-2014       89      0.13250  0.12427  0.50   31831    3956   29853   161147   5.06
2010-2014       90      0.14938  0.13900  0.50   27875    3875   25938   131294   4.71
2010-2014       91      0.16435  0.15187  0.50   24001    3645   22178   105356   4.39
2010-2014       92      0.18230  0.16707  0.50   20356    3401   18655    83177   4.09
2010-2014       93      0.20043  0.18218  0.50   16955    3089   15410    64522   3.81
2010-2014       94      0.22109  0.19908  0.50   13866    2760   12486    49112   3.54
2010-2014       95      0.24425  0.21766  0.50   11106    2417    9897    36626   3.30
2010-2014       96      0.26780  0.23617  0.50    8688    2052    7662    26729   3.08
2010-2014       97      0.29274  0.25537  0.50    6636    1695    5789    19067   2.87
2010-2014       98      0.31900  0.27512  0.50    4942    1360    4262    13278   2.69
2010-2014       99      0.34646  0.29530  0.50    3582    1058    3053     9016   2.52
2010-2014      100      0.37498  0.31577  0.50    2524     797    2126     5963   2.36
2010-2014      101      0.40439  0.33638  0.50    1727     581    1437     3837   2.22
2010-2014      102      0.43451  0.35696  0.50    1146     409     942     2400   2.09
2010-2014      103      0.46512  0.37736  0.50     737     278     598     1459   1.98
2010-2014      104      0.49599  0.39743  0.50     459     182     368      861   1.88
2010-2014      105      0.52690  0.41703  0.50     277     115     219      493   1.78
2010-2014      106      0.55760  0.43603  0.50     161      70     126      274   1.70
2010-2014      107      0.58786  0.45432  0.50      91      41      70      148   1.63
2010-2014      108      0.61748  0.47181  0.50      50      23      38       78   1.56
2010-2014      109      0.64625  0.48843  0.50      26      13      20       40   1.51
2010-2014      110+     0.67399  1.00000  1.48      13      13      20       20   1.48
2015-2017        0      0.00636  0.00633  0.14  100000     633   99453  8211249  82.11
2015-2017        1      0.00047  0.00047  0.50   99367      47   99344  8111795  81.63
2015-2017        2      0.00019  0.00019  0.50   99320      19   99311  8012452  80.67
2015-2017        3      0.00020  0.00020  0.50   99301      19   99291  7913141  79.69
2015-2017        4      0.00015  0.00015  0.50   99282      15   99274  7813850  78.70
2015-2017        5      0.00013  0.00013  0.50   99266      13   99260  7714576  77.72
2015-2017        6      0.00011  0.00011  0.50   99253      11   99248  7615316  76.73
2015-2017        7      0.00015  0.00015  0.50   99242      15   99235  7516068  75.73
2015-2017        8      0.00015  0.00015  0.50   99228      15   99220  7416833  74.75
2015-2017        9      0.00013  0.00013  0.50   99213      12   99206  7317613  73.76
2015-2017       10      0.00011  0.00011  0.50   99200      11   99194  7218407  72.77
2015-2017       11      0.00017  0.00017  0.50   99189      17   99181  7119212  71.77
2015-2017       12      0.00014  0.00014  0.50   99172      14   99165  7020032  70.79
2015-2017       13      0.00020  0.00020  0.50   99158      20   99148  6920866  69.80
2015-2017       14      0.00018  0.00018  0.50   99138      18   99130  6821718  68.81
2015-2017       15      0.00025  0.00025  0.50   99121      24   99109  6722588  67.82
2015-2017       16      0.00025  0.00025  0.50   99096      25   99084  6623480  66.84
2015-2017       17      0.00031  0.00031  0.50   99071      31   99056  6524396  65.86
2015-2017       18      0.00025  0.00025  0.50   99041      25   99028  6425340  64.88
2015-2017       19      0.00031  0.00031  0.50   99015      31   99000  6326312  63.89
2015-2017       20      0.00032  0.00032  0.50   98984      32   98969  6227312  62.91
2015-2017       21      0.00028  0.00028  0.50   98953      28   98939  6128344  61.93
2015-2017       22      0.00029  0.00029  0.50   98925      29   98910  6029405  60.95
2015-2017       23      0.00038  0.00038  0.50   98896      37   98877  5930494  59.97
2015-2017       24      0.00034  0.00034  0.50   98858      34   98842  5831617  58.99
2015-2017       25      0.00032  0.00032  0.50   98825      32   98809  5732776  58.01
2015-2017       26      0.00031  0.00031  0.50   98793      31   98778  5633967  57.03
2015-2017       27      0.00034  0.00034  0.50   98762      34   98745  5535189  56.05
2015-2017       28      0.00036  0.00036  0.50   98728      36   98710  5436444  55.06
2015-2017       29      0.00043  0.00043  0.50   98693      42   98672  5337734  54.08
2015-2017       30      0.00042  0.00042  0.50   98651      42   98630  5239062  53.11
2015-2017       31      0.00044  0.00044  0.50   98609      43   98587  5140432  52.13
2015-2017       32      0.00044  0.00044  0.50   98566      43   98544  5041845  51.15
2015-2017       33      0.00054  0.00054  0.50   98523      53   98496  4943301  50.17
2015-2017       34      0.00059  0.00059  0.50   98470      58   98441  4844805  49.20
2015-2017       35      0.00057  0.00057  0.50   98412      56   98384  4746364  48.23
2015-2017       36      0.00066  0.00066  0.50   98356      65   98323  4647980  47.26
2015-2017       37      0.00069  0.00069  0.50   98291      68   98257  4549657  46.29
2015-2017       38      0.00088  0.00088  0.50   98223      86   98180  4451400  45.32
2015-2017       39      0.00080  0.00080  0.50   98137      78   98097  4353220  44.36
2015-2017       40      0.00084  0.00084  0.50   98058      82   98017  4255122  43.39
2015-2017       41      0.00099  0.00099  0.50   97976      97   97928  4157105  42.43
2015-2017       42      0.00107  0.00107  0.50   97879     105   97827  4059178  41.47
2015-2017       43      0.00122  0.00122  0.50   97774     119   97715  3961351  40.52
2015-2017       44      0.00128  0.00128  0.50   97655     125   97593  3863636  39.56
2015-2017       45      0.00144  0.00144  0.50   97530     140   97460  3766044  38.61
2015-2017       46      0.00158  0.00158  0.50   97390     153   97313  3668584  37.67
2015-2017       47      0.00172  0.00171  0.50   97236     167   97153  3571271  36.73
2015-2017       48      0.00182  0.00182  0.50   97070     177   96981  3474118  35.79
2015-2017       49      0.00195  0.00195  0.50   96893     189   96799  3377136  34.85
2015-2017       50      0.00219  0.00219  0.50   96705     212   96599  3280337  33.92
2015-2017       51      0.00247  0.00247  0.50   96493     238   96374  3183739  32.99
2015-2017       52      0.00263  0.00262  0.50   96255     253   96128  3087365  32.07
2015-2017       53      0.00280  0.00280  0.50   96002     269   95868  2991237  31.16
2015-2017       54      0.00290  0.00289  0.50   95733     277   95595  2895369  30.24
2015-2017       55      0.00332  0.00332  0.50   95457     317   95298  2799774  29.33
2015-2017       56      0.00372  0.00372  0.50   95140     353   94963  2704476  28.43
2015-2017       57      0.00409  0.00408  0.50   94786     387   94593  2609512  27.53
2015-2017       58      0.00454  0.00453  0.50   94399     428   94185  2514919  26.64
2015-2017       59      0.00466  0.00464  0.50   93971     436   93753  2420734  25.76
2015-2017       60      0.00521  0.00520  0.50   93535     486   93292  2326981  24.88
2015-2017       61      0.00565  0.00563  0.50   93049     524   92787  2233689  24.01
2015-2017       62      0.00653  0.00651  0.50   92525     602   92223  2140902  23.14
2015-2017       63      0.00719  0.00716  0.50   91922     658   91593  2048679  22.29
2015-2017       64      0.00777  0.00774  0.50   91264     706   90911  1957086  21.44
2015-2017       65      0.00857  0.00853  0.50   90558     773   90171  1866175  20.61
2015-2017       66      0.00931  0.00926  0.50   89785     832   89369  1776004  19.78
2015-2017       67      0.01069  0.01064  0.50   88953     946   88480  1686635  18.96
2015-2017       68      0.01129  0.01123  0.50   88007     988   87513  1598155  18.16
2015-2017       69      0.01291  0.01283  0.50   87019    1116   86461  1510642  17.36
2015-2017       70      0.01446  0.01436  0.50   85903    1233   85286  1424181  16.58
2015-2017       71      0.01559  0.01547  0.50   84669    1310   84015  1338895  15.81
2015-2017       72      0.01669  0.01655  0.50   83360    1379   82670  1254880  15.05
2015-2017       73      0.01872  0.01854  0.50   81980    1520   81220  1172210  14.30
2015-2017       74      0.02038  0.02018  0.50   80460    1624   79648  1090990  13.56
2015-2017       75      0.02288  0.02262  0.50   78837    1784   77945  1011342  12.83
2015-2017       76      0.02513  0.02482  0.50   77053    1913   76097   933397  12.11
2015-2017       77      0.02864  0.02823  0.50   75140    2122   74080   857300  11.41
2015-2017       78      0.03143  0.03094  0.50   73019    2259   71889   783220  10.73
2015-2017       79      0.03553  0.03491  0.50   70759    2470   69524   711331  10.05
2015-2017       80      0.03989  0.03911  0.50   68289    2671   66954   641807   9.40
2015-2017       81      0.04529  0.04429  0.50   65619    2906   64166   574853   8.76
2015-2017       82      0.05016  0.04893  0.50   62713    3069   61179   510687   8.14
2015-2017       83      0.05441  0.05296  0.50   59644    3159   58065   449508   7.54
2015-2017       84      0.06552  0.06344  0.50   56485    3583   54693   391444   6.93
2015-2017       85      0.07883  0.07584  0.50   52902    4012   50896   336750   6.37
2015-2017       86      0.09984  0.09509  0.50   48890    4649   46565   285854   5.85
2015-2017       87      0.12075  0.11387  0.50   44241    5038   41722   239289   5.41
2015-2017       88      0.13366  0.12529  0.50   39203    4912   36747   197567   5.04
2015-2017       89      0.15052  0.13998  0.50   34291    4800   31891   160820   4.69
2015-2017       90      0.16539  0.15275  0.50   29491    4505   27239   128929   4.37
2015-2017       91      0.17838  0.16378  0.50   24986    4092   22940   101690   4.07
2015-2017       92      0.20071  0.18241  0.50   20894    3811   18988    78750   3.77
2015-2017       93      0.21761  0.19625  0.50   17083    3353   15406    59762   3.50
2015-2017       94      0.23586  0.21098  0.50   13730    2897   12282    44355   3.23
2015-2017       95      0.27336  0.24049  0.50   10833    2605    9531    32074   2.96
2015-2017       96      0.30319  0.26328  0.50    8228    2166    7145    22543   2.74
2015-2017       97      0.33477  0.28677  0.50    6062    1738    5193    15398   2.54
2015-2017       98      0.36791  0.31075  0.50    4323    1344    3652    10205   2.36
2015-2017       99      0.40235  0.33496  0.50    2980     998    2481     6553   2.20
2015-2017      100      0.43778  0.35916  0.50    1982     712    1626     4073   2.06
2015-2017      101      0.47385  0.38309  0.50    1270     487    1027     2447   1.93
2015-2017      102      0.51020  0.40650  0.50     783     318     624     1420   1.81
2015-2017      103      0.54644  0.42918  0.50     465     200     365      796   1.71
2015-2017      104      0.58219  0.45093  0.50     265     120     206      431   1.62
2015-2017      105      0.61711  0.47159  0.50     146      69     111      225   1.54
2015-2017      106      0.65085  0.49105  0.50      77      38      58      114   1.47
2015-2017      107      0.68315  0.50921  0.50      39      20      29       55   1.42
2015-2017      108      0.71377  0.52604  0.50      19      10      14       26   1.37
2015-2017      109      0.74255  0.54150  0.50       9       5       7       12   1.33
2015-2017      110+     0.76937  1.00000  1.30       4       4       5        5   1.30
