Chile, Life tables (period 5x5), Females	Last modified: 20 Jul 2020;  Methods Protocol: v6 (2017)

  Year          Age         mx       qx    ax      lx      dx      Lx       Tx     ex
1992-1994        0      0.01269  0.01255  0.12  100000    1255   98899  7778117  77.78
1992-1994      1-4      0.00056  0.00223  1.45   98745     221  394415  7679218  77.77
1992-1994      5-9      0.00023  0.00115  2.32   98524     114  492315  7284803  73.94
1992-1994     10-14     0.00022  0.00110  2.61   98410     109  491792  6792487  69.02
1992-1994     15-19     0.00037  0.00184  2.46   98302     181  491049  6300696  64.10
1992-1994     20-24     0.00042  0.00210  2.50   98120     206  490087  5809647  59.21
1992-1994     25-29     0.00049  0.00246  2.57   97915     241  488987  5319560  54.33
1992-1994     30-34     0.00062  0.00310  2.60   97674     303  487642  4830573  49.46
1992-1994     35-39     0.00106  0.00530  2.71   97371     516  485670  4342931  44.60
1992-1994     40-44     0.00165  0.00820  2.70   96855     794  482446  3857262  39.83
1992-1994     45-49     0.00277  0.01378  2.65   96061    1323  477189  3374815  35.13
1992-1994     50-54     0.00427  0.02113  2.65   94738    2002  468985  2897626  30.59
1992-1994     55-59     0.00655  0.03225  2.67   92736    2991  456725  2428641  26.19
1992-1994     60-64     0.01033  0.05047  2.70   89745    4529  438303  1971916  21.97
1992-1994     65-69     0.01687  0.08122  2.70   85216    6921  410170  1533613  18.00
1992-1994     70-74     0.02801  0.13129  2.62   78295   10279  367015  1123443  14.35
1992-1994     75-79     0.04739  0.21298  2.63   68016   14486  305683   756428  11.12
1992-1994     80-84     0.07472  0.31583  2.55   53530   16907  226263   450746   8.42
1992-1994     85-89     0.12428  0.47225  2.46   36623   17295  139164   224483   6.13
1992-1994     90-94     0.19558  0.63583  2.25   19328   12290   62835    85319   4.41
1992-1994     95-99     0.29218  0.78601  2.06    7039    5532   18935    22484   3.19
1992-1994    100-104    0.41278  0.89020  1.81    1506    1341    3248     3549   2.36
1992-1994    105-109    0.54511  0.94752  1.56     165     157     287      301   1.82
1992-1994    110+       0.65263  1.00000  1.53       9       9      13       13   1.53
1995-1999        0      0.01004  0.00995  0.13  100000     995   99133  7884089  78.84
1995-1999      1-4      0.00051  0.00202  1.65   99005     200  395549  7784956  78.63
1995-1999      5-9      0.00020  0.00102  2.39   98805     101  493760  7389407  74.79
1995-1999     10-14     0.00021  0.00105  2.58   98704     104  493266  6895647  69.86
1995-1999     15-19     0.00033  0.00165  2.67   98600     163  492618  6402381  64.93
1995-1999     20-24     0.00039  0.00193  2.50   98437     190  491709  5909763  60.04
1995-1999     25-29     0.00045  0.00223  2.66   98247     219  490721  5418054  55.15
1995-1999     30-34     0.00062  0.00310  2.68   98028     304  489432  4927334  50.26
1995-1999     35-39     0.00092  0.00458  2.68   97723     448  487576  4437901  45.41
1995-1999     40-44     0.00145  0.00724  2.70   97276     704  484759  3950325  40.61
1995-1999     45-49     0.00241  0.01197  2.72   96572    1156  480220  3465566  35.89
1995-1999     50-54     0.00394  0.01952  2.68   95415    1863  472757  2985346  31.29
1995-1999     55-59     0.00600  0.02956  2.66   93552    2766  461284  2512590  26.86
1995-1999     60-64     0.00946  0.04631  2.69   90787    4204  444234  2051305  22.59
1995-1999     65-69     0.01519  0.07334  2.64   86583    6350  417955  1607071  18.56
1995-1999     70-74     0.02560  0.12079  2.67   80233    9691  378576  1189116  14.82
1995-1999     75-79     0.04253  0.19314  2.62   70542   13624  320307   810540  11.49
1995-1999     80-84     0.07024  0.29995  2.57   56917   17072  243057   490233   8.61
1995-1999     85-89     0.12040  0.46158  2.47   39845   18392  152751   247176   6.20
1995-1999     90-94     0.19583  0.63939  2.29   21453   13717   70048    94425   4.40
1995-1999     95-99     0.29621  0.79153  2.06    7736    6123   20673    24378   3.15
1995-1999    100-104    0.42401  0.89753  1.79    1613    1448    3414     3705   2.30
1995-1999    105-109    0.56331  0.95299  1.53     165     157     280      291   1.76
1995-1999    110+       0.67526  1.00000  1.48       8       8      12       12   1.48
2000-2004        0      0.00810  0.00804  0.13  100000     804   99302  8019552  80.20
2000-2004      1-4      0.00041  0.00163  1.60   99196     162  396394  7920250  79.84
2000-2004      5-9      0.00017  0.00087  2.34   99034      86  494939  7523856  75.97
2000-2004     10-14     0.00018  0.00092  2.67   98947      91  494526  7028917  71.04
2000-2004     15-19     0.00028  0.00141  2.60   98857     139  493950  6534391  66.10
2000-2004     20-24     0.00036  0.00179  2.58   98718     177  493162  6040441  61.19
2000-2004     25-29     0.00043  0.00215  2.55   98541     212  492185  5547279  56.29
2000-2004     30-34     0.00053  0.00263  2.72   98329     259  491055  5055094  51.41
2000-2004     35-39     0.00079  0.00394  2.65   98070     386  489442  4564039  46.54
2000-2004     40-44     0.00126  0.00626  2.66   97684     611  486992  4074597  41.71
2000-2004     45-49     0.00210  0.01044  2.68   97073    1013  483017  3587605  36.96
2000-2004     50-54     0.00335  0.01663  2.70   96059    1598  476627  3104587  32.32
2000-2004     55-59     0.00542  0.02676  2.67   94462    2528  466408  2627961  27.82
2000-2004     60-64     0.00854  0.04187  2.62   91934    3850  450511  2161553  23.51
2000-2004     65-69     0.01364  0.06609  2.68   88084    5822  426937  1711042  19.43
2000-2004     70-74     0.02231  0.10595  2.63   82263    8715  390617  1284105  15.61
2000-2004     75-79     0.03817  0.17518  2.66   73547   12884  337569   893488  12.15
2000-2004     80-84     0.06304  0.27355  2.58   60663   16594  263218   555919   9.16
2000-2004     85-89     0.10693  0.42221  2.51   44068   18606  173997   292701   6.64
2000-2004     90-94     0.18056  0.61060  2.35   25462   15547   86108   118704   4.66
2000-2004     95-99     0.28116  0.77406  2.10    9915    7675   27297    32596   3.29
2000-2004    100-104    0.41043  0.88991  1.82    2240    1994    4857     5299   2.37
2000-2004    105-109    0.55373  0.95066  1.55     247     234     423      442   1.79
2000-2004    110+       0.66976  1.00000  1.49      12      12      18       18   1.49
2005-2009        0      0.00742  0.00737  0.13  100000     737   99362  8099170  80.99
2005-2009      1-4      0.00031  0.00125  1.50   99263     124  396742  7999808  80.59
2005-2009      5-9      0.00015  0.00075  2.38   99139      75  495501  7603066  76.69
2005-2009     10-14     0.00017  0.00087  2.68   99065      86  495125  7107564  71.75
2005-2009     15-19     0.00031  0.00153  2.60   98979     152  494530  6612440  66.81
2005-2009     20-24     0.00034  0.00171  2.57   98827     169  493726  6117910  61.91
2005-2009     25-29     0.00040  0.00201  2.64   98659     198  492827  5624184  57.01
2005-2009     30-34     0.00055  0.00274  2.65   98461     270  491668  5131357  52.12
2005-2009     35-39     0.00076  0.00379  2.66   98191     373  490083  4639688  47.25
2005-2009     40-44     0.00116  0.00578  2.70   97819     565  487795  4149606  42.42
2005-2009     45-49     0.00188  0.00934  2.70   97253     908  484175  3661810  37.65
2005-2009     50-54     0.00303  0.01505  2.67   96346    1450  478356  3177635  32.98
2005-2009     55-59     0.00481  0.02377  2.69   94896    2256  469278  2699279  28.44
2005-2009     60-64     0.00791  0.03882  2.68   92640    3596  454860  2230002  24.07
2005-2009     65-69     0.01235  0.05999  2.63   89044    5342  432554  1775141  19.94
2005-2009     70-74     0.01984  0.09484  2.69   83702    7938  400210  1342587  16.04
2005-2009     75-79     0.03489  0.16124  2.65   75764   12216  350098   942377  12.44
2005-2009     80-84     0.06249  0.27141  2.58   63548   17247  275983   592279   9.32
2005-2009     85-89     0.10357  0.41113  2.49   46300   19035  183795   316296   6.83
2005-2009     90-94     0.17156  0.58951  2.35   27265   16073   93686   132501   4.86
2005-2009     95-99     0.26425  0.75124  2.13   11192    8408   31817    38815   3.47
2005-2009    100-104    0.38411  0.87176  1.87    2784    2427    6319     6998   2.51
2005-2009    105-109    0.51994  0.93994  1.60     357     336     645      679   1.90
2005-2009    110+       0.63225  1.00000  1.58      21      21      34       34   1.58
2010-2014        0      0.00686  0.00682  0.13  100000     682   99410  8151073  81.51
2010-2014      1-4      0.00028  0.00110  1.62   99318     109  397011  8051663  81.07
2010-2014      5-9      0.00013  0.00065  2.40   99208      64  495875  7654651  77.16
2010-2014     10-14     0.00016  0.00078  2.66   99144      77  495541  7158776  72.21
2010-2014     15-19     0.00028  0.00139  2.64   99067     138  495010  6663236  67.26
2010-2014     20-24     0.00033  0.00163  2.55   98929     161  494249  6168225  62.35
2010-2014     25-29     0.00039  0.00193  2.52   98768     190  493366  5673977  57.45
2010-2014     30-34     0.00051  0.00255  2.58   98577     251  492280  5180611  52.55
2010-2014     35-39     0.00071  0.00356  2.68   98326     350  490818  4688331  47.68
2010-2014     40-44     0.00114  0.00569  2.71   97976     558  488604  4197513  42.84
2010-2014     45-49     0.00174  0.00868  2.69   97418     845  485136  3708910  38.07
2010-2014     50-54     0.00275  0.01367  2.66   96573    1320  479780  3223774  33.38
2010-2014     55-59     0.00443  0.02194  2.69   95252    2090  471434  2743994  28.81
2010-2014     60-64     0.00716  0.03521  2.69   93162    3280  458239  2272560  24.39
2010-2014     65-69     0.01158  0.05638  2.67   89882    5067  437586  1814321  20.19
2010-2014     70-74     0.01871  0.08962  2.65   84815    7601  406188  1376735  16.23
2010-2014     75-79     0.03146  0.14656  2.67   77214   11317  359660   970547  12.57
2010-2014     80-84     0.05990  0.26280  2.67   65898   17318  289090   610888   9.27
2010-2014     85-89     0.10868  0.42620  2.47   48580   20705  190504   321797   6.62
2010-2014     90-94     0.17714  0.60160  2.33   27875   16770   94668   131294   4.71
2010-2014     95-99     0.27985  0.77270  2.10   11106    8581   30663    36626   3.30
2010-2014    100-104    0.41094  0.89045  1.82    2524    2248    5470     5963   2.36
2010-2014    105-109    0.55640  0.95152  1.54     277     263     473      493   1.78
2010-2014    110+       0.67399  1.00000  1.48      13      13      20       20   1.48
2015-2017        0      0.00636  0.00633  0.14  100000     633   99453  8211249  82.11
2015-2017      1-4      0.00025  0.00101  1.53   99367     101  397220  8111795  81.63
2015-2017      5-9      0.00013  0.00067  2.55   99266      66  496169  7714576  77.72
2015-2017     10-14     0.00016  0.00080  2.70   99200      79  495818  7218407  72.77
2015-2017     15-19     0.00028  0.00138  2.60   99121     136  495276  6722588  67.82
2015-2017     20-24     0.00032  0.00161  2.59   98984     160  494536  6227312  62.91
2015-2017     25-29     0.00035  0.00176  2.65   98825     174  493714  5732776  58.01
2015-2017     30-34     0.00048  0.00242  2.67   98651     239  492698  5239062  53.11
2015-2017     35-39     0.00072  0.00359  2.69   98412     354  491241  4746364  48.23
2015-2017     40-44     0.00108  0.00538  2.70   98058     528  489079  4255122  43.39
2015-2017     45-49     0.00170  0.00847  2.64   97530     826  485706  3766044  38.61
2015-2017     50-54     0.00260  0.01291  2.63   96705    1248  480563  3280337  33.92
2015-2017     55-59     0.00406  0.02013  2.66   95457    1922  472793  2799774  29.33
2015-2017     60-64     0.00646  0.03183  2.69   93535    2977  460806  2326981  24.88
2015-2017     65-69     0.01053  0.05140  2.68   90558    4655  441994  1866175  20.61
2015-2017     70-74     0.01712  0.08226  2.64   85903    7066  412839  1424181  16.58
2015-2017     75-79     0.02854  0.13378  2.66   78837   10547  369535  1011342  12.83
2015-2017     80-84     0.05044  0.22533  2.64   68289   15388  305057   641807   9.40
2015-2017     85-89     0.11265  0.44253  2.58   52902   23411  207821   336750   6.37
2015-2017     90-94     0.19263  0.63265  2.29   29491   18658   96855   128929   4.37
2015-2017     95-99     0.31612  0.81707  2.04   10833    8852   28001    32074   2.96
2015-2017    100-104    0.47718  0.92646  1.70    1982    1836    3848     4073   2.06
2015-2017    105-109    0.64487  0.97132  1.40     146     142     220      225   1.54
2015-2017    110+       0.76937  1.00000  1.30       4       4       5        5   1.30
