Chile, Life tables (period 1x10), Males	Last modified: 20 Jul 2020;  Methods Protocol: v6 (2017)

  Year          Age         mx       qx    ax      lx      dx      Lx       Tx     ex
1992-1999        0      0.01324  0.01309  0.12  100000    1309   98852  7208634  72.09
1992-1999        1      0.00103  0.00103  0.50   98691     102   98640  7109782  72.04
1992-1999        2      0.00070  0.00070  0.50   98589      69   98555  7011142  71.11
1992-1999        3      0.00051  0.00051  0.50   98520      51   98495  6912587  70.16
1992-1999        4      0.00036  0.00036  0.50   98469      35   98452  6814092  69.20
1992-1999        5      0.00034  0.00034  0.50   98434      33   98417  6715641  68.22
1992-1999        6      0.00029  0.00029  0.50   98401      28   98387  6617223  67.25
1992-1999        7      0.00030  0.00030  0.50   98372      29   98358  6518837  66.27
1992-1999        8      0.00028  0.00028  0.50   98343      28   98329  6420479  65.29
1992-1999        9      0.00027  0.00027  0.50   98315      26   98302  6322150  64.30
1992-1999       10      0.00028  0.00028  0.50   98289      27   98275  6223848  63.32
1992-1999       11      0.00029  0.00029  0.50   98262      29   98247  6125572  62.34
1992-1999       12      0.00028  0.00028  0.50   98233      27   98219  6027325  61.36
1992-1999       13      0.00034  0.00034  0.50   98206      34   98189  5929106  60.37
1992-1999       14      0.00047  0.00047  0.50   98172      47   98149  5830917  59.39
1992-1999       15      0.00054  0.00054  0.50   98125      53   98099  5732768  58.42
1992-1999       16      0.00069  0.00069  0.50   98072      68   98038  5634670  57.45
1992-1999       17      0.00088  0.00088  0.50   98004      86   97961  5536631  56.49
1992-1999       18      0.00098  0.00098  0.50   97918      96   97870  5438670  55.54
1992-1999       19      0.00116  0.00116  0.50   97822     113   97765  5340800  54.60
1992-1999       20      0.00135  0.00135  0.50   97709     132   97643  5243035  53.66
1992-1999       21      0.00140  0.00140  0.50   97577     136   97509  5145392  52.73
1992-1999       22      0.00153  0.00153  0.50   97441     149   97366  5047883  51.80
1992-1999       23      0.00158  0.00158  0.50   97292     154   97215  4950517  50.88
1992-1999       24      0.00156  0.00156  0.50   97138     152   97062  4853302  49.96
1992-1999       25      0.00162  0.00162  0.50   96986     157   96907  4756240  49.04
1992-1999       26      0.00172  0.00172  0.50   96828     166   96745  4659333  48.12
1992-1999       27      0.00171  0.00171  0.50   96662     166   96579  4562588  47.20
1992-1999       28      0.00176  0.00176  0.50   96497     170   96412  4466009  46.28
1992-1999       29      0.00174  0.00174  0.50   96327     168   96243  4369597  45.36
1992-1999       30      0.00187  0.00186  0.50   96159     179   96070  4273354  44.44
1992-1999       31      0.00183  0.00183  0.50   95980     175   95892  4177284  43.52
1992-1999       32      0.00196  0.00196  0.50   95805     187   95711  4081392  42.60
1992-1999       33      0.00197  0.00197  0.50   95617     188   95523  3985681  41.68
1992-1999       34      0.00202  0.00202  0.50   95429     193   95333  3890158  40.77
1992-1999       35      0.00212  0.00212  0.50   95236     202   95135  3794825  39.85
1992-1999       36      0.00218  0.00218  0.50   95034     207   94931  3699690  38.93
1992-1999       37      0.00232  0.00231  0.50   94827     219   94717  3604759  38.01
1992-1999       38      0.00237  0.00237  0.50   94608     224   94496  3510042  37.10
1992-1999       39      0.00250  0.00250  0.50   94384     236   94266  3415546  36.19
1992-1999       40      0.00274  0.00273  0.50   94148     257   94019  3321280  35.28
1992-1999       41      0.00299  0.00299  0.50   93890     281   93750  3227261  34.37
1992-1999       42      0.00331  0.00331  0.50   93610     310   93455  3133511  33.47
1992-1999       43      0.00339  0.00338  0.50   93300     315   93143  3040056  32.58
1992-1999       44      0.00360  0.00360  0.50   92985     334   92818  2946913  31.69
1992-1999       45      0.00408  0.00407  0.50   92651     377   92462  2854095  30.80
1992-1999       46      0.00440  0.00439  0.50   92273     405   92071  2761633  29.93
1992-1999       47      0.00459  0.00458  0.50   91868     421   91658  2669563  29.06
1992-1999       48      0.00513  0.00512  0.50   91448     468   91214  2577904  28.19
1992-1999       49      0.00556  0.00555  0.50   90980     505   90727  2486691  27.33
1992-1999       50      0.00621  0.00619  0.50   90475     560   90195  2395963  26.48
1992-1999       51      0.00658  0.00655  0.50   89915     589   89621  2305768  25.64
1992-1999       52      0.00726  0.00723  0.50   89326     646   89003  2216147  24.81
1992-1999       53      0.00780  0.00777  0.50   88680     689   88335  2127145  23.99
1992-1999       54      0.00870  0.00866  0.50   87991     762   87610  2038809  23.17
1992-1999       55      0.00979  0.00974  0.50   87229     849   86804  1951199  22.37
1992-1999       56      0.01052  0.01046  0.50   86380     904   85928  1864395  21.58
1992-1999       57      0.01100  0.01094  0.50   85476     935   85008  1778467  20.81
1992-1999       58      0.01240  0.01233  0.50   84541    1042   84019  1693459  20.03
1992-1999       59      0.01351  0.01342  0.50   83498    1120   82938  1609440  19.28
1992-1999       60      0.01462  0.01451  0.50   82378    1195   81781  1526501  18.53
1992-1999       61      0.01632  0.01619  0.50   81183    1314   80526  1444721  17.80
1992-1999       62      0.01782  0.01767  0.50   79869    1411   79163  1364195  17.08
1992-1999       63      0.01960  0.01941  0.50   78458    1523   77696  1285032  16.38
1992-1999       64      0.02125  0.02103  0.50   76935    1618   76126  1207336  15.69
1992-1999       65      0.02309  0.02283  0.50   75317    1719   74458  1131210  15.02
1992-1999       66      0.02493  0.02462  0.50   73598    1812   72692  1056752  14.36
1992-1999       67      0.02782  0.02744  0.50   71786    1969   70801   984060  13.71
1992-1999       68      0.02981  0.02937  0.50   69816    2051   68791   913259  13.08
1992-1999       69      0.03271  0.03219  0.50   67766    2181   66675   844468  12.46
1992-1999       70      0.03682  0.03615  0.50   65585    2371   64399   777792  11.86
1992-1999       71      0.04017  0.03938  0.50   63214    2490   61969   713393  11.29
1992-1999       72      0.04459  0.04361  0.50   60724    2648   59400   651425  10.73
1992-1999       73      0.04769  0.04658  0.50   58076    2705   56723   592025  10.19
1992-1999       74      0.05298  0.05161  0.50   55370    2858   53941   535302   9.67
1992-1999       75      0.05838  0.05673  0.50   52513    2979   51023   481360   9.17
1992-1999       76      0.06337  0.06143  0.50   49534    3043   48012   430337   8.69
1992-1999       77      0.06662  0.06447  0.50   46491    2997   44992   382325   8.22
1992-1999       78      0.07518  0.07246  0.50   43494    3152   41918   337332   7.76
1992-1999       79      0.08151  0.07832  0.50   40342    3159   38762   295414   7.32
1992-1999       80      0.09018  0.08629  0.50   37183    3208   35578   256652   6.90
1992-1999       81      0.09674  0.09228  0.50   33974    3135   32407   221074   6.51
1992-1999       82      0.10682  0.10140  0.50   30839    3127   29276   188667   6.12
1992-1999       83      0.11983  0.11306  0.50   27712    3133   26146   159391   5.75
1992-1999       84      0.12834  0.12060  0.50   24579    2964   23097   133246   5.42
1992-1999       85      0.14288  0.13335  0.50   21615    2882   20174   110149   5.10
1992-1999       86      0.15536  0.14416  0.50   18732    2700   17382    89975   4.80
1992-1999       87      0.16997  0.15666  0.50   16032    2512   14776    72593   4.53
1992-1999       88      0.17816  0.16358  0.50   13520    2212   12414    57817   4.28
1992-1999       89      0.19470  0.17743  0.50   11309    2006   10305    45402   4.01
1992-1999       90      0.21089  0.19077  0.50    9302    1775    8415    35097   3.77
1992-1999       91      0.23620  0.21125  0.50    7528    1590    6732    26682   3.54
1992-1999       92      0.24124  0.21527  0.50    5937    1278    5298    19950   3.36
1992-1999       93      0.26369  0.23298  0.50    4659    1085    4116    14651   3.14
1992-1999       94      0.30200  0.26238  0.50    3574     938    3105    10535   2.95
1992-1999       95      0.30902  0.26767  0.50    2636     706    2283     7430   2.82
1992-1999       96      0.33090  0.28393  0.50    1930     548    1656     5147   2.67
1992-1999       97      0.35354  0.30043  0.50    1382     415    1175     3490   2.53
1992-1999       98      0.37685  0.31710  0.50     967     307     814     2316   2.39
1992-1999       99      0.40074  0.33385  0.50     660     220     550     1502   2.27
1992-1999      100      0.42512  0.35059  0.50     440     154     363      952   2.16
1992-1999      101      0.44986  0.36725  0.50     286     105     233      589   2.06
1992-1999      102      0.47486  0.38375  0.50     181      69     146      356   1.97
1992-1999      103      0.49998  0.39999  0.50     111      45      89      210   1.88
1992-1999      104      0.52510  0.41591  0.50      67      28      53      121   1.80
1992-1999      105      0.55010  0.43143  0.50      39      17      31       68   1.73
1992-1999      106      0.57485  0.44651  0.50      22      10      17       37   1.67
1992-1999      107      0.59922  0.46108  0.50      12       6       9       20   1.61
1992-1999      108      0.62312  0.47510  0.50       7       3       5       10   1.56
1992-1999      109      0.64643  0.48853  0.50       3       2       3        5   1.52
1992-1999      110+     0.66906  1.00000  1.49       2       2       3        3   1.49
2000-2009        0      0.00934  0.00926  0.13  100000     926   99195  7452469  74.52
2000-2009        1      0.00075  0.00075  0.50   99074      74   99037  7353275  74.22
2000-2009        2      0.00045  0.00045  0.50   98999      45   98977  7254238  73.28
2000-2009        3      0.00032  0.00032  0.50   98955      32   98939  7155261  72.31
2000-2009        4      0.00027  0.00027  0.50   98923      27   98909  7056322  71.33
2000-2009        5      0.00023  0.00023  0.50   98896      23   98884  6957413  70.35
2000-2009        6      0.00022  0.00022  0.50   98873      22   98862  6858529  69.37
2000-2009        7      0.00021  0.00021  0.50   98851      21   98840  6759667  68.38
2000-2009        8      0.00022  0.00022  0.50   98830      22   98819  6660827  67.40
2000-2009        9      0.00021  0.00021  0.50   98808      21   98797  6562008  66.41
2000-2009       10      0.00021  0.00021  0.50   98787      21   98777  6463210  65.43
2000-2009       11      0.00022  0.00022  0.50   98766      21   98756  6364434  64.44
2000-2009       12      0.00023  0.00023  0.50   98745      23   98734  6265678  63.45
2000-2009       13      0.00027  0.00027  0.50   98722      27   98709  6166944  62.47
2000-2009       14      0.00034  0.00034  0.50   98696      34   98679  6068235  61.48
2000-2009       15      0.00045  0.00045  0.50   98662      45   98640  5969556  60.50
2000-2009       16      0.00059  0.00059  0.50   98618      58   98588  5870916  59.53
2000-2009       17      0.00075  0.00075  0.50   98559      74   98522  5772328  58.57
2000-2009       18      0.00091  0.00091  0.50   98486      89   98441  5673805  57.61
2000-2009       19      0.00103  0.00103  0.50   98396     102   98346  5575364  56.66
2000-2009       20      0.00115  0.00114  0.50   98295     113   98238  5477019  55.72
2000-2009       21      0.00122  0.00122  0.50   98182     120   98122  5378780  54.78
2000-2009       22      0.00122  0.00122  0.50   98062     120   98003  5280658  53.85
2000-2009       23      0.00125  0.00125  0.50   97943     122   97881  5182655  52.92
2000-2009       24      0.00134  0.00134  0.50   97820     131   97755  5084774  51.98
2000-2009       25      0.00136  0.00136  0.50   97690     133   97623  4987019  51.05
2000-2009       26      0.00136  0.00136  0.50   97557     133   97490  4889396  50.12
2000-2009       27      0.00136  0.00136  0.50   97424     133   97357  4791906  49.19
2000-2009       28      0.00143  0.00143  0.50   97291     139   97222  4694549  48.25
2000-2009       29      0.00147  0.00147  0.50   97152     142   97081  4597327  47.32
2000-2009       30      0.00151  0.00151  0.50   97010     146   96937  4500246  46.39
2000-2009       31      0.00158  0.00158  0.50   96864     153   96787  4403309  45.46
2000-2009       32      0.00164  0.00163  0.50   96711     158   96632  4306522  44.53
2000-2009       33      0.00166  0.00166  0.50   96553     161   96472  4209891  43.60
2000-2009       34      0.00176  0.00176  0.50   96392     170   96307  4113418  42.67
2000-2009       35      0.00178  0.00178  0.50   96222     171   96137  4017111  41.75
2000-2009       36      0.00191  0.00191  0.50   96051     183   95959  3920974  40.82
2000-2009       37      0.00193  0.00193  0.50   95868     185   95775  3825015  39.90
2000-2009       38      0.00209  0.00208  0.50   95683     199   95583  3729240  38.98
2000-2009       39      0.00221  0.00221  0.50   95483     211   95378  3633657  38.06
2000-2009       40      0.00234  0.00234  0.50   95272     223   95161  3538279  37.14
2000-2009       41      0.00254  0.00253  0.50   95050     241   94929  3443118  36.22
2000-2009       42      0.00256  0.00256  0.50   94809     242   94688  3348188  35.32
2000-2009       43      0.00289  0.00289  0.50   94567     273   94430  3253501  34.40
2000-2009       44      0.00302  0.00302  0.50   94294     285   94151  3159071  33.50
2000-2009       45      0.00335  0.00334  0.50   94009     314   93852  3064919  32.60
2000-2009       46      0.00361  0.00360  0.50   93695     337   93526  2971067  31.71
2000-2009       47      0.00376  0.00375  0.50   93358     350   93182  2877541  30.82
2000-2009       48      0.00407  0.00406  0.50   93007     378   92818  2784359  29.94
2000-2009       49      0.00455  0.00454  0.50   92629     420   92419  2691540  29.06
2000-2009       50      0.00486  0.00485  0.50   92209     447   91986  2599121  28.19
2000-2009       51      0.00539  0.00538  0.50   91762     494   91515  2507135  27.32
2000-2009       52      0.00569  0.00567  0.50   91268     518   91010  2415620  26.47
2000-2009       53      0.00625  0.00623  0.50   90751     565   90468  2324611  25.62
2000-2009       54      0.00700  0.00698  0.50   90185     629   89871  2234143  24.77
2000-2009       55      0.00748  0.00745  0.50   89556     667   89223  2144272  23.94
2000-2009       56      0.00832  0.00828  0.50   88889     736   88521  2055050  23.12
2000-2009       57      0.00912  0.00908  0.50   88153     800   87752  1966529  22.31
2000-2009       58      0.01025  0.01020  0.50   87352     891   86907  1878776  21.51
2000-2009       59      0.01096  0.01090  0.50   86461     943   85990  1791869  20.72
2000-2009       60      0.01244  0.01236  0.50   85518    1057   84990  1705880  19.95
2000-2009       61      0.01338  0.01329  0.50   84461    1123   83900  1620890  19.19
2000-2009       62      0.01461  0.01450  0.50   83338    1209   82734  1536990  18.44
2000-2009       63      0.01563  0.01551  0.50   82130    1273   81493  1454256  17.71
2000-2009       64      0.01726  0.01711  0.50   80856    1383   80164  1372763  16.98
2000-2009       65      0.01862  0.01845  0.50   79473    1466   78740  1292599  16.26
2000-2009       66      0.02067  0.02046  0.50   78006    1596   77208  1213859  15.56
2000-2009       67      0.02287  0.02261  0.50   76410    1728   75546  1136651  14.88
2000-2009       68      0.02487  0.02456  0.50   74682    1834   73765  1061105  14.21
2000-2009       69      0.02754  0.02717  0.50   72848    1979   71859   987339  13.55
2000-2009       70      0.03004  0.02959  0.50   70869    2097   69820   915481  12.92
2000-2009       71      0.03311  0.03257  0.50   68772    2240   67652   845660  12.30
2000-2009       72      0.03612  0.03548  0.50   66532    2361   65351   778009  11.69
2000-2009       73      0.03970  0.03893  0.50   64171    2498   62922   712657  11.11
2000-2009       74      0.04421  0.04326  0.50   61673    2668   60339   649735  10.54
2000-2009       75      0.04766  0.04655  0.50   59005    2747   57632   589396   9.99
2000-2009       76      0.05302  0.05165  0.50   56259    2906   54806   531764   9.45
2000-2009       77      0.05713  0.05554  0.50   53353    2963   51871   476959   8.94
2000-2009       78      0.06335  0.06140  0.50   50389    3094   48842   425088   8.44
2000-2009       79      0.06887  0.06657  0.50   47295    3149   45721   376245   7.96
2000-2009       80      0.07926  0.07623  0.50   44147    3366   42464   330524   7.49
2000-2009       81      0.08474  0.08129  0.50   40781    3315   39124   288060   7.06
2000-2009       82      0.09320  0.08905  0.50   37466    3336   35798   248937   6.64
2000-2009       83      0.10167  0.09675  0.50   34130    3302   32479   213139   6.24
2000-2009       84      0.11297  0.10693  0.50   30828    3296   29179   180660   5.86
2000-2009       85      0.12312  0.11598  0.50   27531    3193   25935   151481   5.50
2000-2009       86      0.13510  0.12655  0.50   24338    3080   22798   125546   5.16
2000-2009       87      0.14640  0.13641  0.50   21258    2900   19808   102748   4.83
2000-2009       88      0.16383  0.15142  0.50   18358    2780   16968    82940   4.52
2000-2009       89      0.18083  0.16584  0.50   15578    2583   14287    65972   4.23
2000-2009       90      0.19222  0.17536  0.50   12995    2279   11855    51686   3.98
2000-2009       91      0.21569  0.19469  0.50   10716    2086    9673    39830   3.72
2000-2009       92      0.22919  0.20562  0.50    8630    1774    7742    30157   3.49
2000-2009       93      0.25461  0.22586  0.50    6855    1548    6081    22415   3.27
2000-2009       94      0.28219  0.24730  0.50    5307    1312    4651    16334   3.08
2000-2009       95      0.29266  0.25530  0.50    3995    1020    3485    11683   2.92
2000-2009       96      0.31525  0.27233  0.50    2975     810    2570     8199   2.76
2000-2009       97      0.33875  0.28969  0.50    2165     627    1851     5629   2.60
2000-2009       98      0.36307  0.30729  0.50    1538     472    1301     3778   2.46
2000-2009       99      0.38812  0.32504  0.50    1065     346     892     2477   2.33
2000-2009      100      0.41376  0.34284  0.50     719     246     596     1585   2.20
2000-2009      101      0.43989  0.36058  0.50     472     170     387      989   2.09
2000-2009      102      0.46635  0.37817  0.50     302     114     245      602   1.99
2000-2009      103      0.49300  0.39551  0.50     188      74     151      357   1.90
2000-2009      104      0.51969  0.41251  0.50     114      47      90      206   1.82
2000-2009      105      0.54628  0.42908  0.50      67      29      52      116   1.74
2000-2009      106      0.57259  0.44515  0.50      38      17      30       64   1.67
2000-2009      107      0.59851  0.46066  0.50      21      10      16       34   1.61
2000-2009      108      0.62388  0.47554  0.50      11       5       9       18   1.56
2000-2009      109      0.64860  0.48977  0.50       6       3       5        9   1.51
2000-2009      110+     0.67254  1.00000  1.49       3       3       5        5   1.49
2010-2017        0      0.00780  0.00774  0.13  100000     774   99329  7632366  76.32
2010-2017        1      0.00048  0.00047  0.50   99226      47   99202  7533037  75.92
2010-2017        2      0.00028  0.00028  0.50   99178      28   99165  7433835  74.95
2010-2017        3      0.00024  0.00024  0.50   99151      24   99139  7334671  73.97
2010-2017        4      0.00019  0.00019  0.50   99127      19   99118  7235531  72.99
2010-2017        5      0.00017  0.00017  0.50   99108      17   99099  7136414  72.01
2010-2017        6      0.00014  0.00014  0.50   99091      14   99084  7037314  71.02
2010-2017        7      0.00016  0.00016  0.50   99077      16   99069  6938231  70.03
2010-2017        8      0.00017  0.00017  0.50   99061      17   99053  6839162  69.04
2010-2017        9      0.00014  0.00014  0.50   99044      13   99037  6740109  68.05
2010-2017       10      0.00014  0.00014  0.50   99031      14   99024  6641072  67.06
2010-2017       11      0.00016  0.00016  0.50   99017      16   99009  6542048  66.07
2010-2017       12      0.00020  0.00020  0.50   99001      20   98991  6443039  65.08
2010-2017       13      0.00021  0.00021  0.50   98981      20   98971  6344047  64.09
2010-2017       14      0.00028  0.00028  0.50   98961      27   98947  6245076  63.11
2010-2017       15      0.00041  0.00041  0.50   98934      40   98913  6146129  62.12
2010-2017       16      0.00050  0.00050  0.50   98893      50   98868  6047215  61.15
2010-2017       17      0.00063  0.00063  0.50   98843      62   98812  5948347  60.18
2010-2017       18      0.00079  0.00079  0.50   98781      78   98742  5849535  59.22
2010-2017       19      0.00091  0.00091  0.50   98703      89   98659  5750792  58.26
2010-2017       20      0.00088  0.00088  0.50   98614      87   98570  5652134  57.32
2010-2017       21      0.00094  0.00094  0.50   98527      92   98481  5553564  56.37
2010-2017       22      0.00103  0.00103  0.50   98435     101   98384  5455083  55.42
2010-2017       23      0.00105  0.00105  0.50   98333     103   98282  5356699  54.47
2010-2017       24      0.00103  0.00103  0.50   98230     101   98179  5258417  53.53
2010-2017       25      0.00101  0.00101  0.50   98129      99   98079  5160238  52.59
2010-2017       26      0.00110  0.00110  0.50   98030     108   97976  5062159  51.64
2010-2017       27      0.00113  0.00113  0.50   97922     111   97866  4964183  50.70
2010-2017       28      0.00120  0.00120  0.50   97811     118   97752  4866317  49.75
2010-2017       29      0.00128  0.00128  0.50   97693     125   97631  4768565  48.81
2010-2017       30      0.00127  0.00127  0.50   97569     124   97507  4670934  47.87
2010-2017       31      0.00126  0.00126  0.50   97445     122   97383  4573427  46.93
2010-2017       32      0.00131  0.00131  0.50   97322     127   97259  4476044  45.99
2010-2017       33      0.00136  0.00136  0.50   97195     132   97129  4378785  45.05
2010-2017       34      0.00150  0.00149  0.50   97063     145   96990  4281656  44.11
2010-2017       35      0.00150  0.00150  0.50   96917     146   96845  4184666  43.18
2010-2017       36      0.00161  0.00161  0.50   96772     155   96694  4087822  42.24
2010-2017       37      0.00166  0.00166  0.50   96617     161   96536  3991127  41.31
2010-2017       38      0.00186  0.00186  0.50   96456     179   96366  3894591  40.38
2010-2017       39      0.00189  0.00188  0.50   96276     181   96186  3798225  39.45
2010-2017       40      0.00201  0.00201  0.50   96095     193   95999  3702039  38.52
2010-2017       41      0.00219  0.00218  0.50   95902     209   95798  3606041  37.60
2010-2017       42      0.00236  0.00236  0.50   95693     225   95580  3510243  36.68
2010-2017       43      0.00257  0.00257  0.50   95467     245   95345  3414663  35.77
2010-2017       44      0.00274  0.00274  0.50   95222     261   95092  3319318  34.86
2010-2017       45      0.00287  0.00287  0.50   94961     272   94825  3224227  33.95
2010-2017       46      0.00320  0.00320  0.50   94689     303   94537  3129402  33.05
2010-2017       47      0.00335  0.00335  0.50   94386     316   94228  3034864  32.15
2010-2017       48      0.00363  0.00362  0.50   94070     341   93900  2940636  31.26
2010-2017       49      0.00397  0.00397  0.50   93729     372   93543  2846737  30.37
2010-2017       50      0.00420  0.00419  0.50   93358     391   93162  2753193  29.49
2010-2017       51      0.00474  0.00473  0.50   92967     440   92747  2660031  28.61
2010-2017       52      0.00507  0.00506  0.50   92527     468   92293  2567284  27.75
2010-2017       53      0.00546  0.00544  0.50   92059     501   91809  2474992  26.88
2010-2017       54      0.00612  0.00610  0.50   91558     558   91279  2383183  26.03
2010-2017       55      0.00648  0.00645  0.50   91000     587   90706  2291904  25.19
2010-2017       56      0.00714  0.00711  0.50   90413     643   90091  2201198  24.35
2010-2017       57      0.00766  0.00764  0.50   89770     685   89427  2111107  23.52
2010-2017       58      0.00849  0.00845  0.50   89084     753   88708  2021680  22.69
2010-2017       59      0.00918  0.00913  0.50   88331     807   87928  1932972  21.88
2010-2017       60      0.00998  0.00993  0.50   87524     869   87090  1845044  21.08
2010-2017       61      0.01114  0.01107  0.50   86656     960   86176  1757954  20.29
2010-2017       62      0.01213  0.01205  0.50   85696    1033   85180  1671778  19.51
2010-2017       63      0.01304  0.01296  0.50   84663    1097   84115  1586598  18.74
2010-2017       64      0.01459  0.01448  0.50   83566    1210   82961  1502484  17.98
2010-2017       65      0.01597  0.01584  0.50   82356    1304   81703  1419523  17.24
2010-2017       66      0.01767  0.01751  0.50   81051    1419   80342  1337820  16.51
2010-2017       67      0.01936  0.01917  0.50   79632    1527   78868  1257478  15.79
2010-2017       68      0.02129  0.02107  0.50   78105    1645   77282  1178610  15.09
2010-2017       69      0.02357  0.02329  0.50   76460    1781   75569  1101327  14.40
2010-2017       70      0.02560  0.02527  0.50   74679    1887   73735  1025758  13.74
2010-2017       71      0.02730  0.02693  0.50   72791    1960   71811   952023  13.08
2010-2017       72      0.02994  0.02949  0.50   70831    2089   69787   880212  12.43
2010-2017       73      0.03292  0.03238  0.50   68742    2226   67629   810425  11.79
2010-2017       74      0.03622  0.03558  0.50   66516    2367   65333   742796  11.17
2010-2017       75      0.03959  0.03882  0.50   64149    2490   62904   677463  10.56
2010-2017       76      0.04437  0.04340  0.50   61659    2676   60321   614559   9.97
2010-2017       77      0.04891  0.04774  0.50   58983    2816   57575   554238   9.40
2010-2017       78      0.05347  0.05208  0.50   56167    2925   54704   496663   8.84
2010-2017       79      0.06028  0.05852  0.50   53242    3116   51684   441959   8.30
2010-2017       80      0.06675  0.06459  0.50   50126    3238   48507   390275   7.79
2010-2017       81      0.07291  0.07035  0.50   46889    3299   45239   341767   7.29
2010-2017       82      0.08394  0.08056  0.50   43590    3512   41834   296528   6.80
2010-2017       83      0.09292  0.08879  0.50   40079    3559   38299   254694   6.35
2010-2017       84      0.10421  0.09905  0.50   36520    3617   34711   216394   5.93
2010-2017       85      0.11765  0.11112  0.50   32902    3656   31074   181683   5.52
2010-2017       86      0.13402  0.12561  0.50   29246    3674   27410   150609   5.15
2010-2017       87      0.15002  0.13955  0.50   25573    3569   23789   123199   4.82
2010-2017       88      0.16334  0.15100  0.50   22004    3323   20343    99411   4.52
2010-2017       89      0.18111  0.16607  0.50   18681    3102   17130    79068   4.23
2010-2017       90      0.18988  0.17342  0.50   15579    2702   14228    61938   3.98
2010-2017       91      0.21023  0.19024  0.50   12877    2450   11653    47709   3.70
2010-2017       92      0.23145  0.20745  0.50   10428    2163    9346    36057   3.46
2010-2017       93      0.24531  0.21851  0.50    8264    1806    7362    26711   3.23
2010-2017       94      0.27421  0.24115  0.50    6459    1557    5680    19349   3.00
2010-2017       95      0.30536  0.26491  0.50    4901    1298    4252    13669   2.79
2010-2017       96      0.33150  0.28436  0.50    3603    1024    3091     9417   2.61
2010-2017       97      0.35872  0.30416  0.50    2578     784    2186     6327   2.45
2010-2017       98      0.38688  0.32417  0.50    1794     582    1503     4141   2.31
2010-2017       99      0.41583  0.34425  0.50    1212     417    1004     2638   2.18
2010-2017      100      0.44536  0.36425  0.50     795     290     650     1634   2.05
2010-2017      101      0.47528  0.38402  0.50     505     194     408      984   1.95
2010-2017      102      0.50539  0.40344  0.50     311     126     249      575   1.85
2010-2017      103      0.53545  0.42237  0.50     186      78     147      327   1.76
2010-2017      104      0.56526  0.44071  0.50     107      47      84      180   1.68
2010-2017      105      0.59461  0.45834  0.50      60      28      46       96   1.61
2010-2017      106      0.62329  0.47520  0.50      33      15      25       50   1.54
2010-2017      107      0.65114  0.49121  0.50      17       8      13       25   1.49
2010-2017      108      0.67799  0.50634  0.50       9       4       6       12   1.44
2010-2017      109      0.70371  0.52055  0.50       4       2       3        6   1.40
2010-2017      110+     0.72820  1.00000  1.37       2       2       3        3   1.37
