Chile, Population size (1-year)	Last modified: 20 Jul 2020;  Methods Protocol: v6 (2017)

  Year          Age             Female            Male           Total
  1992           0            137242.61       143654.87       280897.48
  1992         1-4            569266.75       594547.77      1163814.52
  1992         5-9            614563.99       634130.11      1248694.10
  1992        10-14           599657.35       618611.84      1218269.19
  1992        15-19           603810.95       617021.79      1220832.74
  1992        20-24           609271.95       599439.68      1208711.63
  1992        25-29           625592.41       603077.14      1228669.55
  1992        30-34           569605.71       547918.11      1117523.82
  1992        35-39           472968.35       447646.70       920615.05
  1992        40-44           389782.65       369223.25       759005.90
  1992        45-49           331922.72       313252.47       645175.19
  1992        50-54           279748.77       258825.98       538574.75
  1992        55-59           232743.28       209122.86       441866.14
  1992        60-64           228552.65       198181.64       426734.29
  1992        65-69           163785.79       138206.43       301992.22
  1992        70-74           127950.56        99424.96       227375.52
  1992        75-79            96666.37        68169.49       164835.86
  1992        80-84            63105.15        38362.40       101467.55
  1992        85-89            30414.52        14938.56        45353.08
  1992        90-94            10007.94         4026.06        14034.00
  1992        95-99             2026.84          619.04         2645.88
  1992       100-104             264.93           79.43          344.36
  1992       105-109              26.98            8.68           35.66
  1992       110+                  5.00            1.00            6.00
  1993           0            135971.72       142020.78       277992.50
  1993         1-4            558416.80       582933.33      1141350.13
  1993         5-9            636359.29       659390.76      1295750.05
  1993        10-14           608992.54       627030.40      1236022.94
  1993        15-19           597484.06       615630.63      1213114.69
  1993        20-24           607233.89       599289.77      1206523.66
  1993        25-29           624483.33       602599.05      1227082.38
  1993        30-34           590662.65       567482.12      1158144.77
  1993        35-39           489997.13       464007.78       954004.91
  1993        40-44           405374.51       385153.88       790528.39
  1993        45-49           338519.99       318463.48       656983.47
  1993        50-54           289936.63       269790.99       559727.62
  1993        55-59           235597.79       212033.78       447631.57
  1993        60-64           230056.27       196958.50       427014.77
  1993        65-69           175940.84       149306.59       325247.43
  1993        70-74           128737.00       100295.99       229032.99
  1993        75-79            98765.97        69290.51       168056.48
  1993        80-84            66331.46        39661.30       105992.76
  1993        85-89            32001.48        15864.57        47866.05
  1993        90-94            10704.01         4432.42        15136.43
  1993        95-99             2160.37          658.32         2818.69
  1993       100-104             280.64           74.08          354.72
  1993       105-109              24.97           12.34           37.31
  1993       110+                  3.00            1.00            4.00
  1994           0            133162.33       139441.04       272603.37
  1994         1-4            549730.33       573694.93      1123425.26
  1994         5-9            660961.34       686472.65      1347433.99
  1994        10-14           612929.39       631952.95      1244882.34
  1994        15-19           587334.10       602673.47      1190007.57
  1994        20-24           609792.57       607367.22      1217159.79
  1994        25-29           622801.76       601629.55      1224431.31
  1994        30-34           606414.51       582264.54      1188679.05
  1994        35-39           506498.38       482778.50       989276.88
  1994        40-44           422119.89       401835.53       823955.42
  1994        45-49           346692.61       326366.54       673059.15
  1994        50-54           301492.42       282012.55       583504.97
  1994        55-59           241551.93       217377.61       458929.54
  1994        60-64           228447.25       197128.69       425575.94
  1994        65-69           186956.75       158301.98       345258.73
  1994        70-74           131453.62       102711.48       234165.10
  1994        75-79            99743.75        69686.61       169430.36
  1994        80-84            69728.95        41231.46       110960.41
  1994        85-89            33556.34        16660.41        50216.75
  1994        90-94            11445.48         4754.01        16199.49
  1994        95-99             2306.78          700.95         3007.73
  1994       100-104             292.92           80.71          373.63
  1994       105-109              32.72           10.89           43.61
  1994       110+                  4.00            1.45            5.45
  1995           0            132577.96       138010.56       270588.52
  1995         1-4            542060.55       566055.00      1108115.55
  1995         5-9            681764.78       708298.70      1390063.48
  1995        10-14           613816.35       634186.91      1248003.26
  1995        15-19           581568.21       594859.56      1176427.77
  1995        20-24           612907.68       614354.54      1227262.22
  1995        25-29           616104.95       598394.25      1214499.20
  1995        30-34           614675.83       591188.70      1205864.53
  1995        35-39           530792.82       507005.52      1037798.34
  1995        40-44           430625.06       409213.18       839838.24
  1995        45-49           363876.56       343577.21       707453.77
  1995        50-54           307252.00       287483.42       594735.42
  1995        55-59           255347.78       231171.35       486519.13
  1995        60-64           221909.69       193146.86       415056.55
  1995        65-69           200687.11       169042.16       369729.27
  1995        70-74           133424.67       105269.76       238694.43
  1995        75-79           104393.68        72777.05       177170.73
  1995        80-84            72825.97        42990.14       115816.11
  1995        85-89            35388.71        17636.05        53024.76
  1995        90-94            12260.12         5037.54        17297.66
  1995        95-99             2559.91          832.30         3392.21
  1995       100-104             313.09           86.95          400.04
  1995       105-109              35.79           11.11           46.90
  1995       110+                  3.46            2.00            5.46
  1996           0            128693.95       134359.32       263053.27
  1996         1-4            538177.67       561142.25      1099319.92
  1996         5-9            695464.06       723500.40      1418964.46
  1996        10-14           615275.44       635377.23      1250652.67
  1996        15-19           582915.57       597499.99      1180415.56
  1996        20-24           612257.00       615478.09      1227735.09
  1996        25-29           608620.70       594855.75      1203476.45
  1996        30-34           626797.86       602174.38      1228972.24
  1996        35-39           547809.00       525277.14      1073086.14
  1996        40-44           449268.08       424717.42       873985.50
  1996        45-49           373108.97       353744.52       726853.49
  1996        50-54           318112.50       297546.13       615658.63
  1996        55-59           263481.26       240325.69       503806.95
  1996        60-64           222128.32       193433.91       415562.23
  1996        65-69           207559.09       175859.41       383418.50
  1996        70-74           139038.56       109315.85       248354.41
  1996        75-79           105104.42        74132.80       179237.22
  1996        80-84            75110.98        43736.29       118847.27
  1996        85-89            37475.76        18765.50        56241.26
  1996        90-94            13076.34         5271.95        18348.29
  1996        95-99             2901.65          952.57         3854.22
  1996       100-104             347.58          100.95          448.53
  1996       105-109              38.41           14.56           52.97
  1996       110+                  3.46            1.00            4.46
  1997           0            127588.57       133761.67       261350.24
  1997         1-4            528733.93       550880.72      1079614.65
  1997         5-9            702251.22       731882.74      1434133.96
  1997        10-14           618836.01       640035.02      1258871.03
  1997        15-19           595893.64       611061.92      1206955.56
  1997        20-24           603728.62       608624.53      1212353.15
  1997        25-29           606831.30       595593.05      1202424.35
  1997        30-34           628079.49       604458.00      1232537.49
  1997        35-39           569863.83       546452.47      1116316.30
  1997        40-44           466801.91       442893.79       909695.70
  1997        45-49           387257.94       367202.91       754460.85
  1997        50-54           323096.12       303729.32       626825.44
  1997        55-59           272433.04       248484.42       520917.46
  1997        60-64           223990.60       196706.96       420697.56
  1997        65-69           212750.68       177795.93       390546.61
  1997        70-74           146420.76       116507.26       262928.02
  1997        75-79           107620.24        75747.90       183368.14
  1997        80-84            77335.28        45007.71       122342.99
  1997        85-89            39193.12        19788.51        58981.63
  1997        90-94            14131.49         5694.74        19826.23
  1997        95-99             3180.78         1055.74         4236.52
  1997       100-104             410.70          105.71          516.41
  1997       105-109              40.17           15.89           56.06
  1997       110+                  5.83            2.45            8.28
  1998           0            125176.21       131564.18       256740.39
  1998         1-4            519132.06       541453.27      1060585.33
  1998         5-9            696209.28       724806.36      1421015.64
  1998        10-14           635888.54       660544.52      1296433.06
  1998        15-19           606340.92       621056.56      1227397.48
  1998        20-24           594741.40       601287.96      1196029.36
  1998        25-29           607244.66       597985.67      1205230.33
  1998        30-34           625835.62       603030.79      1228866.41
  1998        35-39           594470.73       570213.16      1164683.89
  1998        40-44           481069.64       457672.81       938742.45
  1998        45-49           401622.64       382151.28       783773.92
  1998        50-54           329956.12       310977.42       640933.54
  1998        55-59           281415.38       257152.25       538567.63
  1998        60-64           229646.57       202737.99       432384.56
  1998        65-69           213223.69       177611.97       390835.66
  1998        70-74           156862.67       125339.97       282202.64
  1998        75-79           108897.29        77234.01       186131.30
  1998        80-84            79072.60        45987.07       125059.67
  1998        85-89            41654.46        20467.16        62121.62
  1998        90-94            14796.44         6035.52        20831.96
  1998        95-99             3362.85         1095.61         4458.46
  1998       100-104             421.09          103.84          524.93
  1998       105-109              42.66           14.23           56.89
  1998       110+                  5.46            2.00            7.46
  1999           0            124081.28       129023.86       253105.14
  1999         1-4            509830.78       531692.39      1041523.17
  1999         5-9            688775.89       717115.56      1405891.45
  1999        10-14           655299.15       680628.06      1335927.21
  1999        15-19           611463.26       629148.25      1240611.51
  1999        20-24           585700.25       590001.03      1175701.28
  1999        25-29           609633.80       603547.80      1213181.60
  1999        30-34           621471.74       599759.68      1221231.42
  1999        35-39           612077.02       588806.15      1200883.17
  1999        40-44           498611.26       474962.21       973573.47
  1999        45-49           416742.15       397753.63       814495.78
  1999        50-54           339331.81       320146.35       659478.16
  1999        55-59           291874.84       268000.00       559874.84
  1999        60-64           237022.91       209949.55       446972.46
  1999        65-69           210786.81       176849.26       387636.07
  1999        70-74           166672.60       132591.33       299263.93
  1999        75-79           111981.67        80162.10       192143.77
  1999        80-84            79989.85        46688.80       126678.65
  1999        85-89            44032.32        21298.36        65330.68
  1999        90-94            15499.82         6232.32        21732.14
  1999        95-99             3546.76         1177.60         4724.36
  1999       100-104             421.73           96.45          518.18
  1999       105-109              42.85           12.89           55.74
  1999       110+                  6.46            3.00            9.46
  2000           0            120064.33       125288.92       245353.25
  2000         1-4            499354.47       519861.37      1019215.84
  2000         5-9            678724.43       706379.99      1385104.42
  2000        10-14           676551.15       701330.79      1377881.94
  2000        15-19           612947.11       633059.13      1246006.24
  2000        20-24           579532.17       584065.18      1163597.35
  2000        25-29           611882.98       608053.06      1219936.04
  2000        30-34           614327.21       596170.61      1210497.82
  2000        35-39           617982.84       593996.28      1211979.12
  2000        40-44           526990.92       502948.37      1029939.29
  2000        45-49           425349.64       405391.48       830741.12
  2000        50-54           358070.48       339205.87       697276.35
  2000        55-59           296678.21       273088.42       569766.63
  2000        60-64           249892.12       222262.91       472155.03
  2000        65-69           205224.41       173883.74       379108.15
  2000        70-74           179985.87       142650.71       322636.58
  2000        75-79           113643.75        82499.25       196143.00
  2000        80-84            80192.89        46896.66       127089.55
  2000        85-89            45987.99        22120.54        68108.53
  2000        90-94            16172.15         6421.71        22593.86
  2000        95-99             3630.24         1133.71         4763.95
  2000       100-104             447.25           96.32          543.57
  2000       105-109              43.03            7.00           50.03
  2000       110+                  7.46            3.89           11.35
  2001           0            117711.54       122809.16       240520.70
  2001         1-4            485941.88       505031.42       990973.30
  2001         5-9            666041.66       692112.62      1358154.28
  2001        10-14           694338.84       719643.40      1413982.24
  2001        15-19           615158.54       636430.37      1251588.91
  2001        20-24           579617.47       587648.72      1167266.19
  2001        25-29           613204.21       608916.52      1222120.73
  2001        30-34           604359.56       589639.15      1193998.71
  2001        35-39           630179.51       604425.14      1234604.65
  2001        40-44           546498.04       523537.21      1070035.25
  2001        45-49           442588.10       419579.77       862167.87
  2001        50-54           369016.28       351268.08       720284.36
  2001        55-59           307139.72       283675.91       590815.63
  2001        60-64           257217.87       230527.48       487745.35
  2001        65-69           205706.26       174631.17       380337.43
  2001        70-74           187049.45       149509.11       336558.56
  2001        75-79           118741.55        86471.36       205212.91
  2001        80-84            82910.79        48801.30       131712.09
  2001        85-89            47904.95        22700.27        70605.22
  2001        90-94            17365.44         6842.35        24207.79
  2001        95-99             3748.22         1125.40         4873.62
  2001       100-104             496.82          107.54          604.36
  2001       105-109              34.73           10.00           44.73
  2001       110+                  8.37            5.45           13.82
  2002           0            111515.64       116015.60       227531.24
  2002         1-4            467863.27       484913.41       952776.68
  2002         5-9            650978.22       675978.88      1326957.10
  2002        10-14           698137.27       725519.28      1423656.55
  2002        15-19           624213.89       647045.04      1271258.93
  2002        20-24           591186.41       600582.47      1191768.88
  2002        25-29           603832.58       598553.06      1202385.64
  2002        30-34           603941.35       591879.50      1195820.85
  2002        35-39           631163.72       607069.16      1238232.88
  2002        40-44           569970.55       545192.40      1115162.95
  2002        45-49           458769.35       436659.92       895429.27
  2002        50-54           383731.51       364443.18       748174.69
  2002        55-59           311580.32       291009.94       602590.26
  2002        60-64           262736.10       234687.60       497423.70
  2002        65-69           212166.60       181222.11       393388.71
  2002        70-74           192332.89       152880.17       345213.06
  2002        75-79           124407.49        91902.59       216310.08
  2002        80-84            84743.64        50309.24       135052.88
  2002        85-89            49917.33        23696.81        73614.14
  2002        90-94            18288.11         7348.66        25636.77
  2002        95-99             4144.72         1248.60         5393.32
  2002       100-104             532.00          109.00          641.00
  2002       105-109              39.00            9.00           48.00
  2002       110+                  6.00            3.00            9.00
  2003           0            112726.31       117381.85       230108.16
  2003         1-4            450088.76       466812.08       916900.84
  2003         5-9            638286.62       662582.53      1300869.15
  2003        10-14           700127.09       726693.33      1426820.42
  2003        15-19           636383.26       661021.55      1297404.81
  2003        20-24           604860.58       614248.10      1219108.68
  2003        25-29           592953.01       588340.31      1181293.32
  2003        30-34           607012.68       595610.10      1202622.78
  2003        35-39           626313.32       602138.18      1228451.50
  2003        40-44           595998.64       569805.80      1165804.44
  2003        45-49           472615.18       450039.01       922654.19
  2003        50-54           396202.49       375992.34       772194.83
  2003        55-59           320658.69       300699.93       621358.62
  2003        60-64           270828.92       240979.73       511808.65
  2003        65-69           219941.35       188630.35       408571.70
  2003        70-74           191790.15       152951.47       344741.62
  2003        75-79           133212.72        97955.74       231168.46
  2003        80-84            87543.90        52574.80       140118.70
  2003        85-89            51495.31        24706.87        76202.18
  2003        90-94            20164.58         7730.63        27895.21
  2003        95-99             4406.22         1371.32         5777.54
  2003       100-104             538.00          135.00          673.00
  2003       105-109              43.00            6.00           49.00
  2003       110+                  5.00            3.00            8.00
  2004           0            113742.19       119001.12       232743.31
  2004         1-4            445720.16       463273.95       908994.11
  2004         5-9            627115.69       650012.42      1277128.11
  2004        10-14           697476.44       723570.33      1421046.77
  2004        15-19           654130.09       676922.82      1331052.91
  2004        20-24           612961.74       625667.65      1238629.39
  2004        25-29           585981.56       580553.69      1166535.25
  2004        30-34           609529.19       598460.65      1207989.84
  2004        35-39           619833.42       595941.77      1215775.19
  2004        40-44           612483.74       587143.26      1199627.00
  2004        45-49           492739.39       466831.11       959570.50
  2004        50-54           410065.81       388959.65       799025.46
  2004        55-59           332288.66       310759.63       643048.29
  2004        60-64           280938.29       251051.31       531989.60
  2004        65-69           227146.62       195088.58       422235.20
  2004        70-74           189541.09       151417.07       340958.16
  2004        75-79           141505.28       102963.47       244468.75
  2004        80-84            89817.47        54807.74       144625.21
  2004        85-89            52655.99        25375.26        78031.25
  2004        90-94            21731.47         8222.96        29954.43
  2004        95-99             4763.83         1509.09         6272.92
  2004       100-104             609.00          150.00          759.00
  2004       105-109              42.00            5.00           47.00
  2004       110+                  3.00            3.00            6.00
  2005           0            112113.66       116400.92       228514.58
  2005         1-4            446509.26       465502.03       912011.29
  2005         5-9            612226.72       634366.77      1246593.49
  2005        10-14           688110.02       713266.74      1401376.76
  2005        15-19           678314.09       699447.69      1377761.78
  2005        20-24           617107.81       631446.15      1248553.96
  2005        25-29           581179.50       577608.03      1158787.53
  2005        30-34           612476.14       602042.98      1214519.12
  2005        35-39           612452.30       590626.15      1203078.45
  2005        40-44           616589.07       588446.23      1205035.30
  2005        45-49           522562.29       494904.93      1017467.22
  2005        50-54           419935.35       396358.12       816293.47
  2005        55-59           351312.97       328334.14       679647.11
  2005        60-64           286820.13       257249.21       544069.34
  2005        65-69           237241.59       203611.44       440853.03
  2005        70-74           186869.09       149754.18       336623.27
  2005        75-79           152378.90       110775.35       263154.25
  2005        80-84            93149.57        57789.24       150938.81
  2005        85-89            53153.03        25689.82        78842.85
  2005        90-94            23031.93         8740.46        31772.39
  2005        95-99             5114.24         1549.65         6663.89
  2005       100-104             644.80          164.00          808.80
  2005       105-109              49.00            6.00           55.00
  2005       110+                  4.00            1.00            5.00
  2006           0            111553.11       117562.75       229115.86
  2006         1-4            447668.24       466507.57       914175.81
  2006         5-9            597647.78       620120.76      1217768.54
  2006        10-14           675716.24       699267.98      1374984.22
  2006        15-19           699756.83       721172.60      1420929.43
  2006        20-24           622401.09       636744.98      1259146.07
  2006        25-29           582803.05       582752.10      1165555.15
  2006        30-34           615069.92       603531.78      1218601.70
  2006        35-39           603045.77       582698.55      1185744.32
  2006        40-44           626807.30       596089.75      1222897.05
  2006        45-49           542571.61       514410.84      1056982.45
  2006        50-54           437313.79       409791.72       847105.51
  2006        55-59           362444.89       338643.36       701088.25
  2006        60-64           298090.54       268100.01       566190.55
  2006        65-69           243491.22       209719.28       453210.50
  2006        70-74           189704.10       151201.21       340905.31
  2006        75-79           157311.28       115488.35       272799.63
  2006        80-84            95129.73        59801.77       154931.50
  2006        85-89            54824.87        26922.73        81747.60
  2006        90-94            24145.11         8952.72        33097.83
  2006        95-99             5699.05         1718.11         7417.16
  2006       100-104             701.47          161.00          862.47
  2006       105-109              53.00           15.00           68.00
  2006       110+                  5.00            2.00            7.00
  2007           0            112463.13       117307.50       229770.63
  2007         1-4            450031.62       470049.91       920081.53
  2007         5-9            583726.36       606748.64      1190475.00
  2007        10-14           663060.90       686087.47      1349148.37
  2007        15-19           707849.68       730749.14      1438598.82
  2007        20-24           631987.29       646626.30      1278613.59
  2007        25-29           596286.14       597058.63      1193344.77
  2007        30-34           607527.69       595425.61      1202953.30
  2007        35-39           603036.96       583607.37      1186644.33
  2007        40-44           627496.38       597282.77      1224779.15
  2007        45-49           563832.36       532752.99      1096585.35
  2007        50-54           455416.35       426967.49       882383.84
  2007        55-59           375396.83       349050.92       724447.75
  2007        60-64           305461.96       276837.53       582299.49
  2007        65-69           249245.92       213724.27       462970.19
  2007        70-74           196161.55       157080.07       353241.62
  2007        75-79           162291.91       118499.62       280791.53
  2007        80-84            97495.45        62001.23       159496.68
  2007        85-89            56550.64        28101.24        84651.88
  2007        90-94            25414.33         9460.81        34875.14
  2007        95-99             6187.11         1861.66         8048.77
  2007       100-104             774.72          181.60          956.32
  2007       105-109              56.00           16.00           72.00
  2007       110+                  3.00            1.00            4.00
  2008           0            116749.71       121816.29       238566.00
  2008         1-4            448611.20       468725.72       917336.92
  2008         5-9            576216.81       599590.34      1175807.15
  2008        10-14           650639.37       673638.93      1324278.30
  2008        15-19           712222.26       734761.90      1446984.16
  2008        20-24           643180.53       659246.63      1302427.16
  2008        25-29           611445.58       612097.00      1223542.58
  2008        30-34           597600.12       586407.31      1184007.43
  2008        35-39           605751.51       586316.48      1192067.99
  2008        40-44           623344.93       592910.34      1216255.27
  2008        45-49           586739.97       553566.88      1140306.85
  2008        50-54           471643.86       442128.06       913771.92
  2008        55-59           387291.46       359334.50       746625.96
  2008        60-64           315435.90       286402.40       601838.30
  2008        65-69           258124.59       220557.86       478682.45
  2008        70-74           202088.40       162701.04       364789.44
  2008        75-79           163499.76       119288.88       282788.64
  2008        80-84           100462.10        64697.43       165159.53
  2008        85-89            58166.90        29380.80        87547.70
  2008        90-94            25885.31         9696.87        35582.18
  2008        95-99             6632.58         1909.63         8542.21
  2008       100-104             798.22          206.32         1004.54
  2008       105-109              59.00           13.00           72.00
  2008       110+                  5.00            1.00            6.00
  2009           0            119779.19       124774.22       244553.41
  2009         1-4            451592.46       471654.86       923247.32
  2009         5-9            570799.94       594922.17      1165722.11
  2009        10-14           638442.09       661087.78      1299529.87
  2009        15-19           710036.96       732459.33      1442496.29
  2009        20-24           661490.08       676743.98      1338234.06
  2009        25-29           620422.52       623691.64      1244114.16
  2009        30-34           590068.00       578056.94      1168124.94
  2009        35-39           609307.24       590506.75      1199813.99
  2009        40-44           617633.63       587402.53      1205036.16
  2009        45-49           602651.91       569165.72      1171817.63
  2009        50-54           491199.27       458756.47       949955.74
  2009        55-59           401498.11       372135.51       773633.62
  2009        60-64           326811.62       296029.00       622840.62
  2009        65-69           268579.05       230421.65       499000.70
  2009        70-74           208148.62       168021.68       376170.30
  2009        75-79           164170.44       119891.44       284061.88
  2009        80-84           106479.71        68602.07       175081.78
  2009        85-89            59901.47        30987.74        90889.21
  2009        90-94            26755.99        10274.26        37030.25
  2009        95-99             7207.47         2058.96         9266.43
  2009       100-104             891.83          219.09         1110.92
  2009       105-109              70.00           19.00           89.00
  2009       110+                  6.00            1.00            7.00
  2010           0            122605.10       127517.00       250122.10
  2010         1-4            459188.00       479706.32       938894.32
  2010         5-9            566703.18       590832.01      1157535.19
  2010        10-14           623586.06       646735.90      1270321.96
  2010        15-19           701157.62       722668.40      1423826.02
  2010        20-24           685824.83       700589.84      1386414.67
  2010        25-29           625607.79       630310.66      1255918.45
  2010        30-34           585855.19       575072.67      1160927.86
  2010        35-39           614006.20       595716.46      1209722.66
  2010        40-44           610038.26       581221.26      1191259.52
  2010        45-49           610429.24       574472.63      1184901.87
  2010        50-54           516624.08       482170.16       998794.24
  2010        55-59           413346.67       381513.18       794859.85
  2010        60-64           342258.91       309885.21       652144.12
  2010        65-69           276096.51       237842.80       513939.31
  2010        70-74           217057.60       175152.11       392209.71
  2010        75-79           165017.80       120714.32       285732.12
  2010        80-84           113369.85        73791.06       187160.91
  2010        85-89            62086.57        32932.24        95018.81
  2010        90-94            27228.03        10568.82        37796.85
  2010        95-99             7915.93         2223.46        10139.39
  2010       100-104             985.24          232.65         1217.89
  2010       105-109              71.80           21.00           92.80
  2010       110+                  6.00            1.00            7.00
  2011           0            122165.77       126725.89       248891.66
  2011         1-4            469546.42       489276.64       958823.06
  2011         5-9            563275.45       588189.28      1151464.73
  2011        10-14           610459.33       634693.87      1245153.20
  2011        15-19           688612.50       709098.39      1397710.89
  2011        20-24           707186.31       723040.29      1430226.60
  2011        25-29           632085.36       636764.81      1268850.17
  2011        30-34           588010.34       579621.10      1167631.44
  2011        35-39           616806.47       597988.12      1214794.59
  2011        40-44           602039.52       574125.56      1176165.08
  2011        45-49           619793.64       582120.62      1201914.26
  2011        50-54           536101.31       500263.47      1036364.78
  2011        55-59           430784.39       395381.93       826166.32
  2011        60-64           352212.38       318766.45       670978.83
  2011        65-69           286691.36       247850.81       534542.17
  2011        70-74           223700.80       181110.80       404811.60
  2011        75-79           169367.65       123204.15       292571.80
  2011        80-84           116804.00        76654.90       193458.90
  2011        85-89            63110.73        33771.77        96882.50
  2011        90-94            27847.87        11015.73        38863.60
  2011        95-99             8207.11         2178.72        10385.83
  2011       100-104            1093.05          272.11         1365.16
  2011       105-109              78.47           21.00           99.47
  2011       110+                  9.00            1.00           10.00
  2012           0            119865.75       125477.46       245343.21
  2012         1-4            478208.54       497843.81       976052.35
  2012         5-9            562514.05       587170.03      1149684.08
  2012        10-14           597988.32       623195.13      1221183.45
  2012        15-19           675992.70       696665.94      1372658.64
  2012        20-24           718061.66       734911.02      1452972.68
  2012        25-29           639682.35       645100.48      1284782.83
  2012        30-34           601743.16       593833.43      1195576.59
  2012        35-39           610970.01       592247.32      1203217.33
  2012        40-44           601427.14       573865.97      1175293.11
  2012        45-49           621911.16       584607.51      1206518.67
  2012        50-54           555149.00       516287.63      1071436.63
  2012        55-59           449988.45       413045.92       863034.37
  2012        60-64           363310.42       327898.62       691209.04
  2012        65-69           295499.67       256752.86       552252.53
  2012        70-74           230838.31       186512.24       417350.55
  2012        75-79           174012.93       127620.67       301633.60
  2012        80-84           123323.51        80437.52       203761.03
  2012        85-89            64599.45        35148.23        99747.68
  2012        90-94            28681.64        11513.24        40194.88
  2012        95-99             8668.33         2344.81        11013.14
  2012       100-104            1255.11          269.66         1524.77
  2012       105-109              88.72           21.60          110.32
  2012       110+                 10.00            1.00           11.00
  2013           0            118660.60       123047.12       241707.72
  2013         1-4            481069.50       501488.79       982558.29
  2013         5-9            563096.85       587902.74      1150999.59
  2013        10-14           589982.55       615374.79      1205357.34
  2013        15-19           662725.11       684022.33      1346747.44
  2013        20-24           723958.43       741016.46      1464974.89
  2013        25-29           649786.78       656790.71      1306577.49
  2013        30-34           617665.57       609787.89      1227453.46
  2013        35-39           601788.22       583908.34      1185696.56
  2013        40-44           603632.32       576150.85      1179783.17
  2013        45-49           618961.55       581601.51      1200563.06
  2013        50-54           575475.28       534032.99      1109508.27
  2013        55-59           468120.54       429802.12       897922.66
  2013        60-64           374998.41       337930.66       712929.07
  2013        65-69           305673.10       266191.88       571864.98
  2013        70-74           240379.26       194288.99       434668.25
  2013        75-79           178164.46       131535.73       309700.19
  2013        80-84           127353.35        82594.29       209947.64
  2013        85-89            66327.10        36869.43       103196.53
  2013        90-94            29612.90        12246.80        41859.70
  2013        95-99             8737.31         2484.87        11222.18
  2013       100-104            1344.58          263.63         1608.21
  2013       105-109              84.22           15.32           99.54
  2013       110+                  9.00            3.00           12.00
  2014           0            117702.11       122290.34       239992.45
  2014         1-4            479950.85       499831.90       979782.75
  2014         5-9            568031.61       592991.82      1161023.43
  2014        10-14           582457.51       607990.31      1190447.82
  2014        15-19           649561.48       671532.12      1321093.60
  2014        20-24           722331.49       739662.34      1461993.83
  2014        25-29           668702.06       676080.19      1344782.25
  2014        30-34           627620.30       621564.65      1249184.95
  2014        35-39           593714.46       575253.19      1168967.65
  2014        40-44           608281.30       581723.84      1190005.14
  2014        45-49           613950.86       576791.28      1190742.14
  2014        50-54           590724.06       547885.19      1138609.25
  2014        55-59           486968.16       446381.81       933349.97
  2014        60-64           389546.43       350111.38       739657.81
  2014        65-69           316605.60       275490.39       592095.99
  2014        70-74           250780.79       203536.98       454317.77
  2014        75-79           182828.63       135560.77       318389.40
  2014        80-84           130617.77        84813.80       215431.57
  2014        85-89            69226.08        38392.58       107618.66
  2014        90-94            30127.47        12886.74        43014.21
  2014        95-99             8903.99         2707.26        11611.25
  2014       100-104            1408.47          273.96         1682.43
  2014       105-109              89.83           13.09          102.92
  2014       110+                  5.00            3.00            8.00
  2015           0            121206.77       126370.73       247577.50
  2015         1-4            475294.12       494665.23       969959.35
  2015         5-9            577124.51       602554.86      1179679.37
  2015        10-14           575082.45       600149.06      1175231.51
  2015        15-19           634759.40       658462.98      1293222.38
  2015        20-24           713973.19       730518.00      1444491.19
  2015        25-29           693232.56       701364.92      1394597.48
  2015        30-34           633845.73       629188.06      1263033.79
  2015        35-39           590116.86       572366.23      1162483.09
  2015        40-44           614789.22       588562.78      1203352.00
  2015        45-49           606103.17       569930.16      1176033.33
  2015        50-54           602165.35       557447.71      1159613.06
  2015        55-59           507994.81       464975.99       972970.80
  2015        60-64           403330.87       361435.79       764766.66
  2015        65-69           328505.71       285421.70       613927.41
  2015        70-74           259598.73       211913.68       471512.41
  2015        75-79           189803.40       141071.06       330874.46
  2015        80-84           134438.19        87510.69       221948.88
  2015        85-89            71794.93        40212.78       112007.71
  2015        90-94            30930.34        13587.90        44518.24
  2015        95-99             8941.91         2700.70        11642.61
  2015       100-104            1511.90          321.45         1833.35
  2015       105-109             113.23           14.64          127.87
  2015       110+                  6.80            1.00            7.80
  2016           0            118588.87       123100.66       241689.53
  2016         1-4            472159.16       491524.81       963683.97
  2016         5-9            586503.18       611581.52      1198084.70
  2016        10-14           567581.55       592698.24      1160279.79
  2016        15-19           623060.88       648628.95      1271689.83
  2016        20-24           701328.74       717496.72      1418825.46
  2016        25-29           714535.78       724557.86      1439093.64
  2016        30-34           641609.62       636896.53      1278506.15
  2016        35-39           592827.59       576334.96      1169162.55
  2016        40-44           617781.98       591589.25      1209371.23
  2016        45-49           599639.22       563937.33      1163576.55
  2016        50-54           610699.91       565258.11      1175958.02
  2016        55-59           526981.95       481697.61      1008679.56
  2016        60-64           420657.88       375806.54       796464.42
  2016        65-69           337656.73       292929.78       630586.51
  2016        70-74           269591.96       221029.70       490621.66
  2016        75-79           197098.13       146942.36       344040.49
  2016        80-84           140777.90        91662.09       232439.99
  2016        85-89            72950.82        40880.28       113831.10
  2016        90-94            31240.48        14056.24        45296.72
  2016        95-99             9142.73         2935.54        12078.27
  2016       100-104            1589.06          311.70         1900.76
  2016       105-109             123.04           22.09          145.13
  2016       110+                 11.47            1.00           12.47
  2017           0            110307.76       114298.64       224606.40
  2017         1-4            468182.36       486462.98       954645.34
  2017         5-9            591312.51       617067.84      1208380.35
  2017        10-14           562786.36       587338.61      1150124.97
  2017        15-19           612011.28       639047.60      1251058.88
  2017        20-24           688704.52       705863.34      1394567.86
  2017        25-29           728278.62       738792.77      1467071.39
  2017        30-34           647225.38       643667.54      1290892.92
  2017        35-39           606808.12       590314.07      1197122.19
  2017        40-44           613597.34       588118.84      1201716.18
  2017        45-49           598342.28       562614.32      1160956.60
  2017        50-54           614216.89       568936.91      1183153.80
  2017        55-59           543797.56       495755.77      1039553.33
  2017        60-64           440981.48       393857.76       834839.24
  2017        65-69           346995.89       300834.60       647830.49
  2017        70-74           279755.21       230172.32       509927.53
  2017        75-79           205430.52       153467.23       358897.75
  2017        80-84           143557.06        94284.26       237841.32
  2017        85-89            78659.61        43765.19       122424.80
  2017        90-94            31364.18        14522.62        45886.80
  2017        95-99             9250.48         3014.00        12264.48
  2017       100-104            1612.27          345.77         1958.04
  2017       105-109             127.09           25.64          152.73
  2017       110+                  7.72            1.60            9.32
  2018           0            106853.18       110892.81       217745.99
  2018         1-4            460995.69       478844.55       939840.24
  2018         5-9            593871.40       619209.39      1213080.79
  2018        10-14           561388.19       585958.32      1147346.51
  2018        15-19           600676.74       627313.30      1227990.04
  2018        20-24           672011.30       690619.78      1362631.08
  2018        25-29           733082.96       744946.17      1478029.13
  2018        30-34           654639.17       654008.64      1308647.81
  2018        35-39           622005.74       606759.06      1228764.80
  2018        40-44           603951.88       580076.77      1184028.65
  2018        45-49           599994.16       565139.10      1165133.26
  2018        50-54           612366.17       567848.08      1180214.25
  2018        55-59           562418.66       511940.14      1074358.80
  2018        60-64           460024.19       411850.32       871874.51
  2018        65-69           358657.86       310938.60       669596.46
  2018        70-74           289195.32       238596.08       527791.40
  2018        75-79           215541.60       161741.02       377282.62
  2018        80-84           146246.44        96710.78       242957.22
  2018        85-89            83958.49        46559.27       130517.76
  2018        90-94            31485.81        15013.67        46499.48
  2018        95-99             9172.71         3131.48        12304.19
  2018       100-104            1545.23          340.79         1886.02
  2018       105-109             131.57           18.61          150.18
  2018       110+                  8.21            1.32            9.53
