Republic of Korea, Life tables (period 5x1), Total	Last modified: 15 Nov 2019;  Methods Protocol: v6 (2017)

  Year          Age         mx       qx    ax      lx      dx      Lx       Tx     ex
  2003           0      0.00545  0.00542  0.14  100000     542   99533  7733803  77.34
  2003         1-4      0.00035  0.00140  1.83   99458     139  397529  7634270  76.76
  2003         5-9      0.00019  0.00097  2.29   99318      97  496330  7236741  72.86
  2003        10-14     0.00015  0.00077  2.56   99222      77  495921  6740412  67.93
  2003        15-19     0.00038  0.00192  2.81   99145     190  495308  6244491  62.98
  2003        20-24     0.00053  0.00262  2.66   98954     260  494165  5749183  58.10
  2003        25-29     0.00066  0.00331  2.59   98695     327  492684  5255019  53.25
  2003        30-34     0.00087  0.00433  2.68   98368     426  490850  4762334  48.41
  2003        35-39     0.00132  0.00659  2.71   97942     645  488233  4271484  43.61
  2003        40-44     0.00216  0.01073  2.70   97297    1044  484079  3783251  38.88
  2003        45-49     0.00327  0.01625  2.66   96253    1564  477609  3299172  34.28
  2003        50-54     0.00487  0.02405  2.64   94689    2278  468067  2821564  29.80
  2003        55-59     0.00677  0.03333  2.64   92411    3080  454799  2353497  25.47
  2003        60-64     0.01080  0.05267  2.65   89331    4705  435610  1898698  21.25
  2003        65-69     0.01753  0.08424  2.68   84626    7129  406585  1463088  17.29
  2003        70-74     0.02897  0.13564  2.65   77497   10512  362810  1056503  13.63
  2003        75-79     0.05055  0.22552  2.61   66985   15107  298872   693693  10.36
  2003        80-84     0.08817  0.36152  2.51   51879   18755  212731   394820   7.61
  2003        85-89     0.14473  0.52450  2.38   33123   17373  120043   182089   5.50
  2003        90-94     0.22638  0.69215  2.19   15750   10901   48156    62046   3.94
  2003        95-99     0.33119  0.82788  1.98    4849    4014   12120    13890   2.86
  2003       100-104    0.46240  0.91728  1.71     835     765    1655     1770   2.12
  2003       105-109    0.60156  0.96208  1.47      69      66     110      114   1.65
  2003       110+       0.71115  1.00000  1.41       3       3       4        4   1.41
  2004           0      0.00484  0.00482  0.14  100000     482   99585  7784714  77.85
  2004         1-4      0.00034  0.00135  1.79   99518     134  397774  7685129  77.22
  2004         5-9      0.00019  0.00097  2.34   99384      96  496662  7287354  73.33
  2004        10-14     0.00015  0.00077  2.60   99288      76  496255  6790692  68.39
  2004        15-19     0.00032  0.00162  2.82   99212     161  495707  6294437  63.44
  2004        20-24     0.00045  0.00226  2.55   99051     223  494707  5798731  58.54
  2004        25-29     0.00057  0.00283  2.56   98827     280  493455  5304024  53.67
  2004        30-34     0.00073  0.00366  2.68   98548     360  491902  4810569  48.81
  2004        35-39     0.00124  0.00617  2.69   98187     606  489536  4318668  43.98
  2004        40-44     0.00202  0.01007  2.72   97581     983  485664  3829132  39.24
  2004        45-49     0.00316  0.01567  2.66   96599    1513  479452  3343468  34.61
  2004        50-54     0.00467  0.02312  2.66   95085    2198  470275  2864016  30.12
  2004        55-59     0.00661  0.03253  2.64   92887    3021  457291  2393741  25.77
  2004        60-64     0.01032  0.05039  2.68   89866    4529  438841  1936450  21.55
  2004        65-69     0.01683  0.08096  2.67   85337    6909  410584  1497609  17.55
  2004        70-74     0.02793  0.13105  2.66   78428   10278  368045  1087025  13.86
  2004        75-79     0.04858  0.21778  2.63   68150   14842  305543   718980  10.55
  2004        80-84     0.08527  0.35252  2.54   53308   18792  220383   413437   7.76
  2004        85-89     0.14153  0.51784  2.41   34516   17874  126288   193054   5.59
  2004        90-94     0.21932  0.68061  2.21   16642   11327   51645    66767   4.01
  2004        95-99     0.33338  0.83062  1.98    5315    4415   13243    15121   2.84
  2004       100-104    0.47041  0.92141  1.70     900     830    1764     1878   2.09
  2004       105-109    0.61501  0.96509  1.45      71      68     111      114   1.62
  2004       110+       0.72753  1.00000  1.37       2       2       3        3   1.37
  2005           0      0.00426  0.00425  0.14  100000     425   99635  7834007  78.34
  2005         1-4      0.00030  0.00119  1.69   99575     119  398028  7734372  77.67
  2005         5-9      0.00018  0.00090  2.33   99457      89  497046  7336344  73.76
  2005        10-14     0.00015  0.00074  2.66   99368      74  496665  6839298  68.83
  2005        15-19     0.00032  0.00159  2.74   99294     158  496112  6342633  63.88
  2005        20-24     0.00049  0.00243  2.58   99136     241  495094  5846521  58.97
  2005        25-29     0.00059  0.00296  2.52   98895     293  493748  5351426  54.11
  2005        30-34     0.00078  0.00389  2.59   98602     384  492085  4857678  49.27
  2005        35-39     0.00115  0.00573  2.73   98219     563  489812  4365593  44.45
  2005        40-44     0.00185  0.00923  2.70   97656     902  486202  3875781  39.69
  2005        45-49     0.00298  0.01482  2.64   96754    1434  480391  3389579  35.03
  2005        50-54     0.00438  0.02166  2.64   95320    2065  471723  2909188  30.52
  2005        55-59     0.00614  0.03027  2.60   93255    2823  459492  2437465  26.14
  2005        60-64     0.00974  0.04761  2.67   90433    4306  442134  1977972  21.87
  2005        65-69     0.01589  0.07662  2.67   86127    6599  415283  1535838  17.83
  2005        70-74     0.02653  0.12481  2.64   79528    9926  374171  1120555  14.09
  2005        75-79     0.04691  0.21113  2.64   69602   14695  313269   746385  10.72
  2005        80-84     0.08225  0.34208  2.54   54907   18783  228361   433115   7.89
  2005        85-89     0.13902  0.51262  2.44   36124   18518  133204   204754   5.67
  2005        90-94     0.21588  0.67588  2.23   17606   11900   55120    71550   4.06
  2005        95-99     0.32875  0.82628  1.99    5707    4715   14343    16430   2.88
  2005       100-104    0.46578  0.91939  1.71     991     911    1957     2087   2.11
  2005       105-109    0.61108  0.96434  1.45      80      77     126      130   1.63
  2005       110+       0.72455  1.00000  1.38       3       3       4        4   1.38
  2006           0      0.00409  0.00407  0.14  100000     407   99650  7890489  78.90
  2006         1-4      0.00029  0.00114  1.68   99593     114  398106  7790839  78.23
  2006         5-9      0.00016  0.00079  2.28   99479      79  497179  7392732  74.31
  2006        10-14     0.00014  0.00072  2.84   99400      72  496845  6895553  69.37
  2006        15-19     0.00030  0.00152  2.81   99328     151  496311  6398708  64.42
  2006        20-24     0.00041  0.00206  2.60   99177     205  495394  5902397  59.51
  2006        25-29     0.00053  0.00267  2.60   98972     264  494227  5407003  54.63
  2006        30-34     0.00066  0.00329  2.62   98708     325  492767  4912776  49.77
  2006        35-39     0.00103  0.00516  2.72   98383     508  490759  4420009  44.93
  2006        40-44     0.00172  0.00855  2.66   97875     836  487421  3929250  40.15
  2006        45-49     0.00278  0.01381  2.64   97039    1340  482035  3441830  35.47
  2006        50-54     0.00419  0.02072  2.66   95699    1983  473858  2959794  30.93
  2006        55-59     0.00598  0.02948  2.63   93716    2762  462039  2485937  26.53
  2006        60-64     0.00881  0.04318  2.70   90954    3927  445733  2023897  22.25
  2006        65-69     0.01511  0.07300  2.68   87026    6353  420400  1578164  18.13
  2006        70-74     0.02527  0.11930  2.66   80673    9624  380799  1157764  14.35
  2006        75-79     0.04443  0.20123  2.66   71049   14297  321765   776965  10.94
  2006        80-84     0.08002  0.33529  2.59   56752   19029  237809   455200   8.02
  2006        85-89     0.13478  0.50132  2.45   37724   18912  140319   217391   5.76
  2006        90-94     0.21379  0.67290  2.25   18812   12659   59210    77072   4.10
  2006        95-99     0.32548  0.82331  2.00    6153    5066   15565    17862   2.90
  2006       100-104    0.46383  0.91867  1.71    1087     999    2153     2297   2.11
  2006       105-109    0.61107  0.96443  1.45      88      85     140      144   1.63
  2006       110+       0.72604  1.00000  1.38       3       3       4        4   1.38
  2007           0      0.00384  0.00383  0.14  100000     383   99671  7927348  79.27
  2007         1-4      0.00028  0.00111  1.69   99617     110  398215  7827677  78.58
  2007         5-9      0.00015  0.00073  2.26   99507      72  497338  7429462  74.66
  2007        10-14     0.00013  0.00067  2.76   99435      67  497025  6932124  69.72
  2007        15-19     0.00033  0.00166  2.72   99368     165  496465  6435099  64.76
  2007        20-24     0.00048  0.00239  2.65   99203     237  495460  5938634  59.86
  2007        25-29     0.00061  0.00303  2.51   98966     300  494085  5443174  55.00
  2007        30-34     0.00073  0.00363  2.58   98667     358  492465  4949089  50.16
  2007        35-39     0.00100  0.00498  2.68   98308     490  490403  4456624  45.33
  2007        40-44     0.00170  0.00846  2.70   97818     828  487190  3966222  40.55
  2007        45-49     0.00267  0.01326  2.68   96991    1286  481965  3479032  35.87
  2007        50-54     0.00385  0.01909  2.63   95704    1827  474196  2997066  31.32
  2007        55-59     0.00571  0.02818  2.63   93878    2646  463113  2522871  26.87
  2007        60-64     0.00846  0.04146  2.67   91232    3783  447353  2059758  22.58
  2007        65-69     0.01428  0.06912  2.67   87449    6045  423188  1612406  18.44
  2007        70-74     0.02411  0.11412  2.66   81404    9289  385281  1189218  14.61
  2007        75-79     0.04276  0.19418  2.64   72115   14003  327475   803937  11.15
  2007        80-84     0.07629  0.32232  2.60   58112   18731  245530   476462   8.20
  2007        85-89     0.13028  0.48857  2.44   39381   19240  147691   230932   5.86
  2007        90-94     0.21096  0.66819  2.26   20141   13458   63794    83241   4.13
  2007        95-99     0.32422  0.82253  2.01    6683    5497   16954    19447   2.91
  2007       100-104    0.46613  0.92006  1.71    1186    1091    2341     2494   2.10
  2007       105-109    0.61718  0.96581  1.44      95      92     148      153   1.61
  2007       110+       0.73448  1.00000  1.36       3       3       4        4   1.36
  2008           0      0.00341  0.00340  0.14  100000     340   99708  7979978  79.80
  2008         1-4      0.00025  0.00099  1.63   99660      99  398406  7880270  79.07
  2008         5-9      0.00014  0.00068  2.33   99561      67  497626  7481864  75.15
  2008        10-14     0.00012  0.00062  2.75   99494      62  497329  6984239  70.20
  2008        15-19     0.00030  0.00151  2.74   99432     150  496821  6486909  65.24
  2008        20-24     0.00047  0.00236  2.71   99282     234  495876  5990088  60.33
  2008        25-29     0.00062  0.00308  2.55   99048     305  494495  5494213  55.47
  2008        30-34     0.00068  0.00342  2.64   98744     337  492922  4999718  50.63
  2008        35-39     0.00101  0.00505  2.66   98406     497  490868  4506796  45.80
  2008        40-44     0.00163  0.00811  2.68   97909     795  487708  4015928  41.02
  2008        45-49     0.00257  0.01280  2.66   97115    1243  482667  3528220  36.33
  2008        50-54     0.00377  0.01866  2.64   95872    1789  475140  3045554  31.77
  2008        55-59     0.00554  0.02735  2.63   94083    2573  464330  2570414  27.32
  2008        60-64     0.00797  0.03910  2.64   91510    3578  449091  2106083  23.01
  2008        65-69     0.01339  0.06496  2.69   87932    5712  426493  1656992  18.84
  2008        70-74     0.02320  0.11006  2.67   82220    9049  390012  1230500  14.97
  2008        75-79     0.03976  0.18190  2.67   73171   13310  334782   840488  11.49
  2008        80-84     0.07169  0.30512  2.56   59861   18265  254780   505706   8.45
  2008        85-89     0.12632  0.47671  2.43   41596   19830  156980   250926   6.03
  2008        90-94     0.19854  0.64168  2.24   21767   13967   70350    93946   4.32
  2008        95-99     0.30988  0.80765  2.04    7799    6299   20328    23596   3.03
  2008       100-104    0.44864  0.91172  1.74    1500    1368    3049     3268   2.18
  2008       105-109    0.59933  0.96219  1.47     132     127     213      220   1.66
  2008       110+       0.71835  1.00000  1.39       5       5       7        7   1.39
  2009           0      0.00326  0.00325  0.14  100000     325   99721  8023942  80.24
  2009         1-4      0.00022  0.00087  1.63   99675      87  398494  7924221  79.50
  2009         5-9      0.00014  0.00071  2.40   99588      71  497757  7525727  75.57
  2009        10-14     0.00013  0.00065  2.70   99518      65  497439  7027970  70.62
  2009        15-19     0.00031  0.00157  2.75   99453     156  496914  6530531  65.66
  2009        20-24     0.00048  0.00239  2.71   99297     238  495942  6033617  60.76
  2009        25-29     0.00064  0.00317  2.55   99059     314  494528  5537675  55.90
  2009        30-34     0.00078  0.00390  2.53   98745     385  492776  5043147  51.07
  2009        35-39     0.00104  0.00518  2.66   98360     510  490610  4550371  46.26
  2009        40-44     0.00162  0.00808  2.68   97851     791  487416  4059761  41.49
  2009        45-49     0.00250  0.01243  2.68   97060    1206  482498  3572346  36.81
  2009        50-54     0.00377  0.01867  2.64   95853    1789  475045  3089848  32.24
  2009        55-59     0.00522  0.02581  2.64   94064    2427  464583  2614802  27.80
  2009        60-64     0.00782  0.03839  2.66   91637    3518  449958  2150220  23.46
  2009        65-69     0.01255  0.06101  2.70   88119    5376  428230  1700262  19.30
  2009        70-74     0.02181  0.10374  2.66   82743    8584  393665  1272032  15.37
  2009        75-79     0.03792  0.17413  2.65   74159   12913  340489   878367  11.84
  2009        80-84     0.06796  0.29210  2.60   61246   17890  263234   537878   8.78
  2009        85-89     0.11634  0.44978  2.48   43356   19500  167609   274644   6.33
  2009        90-94     0.18913  0.62559  2.29   23855   14924   78908   107034   4.49
  2009        95-99     0.29550  0.79171  2.07    8932    7071   23930    28126   3.15
  2009       100-104    0.43201  0.90308  1.78    1860    1680    3889     4196   2.26
  2009       105-109    0.58280  0.95852  1.50     180     173     297      307   1.70
  2009       110+       0.70352  1.00000  1.42       7       7      11       11   1.42
  2010           0      0.00350  0.00349  0.14  100000     349   99701  8040939  80.41
  2010         1-4      0.00021  0.00084  1.62   99651      83  398407  7941238  79.69
  2010         5-9      0.00011  0.00054  2.54   99568      54  497707  7542832  75.76
  2010        10-14     0.00013  0.00063  2.83   99514      62  497435  7045125  70.80
  2010        15-19     0.00030  0.00148  2.84   99452     147  496940  6547691  65.84
  2010        20-24     0.00045  0.00225  2.66   99305     224  495999  6050750  60.93
  2010        25-29     0.00061  0.00307  2.55   99081     304  494659  5554752  56.06
  2010        30-34     0.00072  0.00361  2.54   98777     356  493010  5060092  51.23
  2010        35-39     0.00100  0.00501  2.63   98421     493  490939  4567082  46.40
  2010        40-44     0.00157  0.00784  2.70   97928     768  487874  4076144  41.62
  2010        45-49     0.00247  0.01226  2.67   97160    1191  483033  3588269  36.93
  2010        50-54     0.00361  0.01788  2.64   95970    1716  475803  3105236  32.36
  2010        55-59     0.00517  0.02553  2.65   94254    2406  465602  2629433  27.90
  2010        60-64     0.00754  0.03703  2.61   91847    3401  451104  2163831  23.56
  2010        65-69     0.01220  0.05930  2.68   88446    5245  430086  1712727  19.36
  2010        70-74     0.02136  0.10177  2.68   83201    8468  396356  1282641  15.42
  2010        75-79     0.03774  0.17336  2.66   74733   12956  343297   886286  11.86
  2010        80-84     0.06718  0.28901  2.59   61778   17855  265782   542989   8.79
  2010        85-89     0.11633  0.44907  2.46   43923   19725  169557   277207   6.31
  2010        90-94     0.19146  0.62999  2.29   24199   15245   79624   107649   4.45
  2010        95-99     0.29757  0.79419  2.06    8954    7111   23896    28025   3.13
  2010       100-104    0.43512  0.90481  1.77    1843    1667    3832     4129   2.24
  2010       105-109    0.58636  0.95936  1.49     175     168     287      297   1.69
  2010       110+       0.70700  1.00000  1.41       7       7      10       10   1.41
  2011           0      0.00313  0.00312  0.14  100000     312   99732  8084956  80.85
  2011         1-4      0.00021  0.00084  1.58   99688      84  398547  7985224  80.10
  2011         5-9      0.00010  0.00050  2.34   99604      50  497885  7586677  76.17
  2011        10-14     0.00012  0.00062  2.82   99554      62  497633  7088792  71.21
  2011        15-19     0.00028  0.00141  2.78   99492     140  497147  6591159  66.25
  2011        20-24     0.00042  0.00209  2.67   99351     208  496271  6094012  61.34
  2011        25-29     0.00059  0.00297  2.61   99143     294  495014  5597741  56.46
  2011        30-34     0.00070  0.00350  2.57   98849     346  493405  5102727  51.62
  2011        35-39     0.00095  0.00472  2.62   98502     465  491407  4609323  46.79
  2011        40-44     0.00147  0.00733  2.69   98038     718  488529  4117916  42.00
  2011        45-49     0.00231  0.01149  2.67   97320    1118  483987  3629388  37.29
  2011        50-54     0.00351  0.01740  2.62   96201    1674  477017  3145401  32.70
  2011        55-59     0.00496  0.02450  2.66   94527    2316  467213  2668383  28.23
  2011        60-64     0.00732  0.03598  2.66   92211    3317  453300  2201171  23.87
  2011        65-69     0.01137  0.05542  2.74   88893    4926  433310  1747871  19.66
  2011        70-74     0.02030  0.09697  2.69   83967    8142  401010  1314561  15.66
  2011        75-79     0.03590  0.16561  2.66   75825   12557  349785   913551  12.05
  2011        80-84     0.06500  0.28161  2.63   63267   17817  274106   563767   8.91
  2011        85-89     0.11501  0.44631  2.49   45451   20285  176377   289661   6.37
  2011        90-94     0.18832  0.62771  2.34   25166   15797   83882   113284   4.50
  2011        95-99     0.29641  0.79319  2.07    9369    7431   25071    29401   3.14
  2011       100-104    0.43625  0.90565  1.77    1938    1755    4023     4330   2.23
  2011       105-109    0.58995  0.96029  1.49     183     176     298      308   1.68
  2011       110+       0.71210  1.00000  1.40       7       7      10       10   1.40
  2012           0      0.00309  0.00308  0.14  100000     308   99736  8101945  81.02
  2012         1-4      0.00020  0.00080  1.59   99692      80  398575  8002209  80.27
  2012         5-9      0.00012  0.00058  2.30   99612      57  497905  7603634  76.33
  2012        10-14     0.00011  0.00053  2.69   99555      53  497651  7105729  71.38
  2012        15-19     0.00026  0.00128  2.74   99502     128  497220  6608078  66.41
  2012        20-24     0.00039  0.00194  2.67   99374     193  496419  6110858  61.49
  2012        25-29     0.00051  0.00254  2.59   99181     252  495297  5614438  56.61
  2012        30-34     0.00068  0.00339  2.62   98929     335  493845  5119141  51.75
  2012        35-39     0.00090  0.00450  2.64   98594     444  491919  4625296  46.91
  2012        40-44     0.00139  0.00690  2.70   98150     678  489188  4133377  42.11
  2012        45-49     0.00227  0.01128  2.66   97472    1100  484790  3644189  37.39
  2012        50-54     0.00334  0.01658  2.66   96372    1598  478125  3159399  32.78
  2012        55-59     0.00471  0.02327  2.63   94774    2206  468650  2681274  28.29
  2012        60-64     0.00697  0.03431  2.64   92569    3176  455333  2212625  23.90
  2012        65-69     0.01089  0.05311  2.70   89393    4748  436033  1757291  19.66
  2012        70-74     0.02004  0.09576  2.69   84645    8105  404495  1321259  15.61
  2012        75-79     0.03590  0.16557  2.66   76540   12672  352999   916763  11.98
  2012        80-84     0.06525  0.28211  2.60   63868   18017  276145   563765   8.83
  2012        85-89     0.11695  0.45290  2.51   45850   20766  177552   287620   6.27
  2012        90-94     0.19295  0.63325  2.29   25085   15885   82325   110067   4.39
  2012        95-99     0.31025  0.80925  2.04    9200    7445   23997    27742   3.02
  2012       100-104    0.45833  0.91721  1.73    1755    1610    3512     3746   2.13
  2012       105-109    0.61731  0.96617  1.44     145     140     227      234   1.61
  2012       110+       0.74017  1.00000  1.35       5       5       7        7   1.35
  2013           0      0.00293  0.00292  0.14  100000     292   99749  8153948  81.54
  2013         1-4      0.00018  0.00073  1.76   99708      73  398667  8054199  80.78
  2013         5-9      0.00011  0.00054  2.31   99635      54  498029  7655532  76.84
  2013        10-14     0.00009  0.00047  2.66   99581      47  497795  7157503  71.88
  2013        15-19     0.00023  0.00117  2.77   99534     117  497411  6659707  66.91
  2013        20-24     0.00037  0.00183  2.66   99418     182  496662  6162296  61.98
  2013        25-29     0.00049  0.00242  2.61   99236     240  495606  5665634  57.09
  2013        30-34     0.00066  0.00328  2.60   98996     325  494199  5170028  52.22
  2013        35-39     0.00090  0.00449  2.65   98671     443  492312  4675829  47.39
  2013        40-44     0.00137  0.00685  2.66   98228     673  489566  4183516  42.59
  2013        45-49     0.00215  0.01070  2.66   97555    1044  485335  3693950  37.87
  2013        50-54     0.00325  0.01615  2.64   96511    1558  478878  3208615  33.25
  2013        55-59     0.00458  0.02264  2.64   94953    2149  469683  2729737  28.75
  2013        60-64     0.00675  0.03321  2.64   92804    3082  456743  2260054  24.35
  2013        65-69     0.01027  0.05014  2.69   89722    4499  438223  1803311  20.10
  2013        70-74     0.01878  0.08997  2.68   85223    7668  408342  1365088  16.02
  2013        75-79     0.03416  0.15820  2.67   77555   12270  359207   956746  12.34
  2013        80-84     0.06123  0.26716  2.62   65286   17441  284839   597539   9.15
  2013        85-89     0.10953  0.42949  2.49   47844   20549  187603   312700   6.54
  2013        90-94     0.18229  0.60992  2.29   27296   16648   91326   125097   4.58
  2013        95-99     0.29225  0.78892  2.08   10647    8400   28742    33771   3.17
  2013       100-104    0.43555  0.90568  1.78    2247    2035    4673     5028   2.24
  2013       105-109    0.59299  0.96112  1.48     212     204     344      355   1.68
  2013       110+       0.71719  1.00000  1.39       8       8      11       11   1.39
  2014           0      0.00311  0.00310  0.14  100000     310   99734  8198325  81.98
  2014         1-4      0.00015  0.00062  1.59   99690      61  398610  8098591  81.24
  2014         5-9      0.00009  0.00044  2.36   99628      44  498024  7699981  77.29
  2014        10-14     0.00009  0.00043  2.76   99584      43  497824  7201957  72.32
  2014        15-19     0.00026  0.00129  2.71   99541     128  497413  6704133  67.35
  2014        20-24     0.00033  0.00165  2.61   99413     164  496675  6206720  62.43
  2014        25-29     0.00046  0.00230  2.65   99249     228  495710  5710045  57.53
  2014        30-34     0.00063  0.00315  2.59   99021     311  494353  5214335  52.66
  2014        35-39     0.00088  0.00439  2.65   98710     433  492531  4719982  47.82
  2014        40-44     0.00130  0.00646  2.68   98277     635  489912  4227451  43.02
  2014        45-49     0.00205  0.01018  2.70   97642     994  485921  3737539  38.28
  2014        50-54     0.00314  0.01558  2.65   96648    1506  479708  3251618  33.64
  2014        55-59     0.00443  0.02190  2.65   95142    2084  470806  2771910  29.13
  2014        60-64     0.00636  0.03134  2.64   93058    2917  458417  2301103  24.73
  2014        65-69     0.00986  0.04818  2.68   90142    4343  440621  1842686  20.44
  2014        70-74     0.01759  0.08454  2.72   85798    7253  412442  1402064  16.34
  2014        75-79     0.03231  0.15030  2.68   78545   11805  365348   989622  12.60
  2014        80-84     0.05942  0.26024  2.62   66740   17369  292297   624274   9.35
  2014        85-89     0.10504  0.41611  2.50   49371   20544  195579   331977   6.72
  2014        90-94     0.17487  0.59710  2.34   28828   17213   98430   136397   4.73
  2014        95-99     0.28185  0.77629  2.11   11615    9016   31990    37967   3.27
  2014       100-104    0.42253  0.89842  1.80    2598    2334    5525     5977   2.30
  2014       105-109    0.57906  0.95790  1.51     264     253     437      452   1.71
  2014       110+       0.70377  1.00000  1.42      11      11      16       16   1.42
  2015           0      0.00281  0.00280  0.14  100000     280   99760  8221516  82.22
  2015         1-4      0.00016  0.00062  1.57   99720      62  398727  8121756  81.45
  2015         5-9      0.00009  0.00045  2.37   99657      45  498170  7723029  77.50
  2015        10-14     0.00008  0.00042  2.74   99613      42  497968  7224859  72.53
  2015        15-19     0.00021  0.00103  2.82   99571     103  497628  6726891  67.56
  2015        20-24     0.00033  0.00165  2.67   99468     164  496956  6229262  62.63
  2015        25-29     0.00047  0.00236  2.61   99303     234  495956  5732307  57.73
  2015        30-34     0.00060  0.00301  2.60   99069     298  494631  5236350  52.86
  2015        35-39     0.00080  0.00400  2.64   98771     395  492923  4741719  48.01
  2015        40-44     0.00125  0.00623  2.66   98376     613  490445  4248796  43.19
  2015        45-49     0.00198  0.00988  2.72   97763     966  486615  3758351  38.44
  2015        50-54     0.00294  0.01461  2.64   96797    1414  480651  3271736  33.80
  2015        55-59     0.00419  0.02074  2.63   95383    1978  472233  2791085  29.26
  2015        60-64     0.00624  0.03075  2.65   93405    2872  460285  2318852  24.83
  2015        65-69     0.00952  0.04656  2.65   90533    4215  442759  1858568  20.53
  2015        70-74     0.01699  0.08179  2.71   86318    7060  415443  1415809  16.40
  2015        75-79     0.03188  0.14848  2.69   79257   11768  369103  1000366  12.62
  2015        80-84     0.05795  0.25461  2.62   67490   17184  296547   631263   9.35
  2015        85-89     0.10590  0.41891  2.51   50306   21073  198999   334716   6.65
  2015        90-94     0.17866  0.60446  2.33   29232   17670   98903   135717   4.64
  2015        95-99     0.29049  0.78742  2.09   11563    9105   31343    36814   3.18
  2015       100-104    0.43785  0.90731  1.77    2458    2230    5093     5471   2.23
  2015       105-109    0.59938  0.96267  1.47     228     219     366      378   1.66
  2015       110+       0.72563  1.00000  1.38       9       9      12       12   1.38
  2016           0      0.00281  0.00280  0.14  100000     280   99760  8252818  82.53
  2016         1-4      0.00015  0.00062  1.62   99720      61  398733  8153058  81.76
  2016         5-9      0.00009  0.00044  2.32   99658      44  498175  7754324  77.81
  2016        10-14     0.00008  0.00040  2.47   99615      40  497973  7256149  72.84
  2016        15-19     0.00022  0.00111  2.87   99575     111  497637  6758176  67.87
  2016        20-24     0.00032  0.00160  2.67   99464     159  496949  6260539  62.94
  2016        25-29     0.00044  0.00218  2.54   99305     216  495993  5763590  58.04
  2016        30-34     0.00058  0.00292  2.63   99089     289  494756  5267597  53.16
  2016        35-39     0.00078  0.00388  2.67   98799     384  493102  4772841  48.31
  2016        40-44     0.00121  0.00605  2.64   98415     595  490670  4279739  43.49
  2016        45-49     0.00184  0.00918  2.67   97820     898  487011  3789069  38.74
  2016        50-54     0.00285  0.01418  2.61   96922    1374  481324  3302058  34.07
  2016        55-59     0.00413  0.02043  2.63   95548    1952  473108  2820733  29.52
  2016        60-64     0.00609  0.03002  2.65   93597    2810  461379  2347625  25.08
  2016        65-69     0.00932  0.04560  2.70   90787    4140  444400  1886246  20.78
  2016        70-74     0.01601  0.07726  2.75   86647    6694  418166  1441846  16.64
  2016        75-79     0.03042  0.14213  2.69   79953   11364  373572  1023680  12.80
  2016        80-84     0.05698  0.25102  2.63   68590   17217  302145   650108   9.48
  2016        85-89     0.10309  0.41115  2.54   51373   21122  204881   347963   6.77
  2016        90-94     0.17482  0.59670  2.34   30251   18051  103250   143082   4.73
  2016        95-99     0.28190  0.77680  2.11   12200    9477   33618    39832   3.26
  2016       100-104    0.42609  0.90081  1.80    2723    2453    5757     6214   2.28
  2016       105-109    0.58633  0.95978  1.50     270     259     442      457   1.69
  2016       110+       0.71325  1.00000  1.40      11      11      15       15   1.40
  2017           0      0.00272  0.00271  0.14  100000     271   99768  8287656  82.88
  2017         1-4      0.00015  0.00059  1.73   99729      59  398782  8187888  82.10
  2017         5-9      0.00009  0.00044  2.19   99670      44  498226  7789106  78.15
  2017        10-14     0.00008  0.00042  2.66   99626      42  498031  7290881  73.18
  2017        15-19     0.00020  0.00101  2.82   99584     101  497701  6792849  68.21
  2017        20-24     0.00031  0.00155  2.64   99483     154  497053  6295148  63.28
  2017        25-29     0.00043  0.00214  2.60   99329     212  496136  5798095  58.37
  2017        30-34     0.00054  0.00272  2.59   99117     269  494936  5301960  53.49
  2017        35-39     0.00077  0.00382  2.65   98848     378  493350  4807024  48.63
  2017        40-44     0.00113  0.00564  2.68   98470     555  491062  4313673  43.81
  2017        45-49     0.00177  0.00881  2.68   97914     863  487567  3822611  39.04
  2017        50-54     0.00274  0.01362  2.63   97051    1322  482117  3335044  34.36
  2017        55-59     0.00391  0.01937  2.64   95729    1854  474272  2852928  29.80
  2017        60-64     0.00564  0.02783  2.64   93875    2612  463216  2378656  25.34
  2017        65-69     0.00883  0.04325  2.66   91263    3947  447078  1915439  20.99
  2017        70-74     0.01512  0.07312  2.74   87316    6384  422123  1468361  16.82
  2017        75-79     0.02906  0.13614  2.69   80931   11018  379178  1046237  12.93
  2017        80-84     0.05554  0.24558  2.65   69913   17169  309143   667059   9.54
  2017        85-89     0.10184  0.40715  2.54   52744   21474  210868   357916   6.79
  2017        90-94     0.17510  0.59879  2.36   31269   18724  106930   147048   4.70
  2017        95-99     0.28852  0.78566  2.10   12546    9857   34162    40117   3.20
  2017       100-104    0.44007  0.90894  1.77    2689    2444    5554     5955   2.21
  2017       105-109    0.60639  0.96434  1.46     245     236     389      401   1.64
  2017       110+       0.73550  1.00000  1.36       9       9      12       12   1.36
  2018           0      0.00281  0.00281  0.14  100000     281   99760  8290535  82.91
  2018         1-4      0.00013  0.00053  1.58   99719      53  398750  8190775  82.14
  2018         5-9      0.00008  0.00038  2.43   99667      38  498236  7792025  78.18
  2018        10-14     0.00009  0.00047  2.77   99629      47  498040  7293789  73.21
  2018        15-19     0.00021  0.00107  2.74   99582     106  497669  6795750  68.24
  2018        20-24     0.00033  0.00166  2.65   99476     165  496991  6298080  63.31
  2018        25-29     0.00041  0.00207  2.62   99311     206  496063  5801090  58.41
  2018        30-34     0.00058  0.00288  2.63   99105     285  494850  5305027  53.53
  2018        35-39     0.00079  0.00395  2.69   98820     390  493196  4810177  48.68
  2018        40-44     0.00113  0.00564  2.69   98429     555  490863  4316981  43.86
  2018        45-49     0.00178  0.00886  2.69   97874     867  487366  3826117  39.09
  2018        50-54     0.00270  0.01344  2.66   97007    1304  481982  3338751  34.42
  2018        55-59     0.00390  0.01934  2.64   95704    1851  474148  2856769  29.85
  2018        60-64     0.00563  0.02777  2.66   93853    2607  463171  2382621  25.39
  2018        65-69     0.00877  0.04299  2.68   91246    3923  447136  1919450  21.04
  2018        70-74     0.01451  0.07019  2.69   87324    6129  422461  1472315  16.86
  2018        75-79     0.02890  0.13549  2.70   81194   11001  380676  1049854  12.93
  2018        80-84     0.05533  0.24493  2.66   70193   17193  310748   669178   9.53
  2018        85-89     0.10193  0.40753  2.54   53000   21599  211898   358430   6.76
  2018        90-94     0.17617  0.59820  2.32   31401   18784  106626   146532   4.67
  2018        95-99     0.29219  0.79026  2.10   12617    9971   34124    39907   3.16
  2018       100-104    0.44649  0.91240  1.76    2646    2414    5408     5782   2.19
  2018       105-109    0.61498  0.96612  1.45     232     224     364      375   1.62
  2018       110+       0.74480  1.00000  1.34       8       8      11       11   1.34
