Republic of Korea, Life tables (period 1x5), Females	Last modified: 15 Nov 2019;  Methods Protocol: v6 (2017)

  Year          Age         mx       qx    ax      lx      dx      Lx       Tx     ex
2003-2004        0      0.00471  0.00469  0.14  100000     469   99596  8095472  80.95
2003-2004        1      0.00044  0.00044  0.50   99531      44   99509  7995876  80.34
2003-2004        2      0.00031  0.00031  0.50   99487      31   99472  7896367  79.37
2003-2004        3      0.00027  0.00027  0.50   99456      27   99443  7796895  78.40
2003-2004        4      0.00025  0.00025  0.50   99429      25   99417  7697452  77.42
2003-2004        5      0.00017  0.00017  0.50   99404      16   99396  7598036  76.44
2003-2004        6      0.00020  0.00020  0.50   99388      20   99378  7498640  75.45
2003-2004        7      0.00016  0.00016  0.50   99367      16   99360  7399262  74.46
2003-2004        8      0.00013  0.00013  0.50   99352      13   99345  7299903  73.48
2003-2004        9      0.00013  0.00013  0.50   99339      13   99332  7200557  72.48
2003-2004       10      0.00012  0.00012  0.50   99326      12   99320  7101225  71.49
2003-2004       11      0.00012  0.00012  0.50   99313      12   99308  7001906  70.50
2003-2004       12      0.00010  0.00010  0.50   99302      10   99296  6902598  69.51
2003-2004       13      0.00014  0.00014  0.50   99291      14   99284  6803302  68.52
2003-2004       14      0.00014  0.00014  0.50   99278      14   99270  6704017  67.53
2003-2004       15      0.00017  0.00017  0.50   99263      17   99255  6604747  66.54
2003-2004       16      0.00023  0.00023  0.50   99246      22   99235  6505492  65.55
2003-2004       17      0.00023  0.00023  0.50   99224      23   99212  6406257  64.56
2003-2004       18      0.00024  0.00024  0.50   99201      24   99189  6307045  63.58
2003-2004       19      0.00029  0.00029  0.50   99176      29   99162  6207856  62.59
2003-2004       20      0.00028  0.00028  0.50   99148      28   99134  6108694  61.61
2003-2004       21      0.00031  0.00031  0.50   99120      31   99104  6009560  60.63
2003-2004       22      0.00034  0.00034  0.50   99089      34   99072  5910456  59.65
2003-2004       23      0.00035  0.00035  0.50   99055      34   99038  5811384  58.67
2003-2004       24      0.00034  0.00034  0.50   99021      34   99004  5712345  57.69
2003-2004       25      0.00040  0.00040  0.50   98987      40   98967  5613341  56.71
2003-2004       26      0.00041  0.00041  0.50   98947      41   98927  5514374  55.73
2003-2004       27      0.00040  0.00040  0.50   98906      39   98887  5415447  54.75
2003-2004       28      0.00041  0.00041  0.50   98867      40   98847  5316560  53.77
2003-2004       29      0.00042  0.00042  0.50   98827      42   98806  5217713  52.80
2003-2004       30      0.00046  0.00046  0.50   98785      46   98763  5118907  51.82
2003-2004       31      0.00047  0.00047  0.50   98740      46   98717  5020144  50.84
2003-2004       32      0.00049  0.00049  0.50   98693      48   98669  4921428  49.87
2003-2004       33      0.00058  0.00058  0.50   98646      57   98617  4822758  48.89
2003-2004       34      0.00063  0.00063  0.50   98588      62   98558  4724141  47.92
2003-2004       35      0.00064  0.00064  0.50   98527      63   98495  4625584  46.95
2003-2004       36      0.00069  0.00069  0.50   98463      68   98429  4527089  45.98
2003-2004       37      0.00077  0.00077  0.50   98395      76   98357  4428659  45.01
2003-2004       38      0.00080  0.00080  0.50   98319      79   98280  4330302  44.04
2003-2004       39      0.00089  0.00089  0.50   98241      88   98197  4232022  43.08
2003-2004       40      0.00092  0.00092  0.50   98153      90   98108  4133825  42.12
2003-2004       41      0.00099  0.00099  0.50   98063      97   98015  4035717  41.15
2003-2004       42      0.00109  0.00108  0.50   97966     106   97913  3937702  40.19
2003-2004       43      0.00128  0.00128  0.50   97860     125   97798  3839789  39.24
2003-2004       44      0.00137  0.00137  0.50   97735     134   97668  3741992  38.29
2003-2004       45      0.00131  0.00131  0.50   97601     128   97537  3644324  37.34
2003-2004       46      0.00149  0.00149  0.50   97474     145   97401  3546786  36.39
2003-2004       47      0.00170  0.00169  0.50   97328     165   97246  3449385  35.44
2003-2004       48      0.00173  0.00173  0.50   97163     168   97079  3352140  34.50
2003-2004       49      0.00189  0.00189  0.50   96995     183   96903  3255060  33.56
2003-2004       50      0.00200  0.00200  0.50   96812     193   96715  3158157  32.62
2003-2004       51      0.00222  0.00222  0.50   96619     214   96511  3061442  31.69
2003-2004       52      0.00236  0.00236  0.50   96404     227   96290  2964930  30.76
2003-2004       53      0.00250  0.00249  0.50   96177     240   96057  2868640  29.83
2003-2004       54      0.00277  0.00276  0.50   95937     265   95804  2772583  28.90
2003-2004       55      0.00289  0.00289  0.50   95672     276   95534  2676779  27.98
2003-2004       56      0.00325  0.00325  0.50   95395     310   95241  2581245  27.06
2003-2004       57      0.00349  0.00348  0.50   95086     331   94920  2486005  26.14
2003-2004       58      0.00376  0.00376  0.50   94755     356   94577  2391084  25.23
2003-2004       59      0.00428  0.00427  0.50   94399     403   94197  2296508  24.33
2003-2004       60      0.00469  0.00468  0.50   93996     440   93776  2202311  23.43
2003-2004       61      0.00513  0.00512  0.50   93556     479   93316  2108535  22.54
2003-2004       62      0.00574  0.00573  0.50   93077     533   92810  2015219  21.65
2003-2004       63      0.00628  0.00626  0.50   92544     579   92254  1922408  20.77
2003-2004       64      0.00736  0.00734  0.50   91964     675   91627  1830154  19.90
2003-2004       65      0.00801  0.00798  0.50   91290     728   90926  1738527  19.04
2003-2004       66      0.00899  0.00895  0.50   90561     811   90156  1647602  18.19
2003-2004       67      0.01065  0.01060  0.50   89751     951   89275  1557446  17.35
2003-2004       68      0.01203  0.01196  0.50   88800    1062   88269  1468171  16.53
2003-2004       69      0.01349  0.01340  0.50   87738    1176   87150  1379902  15.73
2003-2004       70      0.01568  0.01556  0.50   86562    1347   85889  1292752  14.93
2003-2004       71      0.01746  0.01731  0.50   85215    1475   84478  1206864  14.16
2003-2004       72      0.02005  0.01985  0.50   83740    1662   82909  1122386  13.40
2003-2004       73      0.02275  0.02249  0.50   82078    1846   81155  1039477  12.66
2003-2004       74      0.02641  0.02607  0.50   80232    2092   79186   958322  11.94
2003-2004       75      0.03044  0.02998  0.50   78140    2343   76969   879137  11.25
2003-2004       76      0.03496  0.03436  0.50   75797    2605   74495   802168  10.58
2003-2004       77      0.04070  0.03989  0.50   73193    2920   71733   727673   9.94
2003-2004       78      0.04586  0.04484  0.50   70273    3151   68697   655941   9.33
2003-2004       79      0.05029  0.04905  0.50   67122    3293   65476   587243   8.75
2003-2004       80      0.05959  0.05786  0.50   63829    3693   61983   521767   8.17
2003-2004       81      0.06923  0.06691  0.50   60136    4024   58124   459785   7.65
2003-2004       82      0.07492  0.07221  0.50   56112    4052   54086   401660   7.16
2003-2004       83      0.08627  0.08270  0.50   52060    4306   49908   347574   6.68
2003-2004       84      0.09534  0.09101  0.50   47755    4346   45582   297666   6.23
2003-2004       85      0.10733  0.10186  0.50   43409    4422   41198   252084   5.81
2003-2004       86      0.12202  0.11500  0.50   38987    4484   36745   210886   5.41
2003-2004       87      0.13607  0.12741  0.50   34504    4396   32306   174141   5.05
2003-2004       88      0.15203  0.14129  0.50   30108    4254   27981   141835   4.71
2003-2004       89      0.16152  0.14945  0.50   25854    3864   23922   113855   4.40
2003-2004       90      0.18255  0.16728  0.50   21990    3679   20151    89933   4.09
2003-2004       91      0.20374  0.18490  0.50   18311    3386   16619    69782   3.81
2003-2004       92      0.22528  0.20247  0.50   14926    3022   13415    53163   3.56
2003-2004       93      0.24512  0.21836  0.50   11904    2599   10604    39749   3.34
2003-2004       94      0.25259  0.22426  0.50    9304    2087    8261    29145   3.13
2003-2004       95      0.29046  0.25362  0.50    7218    1831    6302    20884   2.89
2003-2004       96      0.31638  0.27317  0.50    5387    1472    4651    14581   2.71
2003-2004       97      0.34350  0.29315  0.50    3916    1148    3342     9930   2.54
2003-2004       98      0.37169  0.31344  0.50    2768     867    2334     6589   2.38
2003-2004       99      0.40077  0.33387  0.50    1900     634    1583     4255   2.24
2003-2004      100      0.43057  0.35430  0.50    1266     448    1042     2672   2.11
2003-2004      101      0.46088  0.37457  0.50     817     306     664     1630   1.99
2003-2004      102      0.49148  0.39453  0.50     511     202     410      966   1.89
2003-2004      103      0.52215  0.41405  0.50     310     128     245      555   1.79
2003-2004      104      0.55265  0.43300  0.50     181      79     142      310   1.71
2003-2004      105      0.58276  0.45127  0.50     103      46      80      168   1.63
2003-2004      106      0.61227  0.46876  0.50      56      26      43       88   1.57
2003-2004      107      0.64097  0.48541  0.50      30      15      23       45   1.51
2003-2004      108      0.66870  0.50114  0.50      15       8      12       22   1.45
2003-2004      109      0.69530  0.51594  0.50       8       4       6       11   1.41
2003-2004      110+     0.72067  1.00000  1.39       4       4       5        5   1.39
2005-2009        0      0.00356  0.00355  0.14  100000     355   99695  8253066  82.53
2005-2009        1      0.00039  0.00039  0.50   99645      39   99625  8153371  81.82
2005-2009        2      0.00022  0.00022  0.50   99606      22   99595  8053745  80.86
2005-2009        3      0.00020  0.00020  0.50   99584      20   99574  7954150  79.87
2005-2009        4      0.00016  0.00016  0.50   99563      16   99556  7854577  78.89
2005-2009        5      0.00016  0.00016  0.50   99548      16   99540  7755021  77.90
2005-2009        6      0.00015  0.00015  0.50   99532      15   99524  7655481  76.92
2005-2009        7      0.00014  0.00014  0.50   99517      13   99510  7555957  75.93
2005-2009        8      0.00012  0.00012  0.50   99504      12   99498  7456447  74.94
2005-2009        9      0.00010  0.00010  0.50   99492      10   99487  7356949  73.95
2005-2009       10      0.00009  0.00009  0.50   99482       9   99478  7257462  72.95
2005-2009       11      0.00009  0.00009  0.50   99474       9   99469  7157984  71.96
2005-2009       12      0.00011  0.00011  0.50   99464      11   99459  7058515  70.97
2005-2009       13      0.00014  0.00014  0.50   99454      14   99447  6959056  69.97
2005-2009       14      0.00015  0.00015  0.50   99440      14   99433  6859609  68.98
2005-2009       15      0.00016  0.00016  0.50   99426      16   99418  6760176  67.99
2005-2009       16      0.00020  0.00020  0.50   99410      20   99400  6660759  67.00
2005-2009       17      0.00021  0.00021  0.50   99390      21   99379  6561359  66.02
2005-2009       18      0.00024  0.00024  0.50   99369      23   99357  6461980  65.03
2005-2009       19      0.00026  0.00026  0.50   99345      26   99332  6362623  64.05
2005-2009       20      0.00029  0.00029  0.50   99319      29   99305  6263290  63.06
2005-2009       21      0.00034  0.00034  0.50   99291      34   99274  6163985  62.08
2005-2009       22      0.00038  0.00038  0.50   99257      38   99238  6064711  61.10
2005-2009       23      0.00043  0.00043  0.50   99219      43   99198  5965473  60.12
2005-2009       24      0.00040  0.00040  0.50   99176      40   99156  5866275  59.15
2005-2009       25      0.00047  0.00047  0.50   99136      46   99113  5767119  58.17
2005-2009       26      0.00046  0.00046  0.50   99090      46   99067  5668005  57.20
2005-2009       27      0.00044  0.00044  0.50   99044      44   99022  5568938  56.23
2005-2009       28      0.00044  0.00044  0.50   99001      44   98979  5469916  55.25
2005-2009       29      0.00048  0.00048  0.50   98957      47   98933  5370937  54.28
2005-2009       30      0.00053  0.00053  0.50   98909      53   98883  5272004  53.30
2005-2009       31      0.00053  0.00053  0.50   98857      53   98830  5173120  52.33
2005-2009       32      0.00055  0.00055  0.50   98804      55   98777  5074290  51.36
2005-2009       33      0.00058  0.00058  0.50   98750      58   98721  4975513  50.39
2005-2009       34      0.00057  0.00057  0.50   98692      57   98664  4876792  49.41
2005-2009       35      0.00061  0.00061  0.50   98635      60   98605  4778129  48.44
2005-2009       36      0.00066  0.00066  0.50   98576      65   98543  4679523  47.47
2005-2009       37      0.00069  0.00069  0.50   98511      68   98476  4580980  46.50
2005-2009       38      0.00077  0.00077  0.50   98442      76   98404  4482504  45.53
2005-2009       39      0.00081  0.00081  0.50   98366      79   98326  4384100  44.57
2005-2009       40      0.00087  0.00087  0.50   98287      86   98244  4285773  43.60
2005-2009       41      0.00089  0.00089  0.50   98201      87   98157  4187529  42.64
2005-2009       42      0.00096  0.00096  0.50   98114      95   98067  4089372  41.68
2005-2009       43      0.00105  0.00105  0.50   98019     102   97968  3991305  40.72
2005-2009       44      0.00113  0.00113  0.50   97917     111   97862  3893337  39.76
2005-2009       45      0.00128  0.00128  0.50   97806     125   97744  3795476  38.81
2005-2009       46      0.00130  0.00130  0.50   97681     127   97618  3697732  37.86
2005-2009       47      0.00143  0.00143  0.50   97554     140   97484  3600115  36.90
2005-2009       48      0.00155  0.00155  0.50   97415     151   97339  3502630  35.96
2005-2009       49      0.00159  0.00159  0.50   97264     154   97186  3405291  35.01
2005-2009       50      0.00177  0.00176  0.50   97109     171   97023  3308105  34.07
2005-2009       51      0.00188  0.00188  0.50   96938     182   96847  3211081  33.13
2005-2009       52      0.00199  0.00199  0.50   96756     193   96659  3114235  32.19
2005-2009       53      0.00222  0.00222  0.50   96563     214   96456  3017575  31.25
2005-2009       54      0.00230  0.00230  0.50   96349     221   96238  2921119  30.32
2005-2009       55      0.00245  0.00245  0.50   96127     235   96010  2824881  29.39
2005-2009       56      0.00275  0.00275  0.50   95892     264   95761  2728871  28.46
2005-2009       57      0.00290  0.00290  0.50   95629     277   95490  2633110  27.53
2005-2009       58      0.00324  0.00323  0.50   95352     308   95198  2537620  26.61
2005-2009       59      0.00343  0.00343  0.50   95044     326   94881  2442422  25.70
2005-2009       60      0.00388  0.00388  0.50   94718     367   94534  2347542  24.78
2005-2009       61      0.00420  0.00419  0.50   94351     395   94153  2253007  23.88
2005-2009       62      0.00467  0.00466  0.50   93955     438   93737  2158854  22.98
2005-2009       63      0.00516  0.00514  0.50   93518     481   93277  2065118  22.08
2005-2009       64      0.00576  0.00574  0.50   93037     534   92770  1971841  21.19
2005-2009       65      0.00652  0.00649  0.50   92503     601   92203  1879071  20.31
2005-2009       66      0.00730  0.00727  0.50   91902     668   91568  1786868  19.44
2005-2009       67      0.00818  0.00814  0.50   91234     743   90862  1695300  18.58
2005-2009       68      0.00914  0.00910  0.50   90491     823   90079  1604438  17.73
2005-2009       69      0.01073  0.01067  0.50   89667     957   89189  1514359  16.89
2005-2009       70      0.01218  0.01211  0.50   88710    1074   88173  1425170  16.07
2005-2009       71      0.01394  0.01384  0.50   87636    1213   87030  1336997  15.26
2005-2009       72      0.01625  0.01612  0.50   86423    1393   85726  1249967  14.46
2005-2009       73      0.01817  0.01801  0.50   85030    1531   84264  1164241  13.69
2005-2009       74      0.02061  0.02040  0.50   83499    1703   82647  1079976  12.93
2005-2009       75      0.02409  0.02380  0.50   81795    1947   80822   997329  12.19
2005-2009       76      0.02829  0.02790  0.50   79848    2228   78735   916508  11.48
2005-2009       77      0.03252  0.03200  0.50   77621    2484   76379   837773  10.79
2005-2009       78      0.03703  0.03636  0.50   75137    2732   73771   761394  10.13
2005-2009       79      0.04249  0.04161  0.50   72405    3013   70899   687623   9.50
2005-2009       80      0.04940  0.04821  0.50   69392    3345   67720   616724   8.89
2005-2009       81      0.05481  0.05335  0.50   66047    3523   64285   549004   8.31
2005-2009       82      0.06419  0.06219  0.50   62524    3888   60579   484719   7.75
2005-2009       83      0.07299  0.07042  0.50   58635    4129   56571   424140   7.23
2005-2009       84      0.08331  0.07997  0.50   54506    4359   52326   367569   6.74
2005-2009       85      0.09367  0.08948  0.50   50147    4487   47903   315243   6.29
2005-2009       86      0.10400  0.09886  0.50   45660    4514   43403   267339   5.86
2005-2009       87      0.11689  0.11044  0.50   41146    4544   38874   223937   5.44
2005-2009       88      0.13105  0.12299  0.50   36602    4502   34351   185063   5.06
2005-2009       89      0.14946  0.13907  0.50   32100    4464   29868   150712   4.70
2005-2009       90      0.16238  0.15019  0.50   27636    4151   25561   120844   4.37
2005-2009       91      0.18219  0.16698  0.50   23485    3922   21525    95283   4.06
2005-2009       92      0.20718  0.18773  0.50   19564    3673   17727    73759   3.77
2005-2009       93      0.22049  0.19860  0.50   15891    3156   14313    56031   3.53
2005-2009       94      0.24108  0.21514  0.50   12735    2740   11365    41718   3.28
2005-2009       95      0.27014  0.23799  0.50    9995    2379    8806    30353   3.04
2005-2009       96      0.29643  0.25817  0.50    7617    1966    6633    21547   2.83
2005-2009       97      0.32414  0.27894  0.50    5650    1576    4862    14914   2.64
2005-2009       98      0.35315  0.30015  0.50    4074    1223    3463    10051   2.47
2005-2009       99      0.38328  0.32164  0.50    2851     917    2393     6589   2.31
2005-2009      100      0.41433  0.34322  0.50    1934     664    1602     4196   2.17
2005-2009      101      0.44607  0.36473  0.50    1270     463    1039     2594   2.04
2005-2009      102      0.47827  0.38597  0.50     807     311     651     1555   1.93
2005-2009      103      0.51064  0.40678  0.50     496     202     395      904   1.82
2005-2009      104      0.54293  0.42701  0.50     294     126     231      509   1.73
2005-2009      105      0.57486  0.44652  0.50     168      75     131      278   1.65
2005-2009      106      0.60618  0.46518  0.50      93      43      72      147   1.58
2005-2009      107      0.63664  0.48292  0.50      50      24      38       75   1.51
2005-2009      108      0.66605  0.49965  0.50      26      13      19       38   1.46
2005-2009      109      0.69423  0.51534  0.50      13       7      10       18   1.41
2005-2009      110+     0.72102  1.00000  1.39       6       6       9        9   1.39
2010-2014        0      0.00285  0.00285  0.14  100000     285   99756  8433157  84.33
2010-2014        1      0.00030  0.00030  0.50   99715      29   99701  8333400  83.57
2010-2014        2      0.00015  0.00015  0.50   99686      15   99679  8233700  82.60
2010-2014        3      0.00015  0.00015  0.50   99671      14   99664  8134021  81.61
2010-2014        4      0.00011  0.00011  0.50   99657      11   99651  8034357  80.62
2010-2014        5      0.00011  0.00011  0.50   99646      11   99641  7934706  79.63
2010-2014        6      0.00009  0.00009  0.50   99635       8   99631  7835065  78.64
2010-2014        7      0.00009  0.00009  0.50   99627       9   99622  7735434  77.64
2010-2014        8      0.00008  0.00008  0.50   99618       8   99614  7635812  76.65
2010-2014        9      0.00008  0.00008  0.50   99610       8   99606  7536198  75.66
2010-2014       10      0.00008  0.00008  0.50   99602       8   99598  7436592  74.66
2010-2014       11      0.00008  0.00008  0.50   99594       8   99590  7336993  73.67
2010-2014       12      0.00008  0.00008  0.50   99586       8   99582  7237403  72.67
2010-2014       13      0.00009  0.00009  0.50   99578       9   99574  7137821  71.68
2010-2014       14      0.00010  0.00010  0.50   99569      10   99564  7038247  70.69
2010-2014       15      0.00014  0.00014  0.50   99559      14   99552  6938683  69.69
2010-2014       16      0.00019  0.00019  0.50   99545      19   99535  6839131  68.70
2010-2014       17      0.00016  0.00016  0.50   99526      16   99518  6739596  67.72
2010-2014       18      0.00019  0.00019  0.50   99509      19   99500  6640078  66.73
2010-2014       19      0.00022  0.00022  0.50   99490      22   99480  6540578  65.74
2010-2014       20      0.00025  0.00025  0.50   99469      25   99456  6441099  64.76
2010-2014       21      0.00025  0.00025  0.50   99444      24   99432  6341642  63.77
2010-2014       22      0.00027  0.00027  0.50   99420      27   99406  6242211  62.79
2010-2014       23      0.00028  0.00028  0.50   99393      28   99379  6142805  61.80
2010-2014       24      0.00032  0.00032  0.50   99365      32   99349  6043426  60.82
2010-2014       25      0.00035  0.00035  0.50   99333      35   99316  5944077  59.84
2010-2014       26      0.00035  0.00035  0.50   99298      34   99281  5844761  58.86
2010-2014       27      0.00037  0.00037  0.50   99264      37   99246  5745480  57.88
2010-2014       28      0.00042  0.00042  0.50   99227      42   99206  5646234  56.90
2010-2014       29      0.00046  0.00046  0.50   99185      46   99162  5547028  55.93
2010-2014       30      0.00047  0.00047  0.50   99140      47   99116  5447866  54.95
2010-2014       31      0.00050  0.00050  0.50   99093      49   99068  5348749  53.98
2010-2014       32      0.00048  0.00048  0.50   99044      48   99020  5249681  53.00
2010-2014       33      0.00053  0.00053  0.50   98996      52   98970  5150661  52.03
2010-2014       34      0.00057  0.00057  0.50   98944      57   98915  5051692  51.06
2010-2014       35      0.00056  0.00056  0.50   98887      56   98859  4952776  50.09
2010-2014       36      0.00062  0.00062  0.50   98832      61   98801  4853917  49.11
2010-2014       37      0.00063  0.00063  0.50   98771      62   98740  4755116  48.14
2010-2014       38      0.00067  0.00067  0.50   98709      66   98676  4656376  47.17
2010-2014       39      0.00073  0.00073  0.50   98642      72   98606  4557700  46.20
2010-2014       40      0.00078  0.00078  0.50   98570      77   98532  4459094  45.24
2010-2014       41      0.00082  0.00082  0.50   98494      81   98453  4360562  44.27
2010-2014       42      0.00086  0.00086  0.50   98413      85   98371  4262109  43.31
2010-2014       43      0.00094  0.00094  0.50   98328      92   98282  4163738  42.35
2010-2014       44      0.00101  0.00101  0.50   98236      99   98186  4065456  41.38
2010-2014       45      0.00108  0.00108  0.50   98137     106   98084  3967270  40.43
2010-2014       46      0.00118  0.00118  0.50   98030     116   97972  3869186  39.47
2010-2014       47      0.00125  0.00125  0.50   97914     122   97853  3771214  38.52
2010-2014       48      0.00132  0.00132  0.50   97792     129   97728  3673360  37.56
2010-2014       49      0.00144  0.00144  0.50   97663     141   97593  3575633  36.61
2010-2014       50      0.00153  0.00153  0.50   97523     149   97448  3478040  35.66
2010-2014       51      0.00165  0.00165  0.50   97374     161   97293  3380592  34.72
2010-2014       52      0.00169  0.00169  0.50   97213     164   97131  3283298  33.77
2010-2014       53      0.00188  0.00188  0.50   97048     182   96957  3186168  32.83
2010-2014       54      0.00198  0.00198  0.50   96866     191   96770  3089211  31.89
2010-2014       55      0.00203  0.00203  0.50   96675     196   96576  2992440  30.95
2010-2014       56      0.00221  0.00221  0.50   96478     213   96372  2895864  30.02
2010-2014       57      0.00231  0.00231  0.50   96265     222   96154  2799492  29.08
2010-2014       58      0.00260  0.00260  0.50   96043     249   95918  2703338  28.15
2010-2014       59      0.00276  0.00275  0.50   95794     264   95662  2607420  27.22
2010-2014       60      0.00300  0.00300  0.50   95530     286   95387  2511758  26.29
2010-2014       61      0.00336  0.00336  0.50   95244     320   95084  2416371  25.37
2010-2014       62      0.00367  0.00366  0.50   94924     347   94750  2321288  24.45
2010-2014       63      0.00411  0.00410  0.50   94576     388   94383  2226537  23.54
2010-2014       64      0.00437  0.00436  0.50   94189     411   93984  2132155  22.64
2010-2014       65      0.00488  0.00487  0.50   93778     457   93550  2038171  21.73
2010-2014       66      0.00537  0.00535  0.50   93322     499   93072  1944621  20.84
2010-2014       67      0.00638  0.00636  0.50   92822     591   92527  1851549  19.95
2010-2014       68      0.00704  0.00702  0.50   92232     647   91908  1759022  19.07
2010-2014       69      0.00814  0.00811  0.50   91584     742   91213  1667114  18.20
2010-2014       70      0.00926  0.00921  0.50   90842     837   90423  1575901  17.35
2010-2014       71      0.01062  0.01056  0.50   90005     950   89530  1485477  16.50
2010-2014       72      0.01216  0.01208  0.50   89054    1076   88516  1395948  15.68
2010-2014       73      0.01381  0.01372  0.50   87978    1207   87375  1307431  14.86
2010-2014       74      0.01627  0.01613  0.50   86771    1400   86071  1220057  14.06
2010-2014       75      0.01864  0.01847  0.50   85371    1577   84583  1133985  13.28
2010-2014       76      0.02131  0.02108  0.50   83795    1766   82911  1049402  12.52
2010-2014       77      0.02497  0.02466  0.50   82028    2023   81017   966491  11.78
2010-2014       78      0.02903  0.02861  0.50   80005    2289   78861   885474  11.07
2010-2014       79      0.03348  0.03293  0.50   77716    2559   76437   806613  10.38
2010-2014       80      0.03934  0.03858  0.50   75157    2899   73708   730177   9.72
2010-2014       81      0.04468  0.04370  0.50   72258    3158   70679   656469   9.09
2010-2014       82      0.05224  0.05091  0.50   69100    3518   67341   585790   8.48
2010-2014       83      0.05985  0.05811  0.50   65582    3811   63676   518448   7.91
2010-2014       84      0.06898  0.06668  0.50   61771    4119   59712   454772   7.36
2010-2014       85      0.07879  0.07580  0.50   57652    4370   55467   395060   6.85
2010-2014       86      0.08691  0.08329  0.50   53282    4438   51063   339593   6.37
2010-2014       87      0.10127  0.09639  0.50   48844    4708   46490   288530   5.91
2010-2014       88      0.11508  0.10882  0.50   44136    4803   41735   242040   5.48
2010-2014       89      0.12887  0.12107  0.50   39333    4762   36952   200305   5.09
2010-2014       90      0.14484  0.13506  0.50   34571    4669   32237   163352   4.73
2010-2014       91      0.16147  0.14941  0.50   29902    4468   27668   131116   4.38
2010-2014       92      0.17858  0.16394  0.50   25434    4170   23350   103448   4.07
2010-2014       93      0.19888  0.18089  0.50   21265    3847   19341    80098   3.77
2010-2014       94      0.21966  0.19792  0.50   17418    3447   15694    60757   3.49
2010-2014       95      0.24659  0.21953  0.50   13971    3067   12437    45062   3.23
2010-2014       96      0.27282  0.24007  0.50   10904    2618    9595    32625   2.99
2010-2014       97      0.30073  0.26142  0.50    8286    2166    7203    23030   2.78
2010-2014       98      0.33020  0.28341  0.50    6120    1734    5253    15827   2.59
2010-2014       99      0.36106  0.30585  0.50    4385    1341    3715    10575   2.41
2010-2014      100      0.39311  0.32854  0.50    3044    1000    2544     6860   2.25
2010-2014      101      0.42612  0.35127  0.50    2044     718    1685     4316   2.11
2010-2014      102      0.45979  0.37384  0.50    1326     496    1078     2631   1.98
2010-2014      103      0.49383  0.39604  0.50     830     329     666     1553   1.87
2010-2014      104      0.52794  0.41768  0.50     501     209     397      887   1.77
2010-2014      105      0.56178  0.43859  0.50     292     128     228      490   1.68
2010-2014      106      0.59506  0.45861  0.50     164      75     126      262   1.60
2010-2014      107      0.62748  0.47763  0.50      89      42      68      136   1.53
2010-2014      108      0.65880  0.49556  0.50      46      23      35       68   1.47
2010-2014      109      0.68880  0.51234  0.50      23      12      17       33   1.42
2010-2014      110+     0.71728  1.00000  1.39      11      11      16       16   1.39
2015-2018        0      0.00251  0.00251  0.14  100000     251   99785  8555470  85.55
2015-2018        1      0.00022  0.00022  0.50   99749      22   99738  8455685  84.77
2015-2018        2      0.00013  0.00013  0.50   99728      13   99721  8355946  83.79
2015-2018        3      0.00009  0.00009  0.50   99714       9   99710  8256225  82.80
2015-2018        4      0.00010  0.00010  0.50   99705      10   99700  8156516  81.81
2015-2018        5      0.00007  0.00007  0.50   99695       7   99692  8056816  80.81
2015-2018        6      0.00008  0.00008  0.50   99688       8   99684  7957124  79.82
2015-2018        7      0.00007  0.00007  0.50   99680       7   99676  7857440  78.83
2015-2018        8      0.00007  0.00007  0.50   99673       7   99670  7757764  77.83
2015-2018        9      0.00006  0.00006  0.50   99666       6   99663  7658094  76.84
2015-2018       10      0.00007  0.00007  0.50   99661       7   99657  7558431  75.84
2015-2018       11      0.00006  0.00006  0.50   99653       6   99650  7458774  74.85
2015-2018       12      0.00007  0.00007  0.50   99647       7   99644  7359123  73.85
2015-2018       13      0.00007  0.00007  0.50   99640       7   99637  7259479  72.86
2015-2018       14      0.00009  0.00009  0.50   99633       9   99629  7159843  71.86
2015-2018       15      0.00012  0.00012  0.50   99624      12   99618  7060214  70.87
2015-2018       16      0.00015  0.00015  0.50   99612      15   99605  6960596  69.88
2015-2018       17      0.00014  0.00014  0.50   99597      14   99591  6860991  68.89
2015-2018       18      0.00016  0.00016  0.50   99584      16   99576  6761400  67.90
2015-2018       19      0.00020  0.00020  0.50   99568      20   99558  6661825  66.91
2015-2018       20      0.00023  0.00023  0.50   99548      23   99537  6562266  65.92
2015-2018       21      0.00020  0.00020  0.50   99525      20   99516  6462730  64.94
2015-2018       22      0.00022  0.00022  0.50   99506      22   99495  6363214  63.95
2015-2018       23      0.00023  0.00023  0.50   99484      23   99472  6263719  62.96
2015-2018       24      0.00026  0.00026  0.50   99460      26   99448  6164247  61.98
2015-2018       25      0.00029  0.00029  0.50   99435      29   99421  6064799  60.99
2015-2018       26      0.00030  0.00030  0.50   99406      30   99392  5965379  60.01
2015-2018       27      0.00030  0.00030  0.50   99377      30   99362  5865987  59.03
2015-2018       28      0.00030  0.00030  0.50   99347      30   99332  5766625  58.05
2015-2018       29      0.00031  0.00031  0.50   99318      31   99302  5667293  57.06
2015-2018       30      0.00038  0.00038  0.50   99286      37   99268  5567991  56.08
2015-2018       31      0.00045  0.00045  0.50   99249      45   99227  5468723  55.10
2015-2018       32      0.00043  0.00043  0.50   99205      43   99183  5369496  54.13
2015-2018       33      0.00047  0.00047  0.50   99162      47   99138  5270313  53.15
2015-2018       34      0.00051  0.00051  0.50   99115      50   99090  5171174  52.17
2015-2018       35      0.00049  0.00049  0.50   99064      49   99040  5072085  51.20
2015-2018       36      0.00054  0.00054  0.50   99016      54   98989  4973045  50.22
2015-2018       37      0.00059  0.00059  0.50   98962      58   98933  4874056  49.25
2015-2018       38      0.00062  0.00062  0.50   98904      62   98873  4775123  48.28
2015-2018       39      0.00062  0.00062  0.50   98842      61   98812  4676249  47.31
2015-2018       40      0.00071  0.00071  0.50   98781      70   98746  4577438  46.34
2015-2018       41      0.00073  0.00073  0.50   98711      72   98675  4478692  45.37
2015-2018       42      0.00079  0.00079  0.50   98639      78   98600  4380018  44.40
2015-2018       43      0.00086  0.00086  0.50   98561      85   98518  4281418  43.44
2015-2018       44      0.00089  0.00089  0.50   98476      87   98432  4182900  42.48
2015-2018       45      0.00091  0.00091  0.50   98388      89   98344  4084468  41.51
2015-2018       46      0.00102  0.00102  0.50   98299     101   98249  3986124  40.55
2015-2018       47      0.00109  0.00109  0.50   98199     107   98145  3887875  39.59
2015-2018       48      0.00118  0.00118  0.50   98091     116   98034  3789730  38.63
2015-2018       49      0.00129  0.00129  0.50   97976     126   97913  3691696  37.68
2015-2018       50      0.00138  0.00138  0.50   97850     135   97783  3593783  36.73
2015-2018       51      0.00142  0.00142  0.50   97715     138   97646  3496001  35.78
2015-2018       52      0.00150  0.00150  0.50   97577     147   97504  3398355  34.83
2015-2018       53      0.00157  0.00157  0.50   97430     153   97354  3300851  33.88
2015-2018       54      0.00170  0.00170  0.50   97277     165   97194  3203497  32.93
2015-2018       55      0.00177  0.00176  0.50   97112     171   97026  3106303  31.99
2015-2018       56      0.00195  0.00195  0.50   96940     189   96846  3009277  31.04
2015-2018       57      0.00209  0.00209  0.50   96752     202   96650  2912431  30.10
2015-2018       58      0.00221  0.00221  0.50   96549     213   96443  2815781  29.16
2015-2018       59      0.00233  0.00233  0.50   96336     224   96224  2719338  28.23
2015-2018       60      0.00257  0.00256  0.50   96112     247   95988  2623114  27.29
2015-2018       61      0.00278  0.00277  0.50   95865     266   95732  2527126  26.36
2015-2018       62      0.00310  0.00309  0.50   95599     295   95451  2431394  25.43
2015-2018       63      0.00331  0.00331  0.50   95304     315   95146  2335942  24.51
2015-2018       64      0.00362  0.00362  0.50   94988     344   94816  2240797  23.59
2015-2018       65      0.00404  0.00403  0.50   94645     381   94454  2145980  22.67
2015-2018       66      0.00439  0.00438  0.50   94263     413   94057  2051526  21.76
2015-2018       67      0.00500  0.00499  0.50   93850     468   93616  1957469  20.86
2015-2018       68      0.00578  0.00576  0.50   93382     538   93113  1863853  19.96
2015-2018       69      0.00624  0.00622  0.50   92844     578   92555  1770740  19.07
2015-2018       70      0.00727  0.00725  0.50   92266     669   91932  1678185  18.19
2015-2018       71      0.00839  0.00835  0.50   91598     765   91215  1586253  17.32
2015-2018       72      0.00926  0.00922  0.50   90832     837   90414  1495038  16.46
2015-2018       73      0.01128  0.01122  0.50   89995    1009   89490  1404624  15.61
2015-2018       74      0.01318  0.01310  0.50   88986    1166   88403  1315133  14.78
2015-2018       75      0.01543  0.01531  0.50   87820    1345   87148  1226730  13.97
2015-2018       76      0.01765  0.01749  0.50   86476    1513   85719  1139583  13.18
2015-2018       77      0.02049  0.02028  0.50   84963    1723   84101  1053863  12.40
2015-2018       78      0.02443  0.02413  0.50   83239    2009   82235   969762  11.65
2015-2018       79      0.02789  0.02751  0.50   81231    2234   80113   887527  10.93
2015-2018       80      0.03249  0.03197  0.50   78996    2526   77734   807414  10.22
2015-2018       81      0.03770  0.03700  0.50   76471    2830   75056   729680   9.54
2015-2018       82      0.04487  0.04388  0.50   73641    3232   72026   654624   8.89
2015-2018       83      0.05248  0.05114  0.50   70410    3601   68609   582599   8.27
2015-2018       84      0.06005  0.05830  0.50   66809    3895   64862   513989   7.69
2015-2018       85      0.06971  0.06737  0.50   62914    4238   60795   449128   7.14
2015-2018       86      0.08084  0.07770  0.50   58676    4559   56397   388332   6.62
2015-2018       87      0.09252  0.08843  0.50   54117    4785   51724   331936   6.13
2015-2018       88      0.10625  0.10089  0.50   49332    4977   46843   280212   5.68
2015-2018       89      0.12040  0.11356  0.50   44354    5037   41836   233369   5.26
2015-2018       90      0.13801  0.12910  0.50   39318    5076   36780   191532   4.87
2015-2018       91      0.14984  0.13939  0.50   34242    4773   31855   154753   4.52
2015-2018       92      0.16962  0.15636  0.50   29469    4608   27165   122898   4.17
2015-2018       93      0.18993  0.17346  0.50   24861    4312   22705    95733   3.85
2015-2018       94      0.21084  0.19073  0.50   20549    3919   18589    73028   3.55
2015-2018       95      0.23850  0.21309  0.50   16629    3544   14857    54440   3.27
2015-2018       96      0.26579  0.23461  0.50   13086    3070   11551    39582   3.02
2015-2018       97      0.29499  0.25707  0.50   10016    2575    8728    28031   2.80
2015-2018       98      0.32597  0.28029  0.50    7441    2086    6398    19303   2.59
2015-2018       99      0.35855  0.30405  0.50    5355    1628    4541    12905   2.41
2015-2018      100      0.39250  0.32811  0.50    3727    1223    3116     8364   2.24
2015-2018      101      0.42751  0.35222  0.50    2504     882    2063     5248   2.10
2015-2018      102      0.46327  0.37614  0.50    1622     610    1317     3185   1.96
2015-2018      103      0.49941  0.39962  0.50    1012     404     810     1868   1.85
2015-2018      104      0.53555  0.42243  0.50     608     257     479     1058   1.74
2015-2018      105      0.57133  0.44438  0.50     351     156     273      579   1.65
2015-2018      106      0.60637  0.46530  0.50     195      91     150      306   1.57
2015-2018      107      0.64036  0.48505  0.50     104      51      79      156   1.50
2015-2018      108      0.67299  0.50355  0.50      54      27      40       77   1.44
2015-2018      109      0.70403  0.52072  0.50      27      14      20       37   1.39
2015-2018      110+     0.73329  1.00000  1.36      13      13      17       17   1.36
