Republic of Korea, Life tables (period 1x10), Males	Last modified: 15 Nov 2019;  Methods Protocol: v6 (2017)

  Year          Age         mx       qx    ax      lx      dx      Lx       Tx     ex
2003-2009        0      0.00443  0.00441  0.14  100000     441   99621  7535301  75.35
2003-2009        1      0.00042  0.00042  0.50   99559      42   99538  7435680  74.69
2003-2009        2      0.00033  0.00033  0.50   99517      33   99501  7336142  73.72
2003-2009        3      0.00027  0.00027  0.50   99484      27   99471  7236642  72.74
2003-2009        4      0.00023  0.00023  0.50   99457      23   99446  7137171  71.76
2003-2009        5      0.00021  0.00021  0.50   99434      21   99423  7037725  70.78
2003-2009        6      0.00021  0.00021  0.50   99413      21   99402  6938302  69.79
2003-2009        7      0.00020  0.00020  0.50   99392      20   99382  6838899  68.81
2003-2009        8      0.00017  0.00017  0.50   99372      17   99363  6739517  67.82
2003-2009        9      0.00015  0.00015  0.50   99355      15   99347  6640154  66.83
2003-2009       10      0.00015  0.00015  0.50   99340      15   99332  6540807  65.84
2003-2009       11      0.00014  0.00014  0.50   99325      14   99318  6441474  64.85
2003-2009       12      0.00016  0.00016  0.50   99311      16   99303  6342157  63.86
2003-2009       13      0.00016  0.00016  0.50   99295      16   99287  6242853  62.87
2003-2009       14      0.00020  0.00020  0.50   99279      20   99269  6143566  61.88
2003-2009       15      0.00028  0.00028  0.50   99259      28   99245  6044298  60.89
2003-2009       16      0.00035  0.00035  0.50   99231      35   99213  5945053  59.91
2003-2009       17      0.00044  0.00044  0.50   99196      44   99174  5845840  58.93
2003-2009       18      0.00051  0.00051  0.50   99152      50   99126  5746666  57.96
2003-2009       19      0.00053  0.00053  0.50   99101      52   99075  5647540  56.99
2003-2009       20      0.00054  0.00054  0.50   99049      53   99022  5548465  56.02
2003-2009       21      0.00050  0.00050  0.50   98996      50   98971  5449442  55.05
2003-2009       22      0.00059  0.00059  0.50   98946      58   98917  5350471  54.07
2003-2009       23      0.00061  0.00061  0.50   98888      60   98858  5251555  53.11
2003-2009       24      0.00067  0.00067  0.50   98828      66   98795  5152697  52.14
2003-2009       25      0.00069  0.00069  0.50   98761      69   98727  5053902  51.17
2003-2009       26      0.00071  0.00071  0.50   98693      70   98658  4955175  50.21
2003-2009       27      0.00076  0.00076  0.50   98623      75   98585  4856517  49.24
2003-2009       28      0.00079  0.00079  0.50   98548      78   98509  4757932  48.28
2003-2009       29      0.00082  0.00082  0.50   98470      81   98430  4659423  47.32
2003-2009       30      0.00084  0.00084  0.50   98390      82   98348  4560993  46.36
2003-2009       31      0.00088  0.00088  0.50   98307      86   98264  4462644  45.39
2003-2009       32      0.00092  0.00092  0.50   98221      90   98176  4364380  44.43
2003-2009       33      0.00098  0.00098  0.50   98130      96   98083  4266205  43.47
2003-2009       34      0.00111  0.00111  0.50   98035     109   97980  4168122  42.52
2003-2009       35      0.00116  0.00116  0.50   97926     114   97869  4070142  41.56
2003-2009       36      0.00135  0.00135  0.50   97812     132   97746  3972273  40.61
2003-2009       37      0.00144  0.00144  0.50   97680     141   97610  3874526  39.67
2003-2009       38      0.00166  0.00166  0.50   97539     162   97458  3776917  38.72
2003-2009       39      0.00180  0.00180  0.50   97377     175   97290  3679459  37.79
2003-2009       40      0.00206  0.00206  0.50   97202     200   97102  3582169  36.85
2003-2009       41      0.00228  0.00227  0.50   97002     220   96892  3485067  35.93
2003-2009       42      0.00256  0.00256  0.50   96782     247   96658  3388174  35.01
2003-2009       43      0.00290  0.00290  0.50   96535     280   96395  3291516  34.10
2003-2009       44      0.00311  0.00310  0.50   96255     299   96106  3195121  33.19
2003-2009       45      0.00341  0.00340  0.50   95956     327   95793  3099016  32.30
2003-2009       46      0.00383  0.00382  0.50   95630     365   95447  3003223  31.40
2003-2009       47      0.00410  0.00409  0.50   95264     389   95070  2907776  30.52
2003-2009       48      0.00449  0.00448  0.50   94875     425   94662  2812706  29.65
2003-2009       49      0.00488  0.00486  0.50   94450     459   94220  2718044  28.78
2003-2009       50      0.00525  0.00524  0.50   93990     492   93744  2623823  27.92
2003-2009       51      0.00570  0.00569  0.50   93498     532   93232  2530079  27.06
2003-2009       52      0.00613  0.00611  0.50   92966     568   92683  2436847  26.21
2003-2009       53      0.00661  0.00659  0.50   92399     609   92094  2344164  25.37
2003-2009       54      0.00725  0.00723  0.50   91790     663   91458  2252070  24.54
2003-2009       55      0.00773  0.00770  0.50   91126     701   90776  2160612  23.71
2003-2009       56      0.00826  0.00822  0.50   90425     744   90053  2069836  22.89
2003-2009       57      0.00883  0.00879  0.50   89681     788   89287  1979783  22.08
2003-2009       58      0.00943  0.00939  0.50   88893     835   88476  1890495  21.27
2003-2009       59      0.01016  0.01011  0.50   88059     890   87613  1802019  20.46
2003-2009       60      0.01113  0.01107  0.50   87168     965   86686  1714406  19.67
2003-2009       61      0.01223  0.01216  0.50   86204    1048   85680  1627720  18.88
2003-2009       62      0.01383  0.01373  0.50   85156    1169   84571  1542040  18.11
2003-2009       63      0.01472  0.01461  0.50   83986    1227   83373  1457469  17.35
2003-2009       64      0.01653  0.01640  0.50   82759    1357   82081  1374097  16.60
2003-2009       65      0.01787  0.01771  0.50   81402    1442   80682  1292016  15.87
2003-2009       66      0.02014  0.01994  0.50   79961    1594   79164  1211334  15.15
2003-2009       67      0.02224  0.02199  0.50   78366    1723   77505  1132171  14.45
2003-2009       68      0.02468  0.02438  0.50   76643    1869   75709  1054666  13.76
2003-2009       69      0.02728  0.02691  0.50   74775    2012   73768   978957  13.09
2003-2009       70      0.03013  0.02968  0.50   72762    2160   71683   905189  12.44
2003-2009       71      0.03323  0.03269  0.50   70603    2308   69449   833506  11.81
2003-2009       72      0.03669  0.03603  0.50   68295    2461   67065   764057  11.19
2003-2009       73      0.04033  0.03954  0.50   65835    2603   64533   696992  10.59
2003-2009       74      0.04491  0.04393  0.50   63232    2778   61843   632459  10.00
2003-2009       75      0.04996  0.04875  0.50   60454    2947   58980   570616   9.44
2003-2009       76      0.05546  0.05396  0.50   57507    3103   55956   511636   8.90
2003-2009       77      0.06189  0.06003  0.50   54404    3266   52771   455680   8.38
2003-2009       78      0.06871  0.06643  0.50   51138    3397   49439   402909   7.88
2003-2009       79      0.07638  0.07357  0.50   47741    3512   45985   353470   7.40
2003-2009       80      0.08574  0.08222  0.50   44228    3636   42410   307485   6.95
2003-2009       81      0.09557  0.09121  0.50   40592    3703   38741   265075   6.53
2003-2009       82      0.10433  0.09916  0.50   36889    3658   35061   226334   6.14
2003-2009       83      0.11452  0.10831  0.50   33232    3599   31432   191274   5.76
2003-2009       84      0.12655  0.11902  0.50   29632    3527   27869   159842   5.39
2003-2009       85      0.14000  0.13084  0.50   26105    3416   24398   131973   5.06
2003-2009       86      0.15520  0.14402  0.50   22690    3268   21056   107576   4.74
2003-2009       87      0.16822  0.15517  0.50   19422    3014   17915    86520   4.45
2003-2009       88      0.18563  0.16987  0.50   16408    2787   15015    68605   4.18
2003-2009       89      0.20255  0.18392  0.50   13621    2505   12368    53590   3.93
2003-2009       90      0.22079  0.19884  0.50   11116    2210   10011    41222   3.71
2003-2009       91      0.23294  0.20864  0.50    8905    1858    7976    31211   3.50
2003-2009       92      0.25491  0.22609  0.50    7047    1593    6251    23235   3.30
2003-2009       93      0.26579  0.23461  0.50    5454    1280    4814    16984   3.11
2003-2009       94      0.28828  0.25196  0.50    4174    1052    3649    12170   2.92
2003-2009       95      0.31927  0.27532  0.50    3123     860    2693     8521   2.73
2003-2009       96      0.34287  0.29269  0.50    2263     662    1932     5828   2.58
2003-2009       97      0.36726  0.31028  0.50    1601     497    1352     3897   2.43
2003-2009       98      0.39236  0.32801  0.50    1104     362     923     2544   2.30
2003-2009       99      0.41803  0.34576  0.50     742     257     614     1621   2.19
2003-2009      100      0.44416  0.36345  0.50     485     176     397     1008   2.08
2003-2009      101      0.47060  0.38096  0.50     309     118     250      611   1.98
2003-2009      102      0.49721  0.39821  0.50     191      76     153      361   1.89
2003-2009      103      0.52383  0.41511  0.50     115      48      91      207   1.80
2003-2009      104      0.55032  0.43157  0.50      67      29      53      116   1.73
2003-2009      105      0.57653  0.44752  0.50      38      17      30       63   1.66
2003-2009      106      0.60231  0.46290  0.50      21      10      16       34   1.60
2003-2009      107      0.62754  0.47766  0.50      11       5       9       18   1.54
2003-2009      108      0.65209  0.49175  0.50       6       3       4        9   1.49
2003-2009      109      0.67585  0.50515  0.50       3       2       2        4   1.46
2003-2009      110+     0.69875  1.00000  1.43       1       1       2        2   1.43
2010-2018        0      0.00328  0.00327  0.14  100000     327   99720  7856030  78.56
2010-2018        1      0.00028  0.00028  0.50   99673      28   99659  7756310  77.82
2010-2018        2      0.00020  0.00020  0.50   99645      20   99635  7656651  76.84
2010-2018        3      0.00014  0.00014  0.50   99625      14   99618  7557016  75.85
2010-2018        4      0.00012  0.00012  0.50   99611      12   99605  7457398  74.87
2010-2018        5      0.00013  0.00013  0.50   99599      13   99592  7357793  73.87
2010-2018        6      0.00012  0.00012  0.50   99586      12   99580  7258200  72.88
2010-2018        7      0.00012  0.00012  0.50   99574      12   99569  7158620  71.89
2010-2018        8      0.00010  0.00010  0.50   99563      10   99558  7059051  70.90
2010-2018        9      0.00010  0.00010  0.50   99553      10   99548  6959493  69.91
2010-2018       10      0.00009  0.00009  0.50   99544       9   99539  6859945  68.91
2010-2018       11      0.00009  0.00009  0.50   99534       9   99530  6760406  67.92
2010-2018       12      0.00010  0.00010  0.50   99525      10   99520  6660876  66.93
2010-2018       13      0.00014  0.00014  0.50   99515      14   99508  6561356  65.93
2010-2018       14      0.00015  0.00015  0.50   99501      15   99494  6461848  64.94
2010-2018       15      0.00019  0.00019  0.50   99486      19   99477  6362355  63.95
2010-2018       16      0.00028  0.00028  0.50   99467      28   99454  6262878  62.96
2010-2018       17      0.00032  0.00032  0.50   99440      32   99424  6163424  61.98
2010-2018       18      0.00036  0.00036  0.50   99408      36   99390  6064001  61.00
2010-2018       19      0.00040  0.00040  0.50   99372      40   99352  5964611  60.02
2010-2018       20      0.00039  0.00039  0.50   99332      38   99313  5865259  59.05
2010-2018       21      0.00038  0.00038  0.50   99294      38   99275  5765945  58.07
2010-2018       22      0.00048  0.00048  0.50   99256      48   99232  5666671  57.09
2010-2018       23      0.00049  0.00049  0.50   99208      49   99184  5567438  56.12
2010-2018       24      0.00053  0.00053  0.50   99160      53   99133  5468254  55.15
2010-2018       25      0.00056  0.00056  0.50   99107      55   99079  5369121  54.18
2010-2018       26      0.00060  0.00060  0.50   99052      60   99022  5270042  53.21
2010-2018       27      0.00062  0.00062  0.50   98992      61   98961  5171020  52.24
2010-2018       28      0.00065  0.00065  0.50   98931      64   98898  5072059  51.27
2010-2018       29      0.00070  0.00070  0.50   98866      69   98832  4973160  50.30
2010-2018       30      0.00069  0.00069  0.50   98797      68   98763  4874329  49.34
2010-2018       31      0.00076  0.00076  0.50   98729      75   98692  4775566  48.37
2010-2018       32      0.00083  0.00083  0.50   98654      81   98614  4676874  47.41
2010-2018       33      0.00080  0.00080  0.50   98573      79   98533  4578260  46.45
2010-2018       34      0.00083  0.00083  0.50   98494      82   98453  4479727  45.48
2010-2018       35      0.00096  0.00096  0.50   98411      94   98364  4381275  44.52
2010-2018       36      0.00100  0.00100  0.50   98317      98   98268  4282910  43.56
2010-2018       37      0.00108  0.00108  0.50   98219     106   98166  4184642  42.61
2010-2018       38      0.00117  0.00117  0.50   98113     114   98056  4086476  41.65
2010-2018       39      0.00135  0.00135  0.50   97999     132   97933  3988420  40.70
2010-2018       40      0.00145  0.00145  0.50   97867     142   97796  3890487  39.75
2010-2018       41      0.00158  0.00158  0.50   97725     155   97648  3792691  38.81
2010-2018       42      0.00176  0.00176  0.50   97571     172   97485  3695043  37.87
2010-2018       43      0.00193  0.00193  0.50   97399     188   97305  3597558  36.94
2010-2018       44      0.00216  0.00215  0.50   97211     209   97107  3500253  36.01
2010-2018       45      0.00237  0.00236  0.50   97002     229   96887  3403146  35.08
2010-2018       46      0.00262  0.00261  0.50   96773     253   96646  3306259  34.17
2010-2018       47      0.00288  0.00288  0.50   96520     278   96381  3209613  33.25
2010-2018       48      0.00316  0.00316  0.50   96242     304   96090  3113232  32.35
2010-2018       49      0.00356  0.00355  0.50   95938     341   95768  3017142  31.45
2010-2018       50      0.00388  0.00387  0.50   95597     370   95412  2921374  30.56
2010-2018       51      0.00420  0.00420  0.50   95227     400   95028  2825962  29.68
2010-2018       52      0.00461  0.00460  0.50   94828     436   94610  2730934  28.80
2010-2018       53      0.00488  0.00487  0.50   94392     460   94162  2636324  27.93
2010-2018       54      0.00526  0.00525  0.50   93933     493   93686  2542162  27.06
2010-2018       55      0.00564  0.00562  0.50   93440     525   93177  2448475  26.20
2010-2018       56      0.00602  0.00600  0.50   92915     558   92636  2355298  25.35
2010-2018       57      0.00650  0.00648  0.50   92357     599   92058  2262662  24.50
2010-2018       58      0.00709  0.00706  0.50   91758     648   91435  2170605  23.66
2010-2018       59      0.00754  0.00751  0.50   91111     684   90769  2079170  22.82
2010-2018       60      0.00811  0.00808  0.50   90427     731   90061  1988402  21.99
2010-2018       61      0.00881  0.00877  0.50   89696     786   89303  1898340  21.16
2010-2018       62      0.00949  0.00945  0.50   88909     840   88489  1809038  20.35
2010-2018       63      0.01042  0.01037  0.50   88069     913   87613  1720549  19.54
2010-2018       64      0.01108  0.01102  0.50   87156     961   86676  1632936  18.74
2010-2018       65      0.01197  0.01190  0.50   86195    1026   85682  1546260  17.94
2010-2018       66      0.01321  0.01312  0.50   85169    1118   84610  1460578  17.15
2010-2018       67      0.01469  0.01458  0.50   84052    1226   83439  1375968  16.37
2010-2018       68      0.01639  0.01626  0.50   82826    1346   82153  1292529  15.61
2010-2018       69      0.01812  0.01796  0.50   81479    1463   80748  1210376  14.85
2010-2018       70      0.02058  0.02037  0.50   80016    1630   79201  1129629  14.12
2010-2018       71      0.02287  0.02261  0.50   78386    1772   77500  1050427  13.40
2010-2018       72      0.02581  0.02548  0.50   76614    1952   75638   972927  12.70
2010-2018       73      0.02905  0.02864  0.50   74662    2138   73593   897290  12.02
2010-2018       74      0.03252  0.03200  0.50   72524    2321   71363   823697  11.36
2010-2018       75      0.03705  0.03638  0.50   70203    2554   68926   752333  10.72
2010-2018       76      0.04128  0.04045  0.50   67649    2736   66281   683407  10.10
2010-2018       77      0.04636  0.04531  0.50   64913    2941   63442   617126   9.51
2010-2018       78      0.05236  0.05103  0.50   61972    3162   60391   553684   8.93
2010-2018       79      0.05873  0.05705  0.50   58809    3355   57132   493293   8.39
2010-2018       80      0.06602  0.06391  0.50   55454    3544   53682   436161   7.87
2010-2018       81      0.07391  0.07128  0.50   51910    3700   50060   382479   7.37
2010-2018       82      0.08328  0.07995  0.50   48210    3855   46283   332419   6.90
2010-2018       83      0.09273  0.08862  0.50   44355    3931   42390   286136   6.45
2010-2018       84      0.10318  0.09812  0.50   40425    3966   38441   243746   6.03
2010-2018       85      0.11696  0.11050  0.50   36458    4028   34444   205305   5.63
2010-2018       86      0.12707  0.11948  0.50   32430    3875   30492   170861   5.27
2010-2018       87      0.14386  0.13421  0.50   28555    3832   26639   140368   4.92
2010-2018       88      0.15817  0.14658  0.50   24723    3624   22911   113730   4.60
2010-2018       89      0.17470  0.16067  0.50   21099    3390   19404    90819   4.30
2010-2018       90      0.19182  0.17504  0.50   17709    3100   16159    71415   4.03
2010-2018       91      0.20865  0.18894  0.50   14609    2760   13229    55256   3.78
2010-2018       92      0.22286  0.20052  0.50   11849    2376   10661    42027   3.55
2010-2018       93      0.24357  0.21712  0.50    9473    2057    8445    31366   3.31
2010-2018       94      0.26321  0.23260  0.50    7416    1725    6554    22921   3.09
2010-2018       95      0.29481  0.25693  0.50    5691    1462    4960    16367   2.88
2010-2018       96      0.31978  0.27570  0.50    4229    1166    3646    11407   2.70
2010-2018       97      0.34584  0.29485  0.50    3063     903    2611     7761   2.53
2010-2018       98      0.37285  0.31426  0.50    2160     679    1821     5150   2.38
2010-2018       99      0.40068  0.33381  0.50    1481     494    1234     3329   2.25
2010-2018      100      0.42917  0.35335  0.50     987     349     812     2095   2.12
2010-2018      101      0.45813  0.37275  0.50     638     238     519     1283   2.01
2010-2018      102      0.48738  0.39188  0.50     400     157     322      764   1.91
2010-2018      103      0.51672  0.41063  0.50     243     100     193      442   1.82
2010-2018      104      0.54594  0.42887  0.50     143      62     113      248   1.73
2010-2018      105      0.57485  0.44651  0.50      82      37      64      136   1.66
2010-2018      106      0.60326  0.46346  0.50      45      21      35       72   1.59
2010-2018      107      0.63098  0.47966  0.50      24      12      18       37   1.53
2010-2018      108      0.65787  0.49504  0.50      13       6      10       19   1.48
2010-2018      109      0.68378  0.50956  0.50       6       3       5        9   1.44
2010-2018      110+     0.70860  1.00000  1.41       3       3       4        4   1.41
