Republic of Korea, Death rates (period 1x5), 	Last modified: 15 Nov 2019;  Methods Protocol: v6 (2017)

  Year          Age             Female            Male           Total
2003-2004        0             0.004708        0.005547        0.005145
2003-2004        1             0.000442        0.000430        0.000436
2003-2004        2             0.000310        0.000406        0.000360
2003-2004        3             0.000272        0.000323        0.000298
2003-2004        4             0.000253        0.000308        0.000282
2003-2004        5             0.000166        0.000263        0.000217
2003-2004        6             0.000203        0.000241        0.000223
2003-2004        7             0.000159        0.000253        0.000208
2003-2004        8             0.000128        0.000207        0.000170
2003-2004        9             0.000134        0.000169        0.000153
2003-2004       10             0.000122        0.000182        0.000154
2003-2004       11             0.000120        0.000178        0.000151
2003-2004       12             0.000105        0.000148        0.000128
2003-2004       13             0.000137        0.000169        0.000154
2003-2004       14             0.000142        0.000220        0.000183
2003-2004       15             0.000173        0.000306        0.000243
2003-2004       16             0.000226        0.000372        0.000302
2003-2004       17             0.000234        0.000451        0.000347
2003-2004       18             0.000243        0.000573        0.000415
2003-2004       19             0.000289        0.000634        0.000467
2003-2004       20             0.000283        0.000627        0.000460
2003-2004       21             0.000311        0.000538        0.000427
2003-2004       22             0.000338        0.000633        0.000490
2003-2004       23             0.000348        0.000661        0.000508
2003-2004       24             0.000343        0.000757        0.000555
2003-2004       25             0.000401        0.000706        0.000557
2003-2004       26             0.000414        0.000826        0.000624
2003-2004       27             0.000395        0.000785        0.000594
2003-2004       28             0.000406        0.000843        0.000629
2003-2004       29             0.000422        0.000920        0.000675
2003-2004       30             0.000464        0.000913        0.000692
2003-2004       31             0.000468        0.000951        0.000715
2003-2004       32             0.000486        0.001022        0.000761
2003-2004       33             0.000580        0.001116        0.000854
2003-2004       34             0.000626        0.001327        0.000982
2003-2004       35             0.000644        0.001384        0.001017
2003-2004       36             0.000689        0.001622        0.001162
2003-2004       37             0.000773        0.001704        0.001252
2003-2004       38             0.000801        0.002037        0.001435
2003-2004       39             0.000894        0.002138        0.001531
2003-2004       40             0.000917        0.002383        0.001674
2003-2004       41             0.000986        0.002700        0.001868
2003-2004       42             0.001085        0.002947        0.002033
2003-2004       43             0.001279        0.003402        0.002353
2003-2004       44             0.001369        0.003654        0.002528
2003-2004       45             0.001309        0.003907        0.002635
2003-2004       46             0.001493        0.004373        0.002965
2003-2004       47             0.001696        0.004836        0.003288
2003-2004       48             0.001734        0.005140        0.003451
2003-2004       49             0.001891        0.005545        0.003737
2003-2004       50             0.001997        0.005883        0.003957
2003-2004       51             0.002222        0.006699        0.004473
2003-2004       52             0.002361        0.007240        0.004815
2003-2004       53             0.002498        0.007656        0.005090
2003-2004       54             0.002767        0.008272        0.005528
2003-2004       55             0.002893        0.008451        0.005668
2003-2004       56             0.003253        0.009285        0.006247
2003-2004       57             0.003487        0.009868        0.006642
2003-2004       58             0.003764        0.010684        0.007148
2003-2004       59             0.004277        0.011574        0.007785
2003-2004       60             0.004694        0.012930        0.008622
2003-2004       61             0.005132        0.014508        0.009591
2003-2004       62             0.005743        0.016286        0.010714
2003-2004       63             0.006279        0.016910        0.011226
2003-2004       64             0.007364        0.019113        0.012774
2003-2004       65             0.008009        0.020460        0.013681
2003-2004       66             0.008991        0.023139        0.015351
2003-2004       67             0.010653        0.025686        0.017287
2003-2004       68             0.012033        0.028255        0.019035
2003-2004       69             0.013491        0.030850        0.020803
2003-2004       70             0.015678        0.033850        0.023126
2003-2004       71             0.017462        0.037097        0.025249
2003-2004       72             0.020050        0.041938        0.028381
2003-2004       73             0.022747        0.044862        0.030873
2003-2004       74             0.026415        0.051311        0.035429
2003-2004       75             0.030441        0.055501        0.039333
2003-2004       76             0.034963        0.061447        0.044154
2003-2004       77             0.040703        0.068354        0.050143
2003-2004       78             0.045864        0.074689        0.055680
2003-2004       79             0.050287        0.081955        0.061078
2003-2004       80             0.059585        0.093622        0.070771
2003-2004       81             0.069230        0.104161        0.080347
2003-2004       82             0.074915        0.109998        0.085884
2003-2004       83             0.086270        0.123193        0.097694
2003-2004       84             0.095344        0.132566        0.106612
2003-2004       85             0.107328        0.147011        0.118787
2003-2004       86             0.122016        0.167471        0.134294
2003-2004       87             0.136075        0.183612        0.148111
2003-2004       88             0.152030        0.191315        0.161467
2003-2004       89             0.161517        0.208702        0.172294
2003-2004       90             0.182549        0.232388        0.193405
2003-2004       91             0.203739        0.250425        0.213657
2003-2004       92             0.225280        0.252488        0.231047
2003-2004       93             0.245120        0.284321        0.253440
2003-2004       94             0.252586        0.301484        0.262551
2003-2004       95             0.290501        0.322953        0.296499
2003-2004       96             0.289634        0.322394        0.295121
2003-2004       97             0.328788        0.358604        0.333456
2003-2004       98             0.341432        0.310211        0.336814
2003-2004       99             0.337159        0.435998        0.350728
2003-2004      100             0.440702        0.442668        0.440951
2003-2004      101             0.476579        0.467811        0.475522
2003-2004      102             0.513918        0.507380        0.513194
2003-2004      103             0.553877        0.565635        0.555047
2003-2004      104             0.597298        0.649327        0.601841
2003-2004      105             0.646064        0.818182        0.658163
2003-2004      106             0.706435        1.477560        0.737915
2003-2004      107             0.783991        4.216216        0.819663
2003-2004      108             0.893814              .        0.893814
2003-2004      109             1.085518              .        1.085518
2003-2004      110+            1.950920              .        1.950920
2005-2009        0             0.003564        0.003952        0.003764
2005-2009        1             0.000388        0.000414        0.000402
2005-2009        2             0.000223        0.000289        0.000257
2005-2009        3             0.000204        0.000246        0.000226
2005-2009        4             0.000159        0.000198        0.000179
2005-2009        5             0.000160        0.000192        0.000177
2005-2009        6             0.000147        0.000190        0.000170
2005-2009        7             0.000135        0.000182        0.000160
2005-2009        8             0.000119        0.000158        0.000140
2005-2009        9             0.000097        0.000142        0.000121
2005-2009       10             0.000086        0.000137        0.000113
2005-2009       11             0.000092        0.000122        0.000108
2005-2009       12             0.000108        0.000163        0.000137
2005-2009       13             0.000137        0.000162        0.000151
2005-2009       14             0.000146        0.000198        0.000174
2005-2009       15             0.000158        0.000274        0.000220
2005-2009       16             0.000203        0.000347        0.000279
2005-2009       17             0.000210        0.000441        0.000332
2005-2009       18             0.000236        0.000481        0.000365
2005-2009       19             0.000260        0.000479        0.000375
2005-2009       20             0.000289        0.000499        0.000399
2005-2009       21             0.000338        0.000485        0.000414
2005-2009       22             0.000383        0.000566        0.000478
2005-2009       23             0.000433        0.000585        0.000512
2005-2009       24             0.000402        0.000634        0.000522
2005-2009       25             0.000465        0.000690        0.000581
2005-2009       26             0.000465        0.000664        0.000567
2005-2009       27             0.000440        0.000752        0.000600
2005-2009       28             0.000442        0.000765        0.000607
2005-2009       29             0.000480        0.000779        0.000632
2005-2009       30             0.000533        0.000802        0.000670
2005-2009       31             0.000531        0.000846        0.000692
2005-2009       32             0.000553        0.000874        0.000717
2005-2009       33             0.000583        0.000916        0.000753
2005-2009       34             0.000573        0.001020        0.000801
2005-2009       35             0.000607        0.001072        0.000844
2005-2009       36             0.000659        0.001251        0.000961
2005-2009       37             0.000694        0.001348        0.001026
2005-2009       38             0.000774        0.001517        0.001152
2005-2009       39             0.000808        0.001670        0.001246
2005-2009       40             0.000873        0.001931        0.001411
2005-2009       41             0.000886        0.002098        0.001505
2005-2009       42             0.000965        0.002388        0.001695
2005-2009       43             0.001046        0.002688        0.001888
2005-2009       44             0.001129        0.002890        0.002028
2005-2009       45             0.001280        0.003225        0.002271
2005-2009       46             0.001302        0.003633        0.002487
2005-2009       47             0.001432        0.003843        0.002654
2005-2009       48             0.001550        0.004270        0.002928
2005-2009       49             0.001590        0.004662        0.003144
2005-2009       50             0.001766        0.005054        0.003428
2005-2009       51             0.001879        0.005393        0.003653
2005-2009       52             0.001992        0.005790        0.003901
2005-2009       53             0.002221        0.006290        0.004259
2005-2009       54             0.002301        0.006902        0.004603
2005-2009       55             0.002449        0.007456        0.004950
2005-2009       56             0.002753        0.007877        0.005305
2005-2009       57             0.002902        0.008474        0.005671
2005-2009       58             0.003236        0.009039        0.006109
2005-2009       59             0.003434        0.009697        0.006522
2005-2009       60             0.003884        0.010445        0.007097
2005-2009       61             0.004199        0.011246        0.007614
2005-2009       62             0.004668        0.012799        0.008567
2005-2009       63             0.005156        0.013888        0.009298
2005-2009       64             0.005755        0.015579        0.010360
2005-2009       65             0.006515        0.016952        0.011356
2005-2009       66             0.007298        0.019134        0.012734
2005-2009       67             0.008178        0.021073        0.014028
2005-2009       68             0.009142        0.023455        0.015537
2005-2009       69             0.010731        0.026108        0.017492
2005-2009       70             0.012181        0.028976        0.019428
2005-2009       71             0.013940        0.032075        0.021596
2005-2009       72             0.016255        0.035187        0.024046
2005-2009       73             0.018169        0.039028        0.026506
2005-2009       74             0.020608        0.042946        0.029229
2005-2009       75             0.024089        0.048200        0.033057
2005-2009       76             0.028295        0.053565        0.037376
2005-2009       77             0.032517        0.059895        0.042020
2005-2009       78             0.037035        0.066828        0.047069
2005-2009       79             0.042493        0.074517        0.053033
2005-2009       80             0.049397        0.082945        0.060246
2005-2009       81             0.054809        0.092449        0.066726
2005-2009       82             0.064188        0.102378        0.076015
2005-2009       83             0.072994        0.111716        0.084730
2005-2009       84             0.083306        0.124695        0.095588
2005-2009       85             0.093673        0.137896        0.106467
2005-2009       86             0.104002        0.151541        0.117347
2005-2009       87             0.116891        0.163647        0.129587
2005-2009       88             0.131047        0.183973        0.144839
2005-2009       89             0.149462        0.200760        0.162152
2005-2009       90             0.162381        0.217274        0.175143
2005-2009       91             0.182190        0.227345        0.192003
2005-2009       92             0.207175        0.255710        0.217135
2005-2009       93             0.220489        0.259504        0.228203
2005-2009       94             0.241075        0.283891        0.249380
2005-2009       95             0.258061        0.306481        0.267287
2005-2009       96             0.287662        0.318562        0.293454
2005-2009       97             0.308811        0.364551        0.318962
2005-2009       98             0.328938        0.349014        0.332437
2005-2009       99             0.346969        0.382990        0.352933
2005-2009      100             0.398830        0.381501        0.396169
2005-2009      101             0.427594        0.398990        0.423416
2005-2009      102             0.457041        0.417424        0.451433
2005-2009      103             0.486376        0.438984        0.479880
2005-2009      104             0.516753        0.471100        0.510782
2005-2009      105             0.548967        0.521831        0.545660
2005-2009      106             0.585699        0.633338        0.590680
2005-2009      107             0.632852        1.063694        0.659769
2005-2009      108             0.716739        0.000000        0.705364
2005-2009      109             0.915997              .        0.915997
2005-2009      110+            1.883482              .        1.883482
2010-2014        0             0.002852        0.003433        0.003151
2010-2014        1             0.000296        0.000312        0.000304
2010-2014        2             0.000148        0.000214        0.000182
2010-2014        3             0.000145        0.000168        0.000157
2010-2014        4             0.000107        0.000135        0.000121
2010-2014        5             0.000108        0.000134        0.000121
2010-2014        6             0.000085        0.000118        0.000102
2010-2014        7             0.000090        0.000136        0.000114
2010-2014        8             0.000078        0.000105        0.000092
2010-2014        9             0.000081        0.000104        0.000093
2010-2014       10             0.000078        0.000102        0.000090
2010-2014       11             0.000078        0.000097        0.000088
2010-2014       12             0.000084        0.000108        0.000096
2010-2014       13             0.000090        0.000155        0.000124
2010-2014       14             0.000103        0.000177        0.000142
2010-2014       15             0.000141        0.000208        0.000176
2010-2014       16             0.000192        0.000309        0.000254
2010-2014       17             0.000165        0.000361        0.000269
2010-2014       18             0.000191        0.000383        0.000293
2010-2014       19             0.000217        0.000439        0.000335
2010-2014       20             0.000249        0.000409        0.000334
2010-2014       21             0.000245        0.000434        0.000345
2010-2014       22             0.000270        0.000535        0.000410
2010-2014       23             0.000280        0.000514        0.000403
2010-2014       24             0.000318        0.000582        0.000456
2010-2014       25             0.000353        0.000616        0.000490
2010-2014       26             0.000346        0.000661        0.000509
2010-2014       27             0.000369        0.000666        0.000522
2010-2014       28             0.000423        0.000684        0.000557
2010-2014       29             0.000461        0.000744        0.000607
2010-2014       30             0.000469        0.000738        0.000607
2010-2014       31             0.000499        0.000819        0.000663
2010-2014       32             0.000484        0.000884        0.000688
2010-2014       33             0.000526        0.000863        0.000698
2010-2014       34             0.000571        0.000886        0.000732
2010-2014       35             0.000562        0.001057        0.000814
2010-2014       36             0.000616        0.001107        0.000866
2010-2014       37             0.000629        0.001173        0.000905
2010-2014       38             0.000671        0.001258        0.000970
2010-2014       39             0.000731        0.001429        0.001087
2010-2014       40             0.000779        0.001567        0.001181
2010-2014       41             0.000818        0.001702        0.001268
2010-2014       42             0.000860        0.001924        0.001400
2010-2014       43             0.000939        0.002110        0.001532
2010-2014       44             0.001011        0.002391        0.001712
2010-2014       45             0.001085        0.002632        0.001870
2010-2014       46             0.001184        0.002864        0.002038
2010-2014       47             0.001249        0.003161        0.002227
2010-2014       48             0.001319        0.003491        0.002429
2010-2014       49             0.001443        0.003884        0.002684
2010-2014       50             0.001528        0.004163        0.002864
2010-2014       51             0.001654        0.004628        0.003157
2010-2014       52             0.001692        0.004957        0.003337
2010-2014       53             0.001879        0.005300        0.003599
2010-2014       54             0.001978        0.005758        0.003875
2010-2014       55             0.002034        0.006094        0.004069
2010-2014       56             0.002212        0.006561        0.004387
2010-2014       57             0.002310        0.006990        0.004639
2010-2014       58             0.002599        0.007736        0.005143
2010-2014       59             0.002756        0.008287        0.005490
2010-2014       60             0.003002        0.008836        0.005879
2010-2014       61             0.003362        0.009678        0.006466
2010-2014       62             0.003667        0.010394        0.006962
2010-2014       63             0.004106        0.011284        0.007605
2010-2014       64             0.004368        0.011810        0.007977
2010-2014       65             0.004882        0.012865        0.008721
2010-2014       66             0.005366        0.014069        0.009500
2010-2014       67             0.006383        0.015998        0.010891
2010-2014       68             0.007043        0.017914        0.012072
2010-2014       69             0.008139        0.020143        0.013609
2010-2014       70             0.009258        0.023091        0.015474
2010-2014       71             0.010617        0.025526        0.017225
2010-2014       72             0.012157        0.028699        0.019369
2010-2014       73             0.013814        0.031994        0.021583
2010-2014       74             0.016265        0.036013        0.024526
2010-2014       75             0.018643        0.040908        0.027737
2010-2014       76             0.021306        0.044876        0.030670
2010-2014       77             0.024965        0.050589        0.034829
2010-2014       78             0.029028        0.056493        0.039226
2010-2014       79             0.033477        0.063507        0.044162
2010-2014       80             0.039337        0.070907        0.050080
2010-2014       81             0.044677        0.079084        0.055885
2010-2014       82             0.052244        0.089124        0.063735
2010-2014       83             0.059854        0.098636        0.071459
2010-2014       84             0.068976        0.108510        0.080450
2010-2014       85             0.078787        0.124969        0.091811
2010-2014       86             0.086905        0.134489        0.099894
2010-2014       87             0.101271        0.151999        0.114690
2010-2014       88             0.115078        0.162702        0.127295
2010-2014       89             0.128873        0.181893        0.142084
2010-2014       90             0.144843        0.195800        0.157124
2010-2014       91             0.161472        0.215534        0.174016
2010-2014       92             0.178580        0.223638        0.188629
2010-2014       93             0.198880        0.251761        0.210151
2010-2014       94             0.219661        0.270787        0.229952
2010-2014       95             0.238587        0.287965        0.247913
2010-2014       96             0.258381        0.308987        0.267313
2010-2014       97             0.280537        0.327530        0.288360
2010-2014       98             0.307897        0.343637        0.313651
2010-2014       99             0.324168        0.352613        0.328726
2010-2014      100             0.381271        0.437861        0.390359
2010-2014      101             0.413982        0.467816        0.422541
2010-2014      102             0.447602        0.500519        0.455902
2010-2014      103             0.482658        0.536135        0.490881
2010-2014      104             0.519394        0.577670        0.528143
2010-2014      105             0.557249        0.631473        0.567943
2010-2014      106             0.598533        0.716496        0.614630
2010-2014      107             0.648347        0.889412        0.678214
2010-2014      108             0.715682        1.440835        0.781442
2010-2014      109             0.845992        6.000000        0.919430
2010-2014      110+            1.438985              .        1.438985
2015-2018        0             0.002511        0.003049        0.002787
2015-2018        1             0.000219        0.000244        0.000231
2015-2018        2             0.000133        0.000178        0.000156
2015-2018        3             0.000094        0.000114        0.000105
2015-2018        4             0.000099        0.000101        0.000100
2015-2018        5             0.000070        0.000127        0.000099
2015-2018        6             0.000080        0.000114        0.000098
2015-2018        7             0.000072        0.000090        0.000081
2015-2018        8             0.000066        0.000086        0.000077
2015-2018        9             0.000057        0.000086        0.000072
2015-2018       10             0.000072        0.000083        0.000077
2015-2018       11             0.000062        0.000086        0.000074
2015-2018       12             0.000070        0.000096        0.000084
2015-2018       13             0.000072        0.000107        0.000090
2015-2018       14             0.000093        0.000115        0.000105
2015-2018       15             0.000118        0.000156        0.000138
2015-2018       16             0.000147        0.000230        0.000190
2015-2018       17             0.000136        0.000267        0.000204
2015-2018       18             0.000159        0.000327        0.000247
2015-2018       19             0.000198        0.000348        0.000277
2015-2018       20             0.000230        0.000356        0.000296
2015-2018       21             0.000196        0.000319        0.000261
2015-2018       22             0.000223        0.000415        0.000325
2015-2018       23             0.000233        0.000465        0.000356
2015-2018       24             0.000257        0.000483        0.000377
2015-2018       25             0.000287        0.000493        0.000396
2015-2018       26             0.000297        0.000534        0.000422
2015-2018       27             0.000298        0.000556        0.000433
2015-2018       28             0.000297        0.000599        0.000454
2015-2018       29             0.000315        0.000637        0.000482
2015-2018       30             0.000375        0.000608        0.000495
2015-2018       31             0.000449        0.000663        0.000559
2015-2018       32             0.000432        0.000742        0.000591
2015-2018       33             0.000473        0.000726        0.000602
2015-2018       34             0.000509        0.000769        0.000642
2015-2018       35             0.000491        0.000841        0.000669
2015-2018       36             0.000542        0.000868        0.000708
2015-2018       37             0.000589        0.000959        0.000777
2015-2018       38             0.000625        0.001040        0.000836
2015-2018       39             0.000620        0.001228        0.000929
2015-2018       40             0.000711        0.001274        0.000997
2015-2018       41             0.000730        0.001412        0.001076
2015-2018       42             0.000790        0.001545        0.001173
2015-2018       43             0.000862        0.001693        0.001284
2015-2018       44             0.000888        0.001871        0.001388
2015-2018       45             0.000906        0.002050        0.001488
2015-2018       46             0.001024        0.002331        0.001688
2015-2018       47             0.001093        0.002557        0.001832
2015-2018       48             0.001178        0.002766        0.001979
2015-2018       49             0.001287        0.003151        0.002229
2015-2018       50             0.001377        0.003509        0.002456
2015-2018       51             0.001416        0.003647        0.002551
2015-2018       52             0.001505        0.004153        0.002853
2015-2018       53             0.001574        0.004366        0.002990
2015-2018       54             0.001701        0.004696        0.003215
2015-2018       55             0.001765        0.005150        0.003466
2015-2018       56             0.001950        0.005476        0.003712
2015-2018       57             0.002095        0.006031        0.004058
2015-2018       58             0.002209        0.006468        0.004334
2015-2018       59             0.002333        0.006846        0.004580
2015-2018       60             0.002568        0.007470        0.004999
2015-2018       61             0.002779        0.008005        0.005357
2015-2018       62             0.003095        0.008639        0.005813
2015-2018       63             0.003315        0.009569        0.006373
2015-2018       64             0.003624        0.010320        0.006887
2015-2018       65             0.004036        0.011036        0.007430
2015-2018       66             0.004393        0.012311        0.008219
2015-2018       67             0.004999        0.013336        0.009005
2015-2018       68             0.005781        0.014807        0.010091
2015-2018       69             0.006242        0.015906        0.010824
2015-2018       70             0.007273        0.017636        0.012126
2015-2018       71             0.008390        0.019585        0.013548
2015-2018       72             0.009261        0.022388        0.015204
2015-2018       73             0.011280        0.025945        0.017797
2015-2018       74             0.013185        0.029024        0.020103
2015-2018       75             0.015428        0.033345        0.023118
2015-2018       76             0.017649        0.037911        0.026164
2015-2018       77             0.020492        0.042401        0.029475
2015-2018       78             0.024428        0.048644        0.034110
2015-2018       79             0.027889        0.054657        0.038288
2015-2018       80             0.032489        0.062037        0.043587
2015-2018       81             0.037699        0.069797        0.049313
2015-2018       82             0.044867        0.078680        0.056597
2015-2018       83             0.052482        0.088017        0.064247
2015-2018       84             0.060046        0.098747        0.072177
2015-2018       85             0.069713        0.110189        0.081679
2015-2018       86             0.080840        0.120767        0.092049
2015-2018       87             0.092515        0.136768        0.104309
2015-2018       88             0.106253        0.154149        0.118495
2015-2018       89             0.120395        0.168104        0.132060
2015-2018       90             0.138010        0.188064        0.149725
2015-2018       91             0.149837        0.202279        0.161733
2015-2018       92             0.169625        0.222194        0.181174
2015-2018       93             0.189928        0.237065        0.199957
2015-2018       94             0.210842        0.257557        0.220449
2015-2018       95             0.233238        0.278150        0.242152
2015-2018       96             0.244483        0.297598        0.254676
2015-2018       97             0.265736        0.319485        0.275616
2015-2018       98             0.287565        0.349448        0.298296
2015-2018       99             0.323920        0.355688        0.329073
2015-2018      100             0.369900        0.396914        0.374034
2015-2018      101             0.396769        0.429946        0.401614
2015-2018      102             0.422607        0.464317        0.428469
2015-2018      103             0.451190        0.499516        0.457841
2015-2018      104             0.484317        0.533781        0.491062
2015-2018      105             0.520689        0.579545        0.528663
2015-2018      106             0.563349        0.652263        0.575074
2015-2018      107             0.615569        0.785802        0.636109
2015-2018      108             0.690801        1.128335        0.732845
2015-2018      109             0.811794        2.776119        0.891030
2015-2018      110+            1.260527              .        1.260527
