The United States of America, Life tables (period 1x10), Males	Last modified: 17 Mar 2021;  Methods Protocol: v6 (2017)

  Year          Age         mx       qx    ax      lx      dx      Lx       Tx     ex
1933-1939        0      0.06799  0.06470  0.25  100000    6470   95148  5933542  59.34
1933-1939        1      0.00914  0.00910  0.50   93530     851   93105  5838395  62.42
1933-1939        2      0.00430  0.00429  0.50   92679     397   92481  5745290  61.99
1933-1939        3      0.00299  0.00298  0.50   92282     275   92145  5652809  61.26
1933-1939        4      0.00233  0.00233  0.50   92007     214   91900  5560664  60.44
1933-1939        5      0.00195  0.00195  0.50   91793     179   91703  5468765  59.58
1933-1939        6      0.00177  0.00177  0.50   91614     162   91533  5377062  58.69
1933-1939        7      0.00162  0.00162  0.50   91452     148   91378  5285529  57.80
1933-1939        8      0.00150  0.00150  0.50   91304     137   91235  5194151  56.89
1933-1939        9      0.00141  0.00141  0.50   91167     128   91103  5102916  55.97
1933-1939       10      0.00134  0.00134  0.50   91039     122   90977  5011813  55.05
1933-1939       11      0.00133  0.00133  0.50   90916     121   90856  4920836  54.12
1933-1939       12      0.00139  0.00139  0.50   90795     126   90732  4829980  53.20
1933-1939       13      0.00151  0.00150  0.50   90669     136   90601  4739248  52.27
1933-1939       14      0.00169  0.00169  0.50   90533     153   90456  4648647  51.35
1933-1939       15      0.00192  0.00192  0.50   90380     174   90293  4558191  50.43
1933-1939       16      0.00217  0.00217  0.50   90206     195   90109  4467898  49.53
1933-1939       17      0.00240  0.00240  0.50   90011     216   89903  4377789  48.64
1933-1939       18      0.00263  0.00263  0.50   89795     236   89677  4287887  47.75
1933-1939       19      0.00284  0.00284  0.50   89559     254   89432  4198210  46.88
1933-1939       20      0.00304  0.00303  0.50   89304     271   89169  4108778  46.01
1933-1939       21      0.00320  0.00319  0.50   89034     284   88892  4019609  45.15
1933-1939       22      0.00333  0.00332  0.50   88750     295   88602  3930718  44.29
1933-1939       23      0.00343  0.00342  0.50   88455     303   88303  3842116  43.44
1933-1939       24      0.00351  0.00350  0.50   88152     308   87998  3753812  42.58
1933-1939       25      0.00356  0.00356  0.50   87843     312   87687  3665815  41.73
1933-1939       26      0.00363  0.00362  0.50   87531     317   87373  3578127  40.88
1933-1939       27      0.00371  0.00370  0.50   87214     323   87053  3490755  40.03
1933-1939       28      0.00380  0.00380  0.50   86891     330   86726  3403702  39.17
1933-1939       29      0.00391  0.00390  0.50   86561     338   86392  3316976  38.32
1933-1939       30      0.00403  0.00403  0.50   86223     347   86050  3230584  37.47
1933-1939       31      0.00419  0.00418  0.50   85876     359   85696  3144534  36.62
1933-1939       32      0.00439  0.00438  0.50   85517     375   85329  3058838  35.77
1933-1939       33      0.00464  0.00463  0.50   85142     394   84945  2973508  34.92
1933-1939       34      0.00493  0.00492  0.50   84748     417   84540  2888563  34.08
1933-1939       35      0.00527  0.00525  0.50   84331     443   84110  2804024  33.25
1933-1939       36      0.00562  0.00560  0.50   83888     470   83653  2719914  32.42
1933-1939       37      0.00597  0.00595  0.50   83418     496   83170  2636261  31.60
1933-1939       38      0.00631  0.00629  0.50   82922     522   82661  2553091  30.79
1933-1939       39      0.00665  0.00663  0.50   82400     546   82127  2470430  29.98
1933-1939       40      0.00700  0.00698  0.50   81854     571   81568  2388303  29.18
1933-1939       41      0.00738  0.00736  0.50   81283     598   80984  2306735  28.38
1933-1939       42      0.00781  0.00778  0.50   80685     628   80371  2225751  27.59
1933-1939       43      0.00831  0.00828  0.50   80057     663   79726  2145380  26.80
1933-1939       44      0.00888  0.00884  0.50   79394     702   79043  2065655  26.02
1933-1939       45      0.00952  0.00948  0.50   78692     746   78319  1986611  25.25
1933-1939       46      0.01024  0.01018  0.50   77946     794   77550  1908292  24.48
1933-1939       47      0.01101  0.01095  0.50   77153     845   76730  1830742  23.73
1933-1939       48      0.01186  0.01179  0.50   76308     900   75858  1754012  22.99
1933-1939       49      0.01278  0.01270  0.50   75408     958   74929  1678155  22.25
1933-1939       50      0.01378  0.01369  0.50   74450    1019   73941  1603226  21.53
1933-1939       51      0.01481  0.01470  0.50   73431    1080   72891  1529285  20.83
1933-1939       52      0.01585  0.01573  0.50   72351    1138   71783  1456394  20.13
1933-1939       53      0.01690  0.01676  0.50   71214    1193   70617  1384611  19.44
1933-1939       54      0.01794  0.01778  0.50   70020    1245   69398  1313994  18.77
1933-1939       55      0.01898  0.01881  0.50   68775    1293   68129  1244597  18.10
1933-1939       56      0.02015  0.01995  0.50   67482    1346   66809  1176468  17.43
1933-1939       57      0.02149  0.02126  0.50   66136    1406   65433  1109659  16.78
1933-1939       58      0.02303  0.02277  0.50   64729    1474   63993  1044227  16.13
1933-1939       59      0.02481  0.02451  0.50   63256    1550   62480   980234  15.50
1933-1939       60      0.02683  0.02648  0.50   61705    1634   60888   917754  14.87
1933-1939       61      0.02901  0.02860  0.50   60072    1718   59213   856865  14.26
1933-1939       62      0.03133  0.03085  0.50   58354    1800   57454   797653  13.67
1933-1939       63      0.03381  0.03325  0.50   56553    1880   55613   740199  13.09
1933-1939       64      0.03649  0.03584  0.50   54673    1959   53693   684586  12.52
1933-1939       65      0.03941  0.03865  0.50   52714    2037   51695   630892  11.97
1933-1939       66      0.04254  0.04165  0.50   50676    2111   49621   579197  11.43
1933-1939       67      0.04592  0.04488  0.50   48566    2180   47476   529576  10.90
1933-1939       68      0.04958  0.04838  0.50   46386    2244   45264   482101  10.39
1933-1939       69      0.05356  0.05216  0.50   44141    2303   42990   436837   9.90
1933-1939       70      0.05791  0.05628  0.50   41839    2355   40662   393847   9.41
1933-1939       71      0.06278  0.06087  0.50   39484    2403   38283   353185   8.94
1933-1939       72      0.06826  0.06600  0.50   37081    2447   35857   314903   8.49
1933-1939       73      0.07440  0.07173  0.50   34633    2484   33391   279046   8.06
1933-1939       74      0.08127  0.07810  0.50   32149    2511   30894   245654   7.64
1933-1939       75      0.08729  0.08364  0.50   29638    2479   28399   214761   7.25
1933-1939       76      0.09512  0.09080  0.50   27159    2466   25926   186362   6.86
1933-1939       77      0.10347  0.09838  0.50   24693    2429   23478   160436   6.50
1933-1939       78      0.11246  0.10647  0.50   22264    2370   21079   136957   6.15
1933-1939       79      0.12190  0.11490  0.50   19893    2286   18750   115879   5.83
1933-1939       80      0.12960  0.12172  0.50   17608    2143   16536    97128   5.52
1933-1939       81      0.14019  0.13100  0.50   15465    2026   14452    80592   5.21
1933-1939       82      0.15213  0.14137  0.50   13439    1900   12489    66141   4.92
1933-1939       83      0.16533  0.15270  0.50   11539    1762   10658    53652   4.65
1933-1939       84      0.17943  0.16466  0.50    9777    1610    8972    42994   4.40
1933-1939       85      0.19409  0.17692  0.50    8167    1445    7444    34023   4.17
1933-1939       86      0.20946  0.18960  0.50    6722    1274    6085    26578   3.95
1933-1939       87      0.22564  0.20276  0.50    5447    1105    4895    20493   3.76
1933-1939       88      0.24219  0.21603  0.50    4343     938    3874    15598   3.59
1933-1939       89      0.25817  0.22866  0.50    3405     779    3015    11724   3.44
1933-1939       90      0.27221  0.23960  0.50    2626     629    2312     8709   3.32
1933-1939       91      0.28296  0.24789  0.50    1997     495    1749     6397   3.20
1933-1939       92      0.28942  0.25283  0.50    1502     380    1312     4648   3.09
1933-1939       93      0.29087  0.25394  0.50    1122     285     980     3336   2.97
1933-1939       94      0.29120  0.25419  0.50     837     213     731     2356   2.81
1933-1939       95      0.34767  0.29618  0.50     624     185     532     1625   2.60
1933-1939       96      0.36668  0.30987  0.50     439     136     371     1093   2.49
1933-1939       97      0.38611  0.32363  0.50     303      98     254      722   2.38
1933-1939       98      0.40591  0.33743  0.50     205      69     171      468   2.28
1933-1939       99      0.42602  0.35121  0.50     136      48     112      297   2.19
1933-1939      100      0.44638  0.36493  0.50      88      32      72      185   2.10
1933-1939      101      0.46693  0.37855  0.50      56      21      45      113   2.02
1933-1939      102      0.48758  0.39201  0.50      35      14      28       68   1.94
1933-1939      103      0.50828  0.40528  0.50      21       9      17       40   1.87
1933-1939      104      0.52895  0.41831  0.50      13       5      10       23   1.81
1933-1939      105      0.54952  0.43108  0.50       7       3       6       13   1.75
1933-1939      106      0.56992  0.44353  0.50       4       2       3        7   1.69
1933-1939      107      0.59009  0.45565  0.50       2       1       2        4   1.64
1933-1939      108      0.60996  0.46741  0.50       1       1       1        2   1.60
1933-1939      109      0.62947  0.47878  0.50       1       0       1        1   1.56
1933-1939      110+     0.64856  1.00000  1.54       0       0       1        1   1.54
1940-1949        0      0.04779  0.04599  0.18  100000    4599   96247  6310348  63.10
1940-1949        1      0.00398  0.00398  0.50   95401     379   95211  6214100  65.14
1940-1949        2      0.00215  0.00215  0.50   95021     204   94919  6118889  64.39
1940-1949        3      0.00159  0.00159  0.50   94817     151   94742  6023970  63.53
1940-1949        4      0.00128  0.00128  0.50   94666     121   94606  5929228  62.63
1940-1949        5      0.00115  0.00115  0.50   94545     109   94491  5834623  61.71
1940-1949        6      0.00107  0.00107  0.50   94437     101   94386  5740132  60.78
1940-1949        7      0.00102  0.00102  0.50   94335      96   94287  5645746  59.85
1940-1949        8      0.00097  0.00097  0.50   94239      91   94194  5551459  58.91
1940-1949        9      0.00093  0.00093  0.50   94148      87   94104  5457265  57.96
1940-1949       10      0.00087  0.00087  0.50   94061      82   94020  5363160  57.02
1940-1949       11      0.00089  0.00089  0.50   93979      83   93937  5269141  56.07
1940-1949       12      0.00094  0.00094  0.50   93895      88   93851  5175204  55.12
1940-1949       13      0.00103  0.00103  0.50   93807      97   93759  5081352  54.17
1940-1949       14      0.00117  0.00117  0.50   93710     109   93656  4987593  53.22
1940-1949       15      0.00135  0.00135  0.50   93601     126   93538  4893938  52.29
1940-1949       16      0.00153  0.00153  0.50   93475     143   93403  4800400  51.36
1940-1949       17      0.00171  0.00171  0.50   93331     160   93251  4706997  50.43
1940-1949       18      0.00214  0.00214  0.50   93172     199   93072  4613746  49.52
1940-1949       19      0.00240  0.00240  0.50   92972     223   92861  4520674  48.62
1940-1949       20      0.00259  0.00259  0.50   92749     240   92629  4427813  47.74
1940-1949       21      0.00271  0.00271  0.50   92509     251   92383  4335184  46.86
1940-1949       22      0.00278  0.00277  0.50   92258     256   92130  4242801  45.99
1940-1949       23      0.00278  0.00278  0.50   92002     256   91874  4150670  45.11
1940-1949       24      0.00274  0.00274  0.50   91747     251   91621  4058796  44.24
1940-1949       25      0.00265  0.00265  0.50   91496     242   91374  3967175  43.36
1940-1949       26      0.00261  0.00261  0.50   91253     238   91134  3875801  42.47
1940-1949       27      0.00262  0.00261  0.50   91015     238   90896  3784667  41.58
1940-1949       28      0.00266  0.00265  0.50   90777     241   90657  3693771  40.69
1940-1949       29      0.00273  0.00273  0.50   90536     247   90413  3603114  39.80
1940-1949       30      0.00286  0.00285  0.50   90289     258   90160  3512701  38.91
1940-1949       31      0.00299  0.00299  0.50   90031     269   89897  3422541  38.01
1940-1949       32      0.00314  0.00314  0.50   89763     282   89622  3332644  37.13
1940-1949       33      0.00332  0.00331  0.50   89481     297   89333  3243022  36.24
1940-1949       34      0.00353  0.00352  0.50   89184     314   89027  3153690  35.36
1940-1949       35      0.00374  0.00374  0.50   88870     332   88704  3064662  34.48
1940-1949       36      0.00399  0.00398  0.50   88538     352   88362  2975958  33.61
1940-1949       37      0.00426  0.00425  0.50   88186     375   87998  2887596  32.74
1940-1949       38      0.00457  0.00456  0.50   87811     400   87611  2799598  31.88
1940-1949       39      0.00490  0.00489  0.50   87410     428   87197  2711987  31.03
1940-1949       40      0.00528  0.00527  0.50   86983     458   86754  2624790  30.18
1940-1949       41      0.00571  0.00569  0.50   86525     492   86279  2538037  29.33
1940-1949       42      0.00618  0.00616  0.50   86032     530   85767  2451758  28.50
1940-1949       43      0.00669  0.00667  0.50   85503     570   85218  2365991  27.67
1940-1949       44      0.00724  0.00722  0.50   84933     613   84626  2280773  26.85
1940-1949       45      0.00783  0.00780  0.50   84319     658   83991  2196147  26.05
1940-1949       46      0.00850  0.00846  0.50   83662     708   83308  2112156  25.25
1940-1949       47      0.00924  0.00920  0.50   82954     763   82572  2028849  24.46
1940-1949       48      0.01006  0.01001  0.50   82191     823   81779  1946277  23.68
1940-1949       49      0.01099  0.01093  0.50   81368     889   80923  1864498  22.91
1940-1949       50      0.01206  0.01199  0.50   80479     965   79996  1783575  22.16
1940-1949       51      0.01320  0.01311  0.50   79514    1043   78993  1703578  21.42
1940-1949       52      0.01437  0.01427  0.50   78471    1120   77912  1624586  20.70
1940-1949       53      0.01559  0.01547  0.50   77352    1197   76753  1546674  20.00
1940-1949       54      0.01688  0.01674  0.50   76155    1275   75518  1469921  19.30
1940-1949       55      0.01826  0.01810  0.50   74880    1355   74203  1394403  18.62
1940-1949       56      0.01966  0.01947  0.50   73525    1432   72809  1320201  17.96
1940-1949       57      0.02117  0.02095  0.50   72093    1510   71338  1247391  17.30
1940-1949       58      0.02280  0.02254  0.50   70583    1591   69788  1176053  16.66
1940-1949       59      0.02454  0.02424  0.50   68992    1673   68156  1106266  16.03
1940-1949       60      0.02620  0.02586  0.50   67320    1741   66449  1038110  15.42
1940-1949       61      0.02788  0.02750  0.50   65578    1803   64677   971661  14.82
1940-1949       62      0.02971  0.02928  0.50   63775    1867   62841   906984  14.22
1940-1949       63      0.03171  0.03122  0.50   61908    1933   60941   844143  13.64
1940-1949       64      0.03390  0.03333  0.50   59975    1999   58975   783201  13.06
1940-1949       65      0.03633  0.03568  0.50   57976    2069   56942   724226  12.49
1940-1949       66      0.03914  0.03839  0.50   55907    2146   54834   667285  11.94
1940-1949       67      0.04215  0.04128  0.50   53761    2219   52651   612450  11.39
1940-1949       68      0.04540  0.04439  0.50   51542    2288   50398   559799  10.86
1940-1949       69      0.04889  0.04772  0.50   49254    2351   48078   509401  10.34
1940-1949       70      0.05308  0.05171  0.50   46903    2425   45690   461323   9.84
1940-1949       71      0.05795  0.05631  0.50   44478    2505   43225   415633   9.34
1940-1949       72      0.06318  0.06124  0.50   41973    2571   40688   372407   8.87
1940-1949       73      0.06886  0.06656  0.50   39402    2623   38091   331719   8.42
1940-1949       74      0.07514  0.07242  0.50   36780    2663   35448   293629   7.98
1940-1949       75      0.08208  0.07884  0.50   34116    2690   32771   258181   7.57
1940-1949       76      0.08869  0.08492  0.50   31426    2669   30092   225409   7.17
1940-1949       77      0.09598  0.09159  0.50   28758    2634   27441   195317   6.79
1940-1949       78      0.10401  0.09887  0.50   26124    2583   24832   167877   6.43
1940-1949       79      0.11287  0.10684  0.50   23541    2515   22283   143044   6.08
1940-1949       80      0.12063  0.11376  0.50   21026    2392   19830   120761   5.74
1940-1949       81      0.13138  0.12328  0.50   18634    2297   17485   100931   5.42
1940-1949       82      0.14313  0.13357  0.50   16337    2182   15246    83446   5.11
1940-1949       83      0.15602  0.14473  0.50   14155    2049   13130    68200   4.82
1940-1949       84      0.16960  0.15634  0.50   12106    1893   11160    55070   4.55
1940-1949       85      0.18318  0.16781  0.50   10213    1714    9356    43910   4.30
1940-1949       86      0.19752  0.17977  0.50    8499    1528    7735    34554   4.07
1940-1949       87      0.21365  0.19303  0.50    6971    1346    6299    26818   3.85
1940-1949       88      0.23184  0.20776  0.50    5626    1169    5041    20520   3.65
1940-1949       89      0.25099  0.22300  0.50    4457     994    3960    15478   3.47
1940-1949       90      0.26811  0.23642  0.50    3463     819    3054    11518   3.33
1940-1949       91      0.28108  0.24645  0.50    2644     652    2318     8465   3.20
1940-1949       92      0.28916  0.25263  0.50    1993     503    1741     6146   3.08
1940-1949       93      0.29246  0.25515  0.50    1489     380    1299     4405   2.96
1940-1949       94      0.29573  0.25764  0.50    1109     286     966     3106   2.80
1940-1949       95      0.34633  0.29521  0.50     823     243     702     2139   2.60
1940-1949       96      0.36653  0.30976  0.50     580     180     490     1438   2.48
1940-1949       97      0.38721  0.32440  0.50     401     130     336      947   2.36
1940-1949       98      0.40830  0.33908  0.50     271      92     225      611   2.26
1940-1949       99      0.42974  0.35374  0.50     179      63     147      387   2.16
1940-1949      100      0.45145  0.36831  0.50     116      43      94      239   2.07
1940-1949      101      0.47334  0.38275  0.50      73      28      59      145   1.99
1940-1949      102      0.49534  0.39701  0.50      45      18      36       86   1.91
1940-1949      103      0.51735  0.41103  0.50      27      11      22       50   1.84
1940-1949      104      0.53929  0.42476  0.50      16       7      13       28   1.77
1940-1949      105      0.56109  0.43816  0.50       9       4       7       16   1.71
1940-1949      106      0.58265  0.45120  0.50       5       2       4        9   1.66
1940-1949      107      0.60390  0.46384  0.50       3       1       2        5   1.61
1940-1949      108      0.62476  0.47605  0.50       2       1       1        2   1.56
1940-1949      109      0.64518  0.48781  0.50       1       0       1        1   1.53
1940-1949      110+     0.66507  1.00000  1.50       0       0       1        1   1.50
1950-1959        0      0.03333  0.03240  0.14  100000    3240   97204  6618696  66.19
1950-1959        1      0.00215  0.00215  0.50   96760     208   96656  6521492  67.40
1950-1959        2      0.00130  0.00130  0.50   96553     126   96490  6424835  66.54
1950-1959        3      0.00098  0.00098  0.50   96427      94   96380  6328346  65.63
1950-1959        4      0.00080  0.00080  0.50   96333      77   96294  6231966  64.69
1950-1959        5      0.00072  0.00072  0.50   96256      69   96221  6135672  63.74
1950-1959        6      0.00066  0.00066  0.50   96187      63   96155  6039450  62.79
1950-1959        7      0.00060  0.00060  0.50   96123      58   96095  5943295  61.83
1950-1959        8      0.00056  0.00056  0.50   96066      54   96039  5847201  60.87
1950-1959        9      0.00054  0.00054  0.50   96012      51   95986  5751162  59.90
1950-1959       10      0.00051  0.00051  0.50   95960      49   95936  5655176  58.93
1950-1959       11      0.00053  0.00053  0.50   95911      51   95885  5559240  57.96
1950-1959       12      0.00059  0.00059  0.50   95860      57   95832  5463355  56.99
1950-1959       13      0.00069  0.00069  0.50   95803      66   95771  5367523  56.03
1950-1959       14      0.00082  0.00081  0.50   95738      78   95699  5271753  55.06
1950-1959       15      0.00102  0.00102  0.50   95660      97   95611  5176054  54.11
1950-1959       16      0.00122  0.00122  0.50   95562     117   95504  5080443  53.16
1950-1959       17      0.00140  0.00139  0.50   95445     133   95379  4984940  52.23
1950-1959       18      0.00162  0.00161  0.50   95312     154   95235  4889561  51.30
1950-1959       19      0.00176  0.00176  0.50   95158     168   95075  4794325  50.38
1950-1959       20      0.00191  0.00191  0.50   94991     181   94900  4699251  49.47
1950-1959       21      0.00200  0.00200  0.50   94810     189   94715  4604350  48.56
1950-1959       22      0.00205  0.00205  0.50   94621     194   94524  4509635  47.66
1950-1959       23      0.00198  0.00198  0.50   94427     187   94333  4415112  46.76
1950-1959       24      0.00194  0.00194  0.50   94240     183   94148  4320778  45.85
1950-1959       25      0.00190  0.00190  0.50   94057     179   93967  4226630  44.94
1950-1959       26      0.00182  0.00182  0.50   93878     171   93793  4132663  44.02
1950-1959       27      0.00178  0.00178  0.50   93707     167   93624  4038870  43.10
1950-1959       28      0.00187  0.00187  0.50   93541     175   93453  3945246  42.18
1950-1959       29      0.00192  0.00191  0.50   93366     179   93277  3851793  41.25
1950-1959       30      0.00196  0.00196  0.50   93187     183   93096  3758516  40.33
1950-1959       31      0.00202  0.00202  0.50   93005     188   92911  3665420  39.41
1950-1959       32      0.00217  0.00217  0.50   92817     201   92716  3572510  38.49
1950-1959       33      0.00225  0.00225  0.50   92616     209   92511  3479793  37.57
1950-1959       34      0.00237  0.00237  0.50   92407     219   92297  3387282  36.66
1950-1959       35      0.00255  0.00255  0.50   92188     235   92070  3294985  35.74
1950-1959       36      0.00273  0.00273  0.50   91953     251   91827  3202915  34.83
1950-1959       37      0.00294  0.00294  0.50   91702     269   91567  3111087  33.93
1950-1959       38      0.00329  0.00328  0.50   91432     300   91283  3019520  33.02
1950-1959       39      0.00363  0.00362  0.50   91133     330   90968  2928238  32.13
1950-1959       40      0.00402  0.00401  0.50   90803     364   90621  2837270  31.25
1950-1959       41      0.00438  0.00437  0.50   90439     395   90241  2746649  30.37
1950-1959       42      0.00489  0.00488  0.50   90044     439   89824  2656408  29.50
1950-1959       43      0.00536  0.00534  0.50   89604     479   89365  2566584  28.64
1950-1959       44      0.00586  0.00585  0.50   89126     521   88865  2477219  27.79
1950-1959       45      0.00642  0.00640  0.50   88605     567   88321  2388353  26.96
1950-1959       46      0.00706  0.00704  0.50   88038     620   87728  2300032  26.13
1950-1959       47      0.00777  0.00774  0.50   87418     677   87080  2212304  25.31
1950-1959       48      0.00846  0.00843  0.50   86742     731   86376  2125223  24.50
1950-1959       49      0.00947  0.00943  0.50   86011     811   85605  2038847  23.70
1950-1959       50      0.01050  0.01044  0.50   85200     890   84755  1953242  22.93
1950-1959       51      0.01149  0.01143  0.50   84310     963   83828  1868487  22.16
1950-1959       52      0.01260  0.01252  0.50   83347    1044   82825  1784659  21.41
1950-1959       53      0.01385  0.01375  0.50   82303    1132   81737  1701834  20.68
1950-1959       54      0.01510  0.01499  0.50   81171    1217   80563  1620097  19.96
1950-1959       55      0.01629  0.01616  0.50   79955    1292   79309  1539535  19.26
1950-1959       56      0.01765  0.01750  0.50   78663    1376   77975  1460226  18.56
1950-1959       57      0.01897  0.01879  0.50   77286    1452   76560  1382251  17.88
1950-1959       58      0.02037  0.02016  0.50   75834    1529   75069  1305691  17.22
1950-1959       59      0.02211  0.02187  0.50   74305    1625   73492  1230622  16.56
1950-1959       60      0.02411  0.02382  0.50   72680    1731   71814  1157129  15.92
1950-1959       61      0.02601  0.02567  0.50   70949    1821   70038  1085315  15.30
1950-1959       62      0.02813  0.02774  0.50   69127    1918   68168  1015277  14.69
1950-1959       63      0.03061  0.03015  0.50   67210    2026   66197   947108  14.09
1950-1959       64      0.03321  0.03267  0.50   65184    2130   64119   880912  13.51
1950-1959       65      0.03596  0.03532  0.50   63054    2227   61940   816793  12.95
1950-1959       66      0.03840  0.03768  0.50   60827    2292   59681   754853  12.41
1950-1959       67      0.04104  0.04021  0.50   58535    2354   57358   695172  11.88
1950-1959       68      0.04380  0.04286  0.50   56181    2408   54977   637814  11.35
1950-1959       69      0.04640  0.04535  0.50   53773    2438   52554   582837  10.84
1950-1959       70      0.05034  0.04911  0.50   51334    2521   50074   530284  10.33
1950-1959       71      0.05420  0.05277  0.50   48814    2576   47526   480209   9.84
1950-1959       72      0.05883  0.05715  0.50   46238    2642   44917   432684   9.36
1950-1959       73      0.06311  0.06118  0.50   43595    2667   42262   387767   8.89
1950-1959       74      0.06915  0.06684  0.50   40928    2736   39560   345506   8.44
1950-1959       75      0.07480  0.07210  0.50   38192    2754   36816   305945   8.01
1950-1959       76      0.08075  0.07762  0.50   35439    2751   34064   269130   7.59
1950-1959       77      0.08665  0.08305  0.50   32688    2715   31331   235066   7.19
1950-1959       78      0.09420  0.08996  0.50   29973    2696   28625   203735   6.80
1950-1959       79      0.10204  0.09708  0.50   27277    2648   25953   175110   6.42
1950-1959       80      0.11187  0.10595  0.50   24629    2609   23324   149157   6.06
1950-1959       81      0.12072  0.11384  0.50   22020    2507   20766   125833   5.71
1950-1959       82      0.13184  0.12369  0.50   19513    2413   18306   105067   5.38
1950-1959       83      0.14393  0.13427  0.50   17099    2296   15951    86761   5.07
1950-1959       84      0.15714  0.14570  0.50   14803    2157   13725    70810   4.78
1950-1959       85      0.17071  0.15728  0.50   12647    1989   11652    57085   4.51
1950-1959       86      0.18649  0.17059  0.50   10657    1818    9748    45433   4.26
1950-1959       87      0.20131  0.18290  0.50    8839    1617    8031    35684   4.04
1950-1959       88      0.21100  0.19087  0.50    7223    1379    6533    27653   3.83
1950-1959       89      0.23001  0.20629  0.50    5844    1206    5241    21120   3.61
1950-1959       90      0.24960  0.22191  0.50    4639    1029    4124    15878   3.42
1950-1959       91      0.25762  0.22822  0.50    3609     824    3197    11754   3.26
1950-1959       92      0.28129  0.24660  0.50    2786     687    2442     8557   3.07
1950-1959       93      0.30276  0.26295  0.50    2099     552    1823     6115   2.91
1950-1959       94      0.31889  0.27503  0.50    1547     425    1334     4292   2.77
1950-1959       95      0.33832  0.28937  0.50    1121     324     959     2958   2.64
1950-1959       96      0.35934  0.30461  0.50     797     243     676     1999   2.51
1950-1959       97      0.38092  0.31998  0.50     554     177     465     1324   2.39
1950-1959       98      0.40298  0.33540  0.50     377     126     314      858   2.28
1950-1959       99      0.42544  0.35081  0.50     250      88     207      544   2.17
1950-1959      100      0.44821  0.36615  0.50     163      60     133      338   2.08
1950-1959      101      0.47120  0.38135  0.50     103      39      83      205   1.99
1950-1959      102      0.49431  0.39635  0.50      64      25      51      122   1.91
1950-1959      103      0.51745  0.41109  0.50      38      16      31       71   1.83
1950-1959      104      0.54051  0.42551  0.50      23      10      18       40   1.76
1950-1959      105      0.56340  0.43957  0.50      13       6      10       22   1.70
1950-1959      106      0.58603  0.45322  0.50       7       3       6       12   1.64
1950-1959      107      0.60829  0.46643  0.50       4       2       3        6   1.59
1950-1959      108      0.63012  0.47915  0.50       2       1       2        3   1.55
1950-1959      109      0.65142  0.49138  0.50       1       1       1        2   1.51
1950-1959      110+     0.67214  1.00000  1.49       1       1       1        1   1.49
1960-1969        0      0.02788  0.02721  0.12  100000    2721   97603  6675569  66.76
1960-1969        1      0.00166  0.00166  0.50   97279     162   97198  6577966  67.62
1960-1969        2      0.00108  0.00108  0.50   97117     105   97065  6480768  66.73
1960-1969        3      0.00083  0.00083  0.50   97012      81   96972  6383703  65.80
1960-1969        4      0.00069  0.00069  0.50   96932      67   96898  6286731  64.86
1960-1969        5      0.00061  0.00061  0.50   96865      59   96836  6189833  63.90
1960-1969        6      0.00056  0.00056  0.50   96806      54   96779  6092997  62.94
1960-1969        7      0.00050  0.00050  0.50   96752      49   96727  5996218  61.98
1960-1969        8      0.00047  0.00047  0.50   96703      46   96680  5899490  61.01
1960-1969        9      0.00045  0.00045  0.50   96657      43   96636  5802810  60.03
1960-1969       10      0.00042  0.00042  0.50   96614      41   96594  5706174  59.06
1960-1969       11      0.00045  0.00045  0.50   96573      43   96552  5609580  58.09
1960-1969       12      0.00048  0.00048  0.50   96530      47   96507  5513029  57.11
1960-1969       13      0.00058  0.00058  0.50   96484      56   96456  5416522  56.14
1960-1969       14      0.00068  0.00068  0.50   96428      66   96395  5320066  55.17
1960-1969       15      0.00086  0.00086  0.50   96362      82   96321  5223670  54.21
1960-1969       16      0.00118  0.00117  0.50   96280     113   96223  5127349  53.25
1960-1969       17      0.00143  0.00143  0.50   96167     137   96098  5031126  52.32
1960-1969       18      0.00173  0.00173  0.50   96029     166   95946  4935028  51.39
1960-1969       19      0.00189  0.00188  0.50   95863     181   95773  4839082  50.48
1960-1969       20      0.00188  0.00187  0.50   95682     179   95593  4743309  49.57
1960-1969       21      0.00203  0.00203  0.50   95503     194   95406  4647717  48.67
1960-1969       22      0.00202  0.00202  0.50   95309     192   95213  4552310  47.76
1960-1969       23      0.00197  0.00197  0.50   95117     187   95024  4457097  46.86
1960-1969       24      0.00184  0.00184  0.50   94930     174   94843  4362073  45.95
1960-1969       25      0.00185  0.00185  0.50   94756     175   94668  4267231  45.03
1960-1969       26      0.00184  0.00183  0.50   94581     173   94494  4172562  44.12
1960-1969       27      0.00183  0.00183  0.50   94407     173   94321  4078068  43.20
1960-1969       28      0.00187  0.00186  0.50   94235     176   94147  3983747  42.27
1960-1969       29      0.00187  0.00187  0.50   94059     176   93971  3889600  41.35
1960-1969       30      0.00190  0.00190  0.50   93883     178   93794  3795629  40.43
1960-1969       31      0.00199  0.00199  0.50   93705     186   93612  3701835  39.51
1960-1969       32      0.00210  0.00210  0.50   93518     196   93420  3608223  38.58
1960-1969       33      0.00224  0.00224  0.50   93322     209   93218  3514803  37.66
1960-1969       34      0.00235  0.00234  0.50   93113     218   93004  3421585  36.75
1960-1969       35      0.00256  0.00256  0.50   92895     238   92776  3328581  35.83
1960-1969       36      0.00272  0.00272  0.50   92657     252   92531  3235805  34.92
1960-1969       37      0.00295  0.00295  0.50   92405     273   92269  3143273  34.02
1960-1969       38      0.00328  0.00327  0.50   92133     301   91982  3051004  33.12
1960-1969       39      0.00354  0.00354  0.50   91831     325   91669  2959022  32.22
1960-1969       40      0.00389  0.00389  0.50   91507     356   91329  2867353  31.33
1960-1969       41      0.00417  0.00417  0.50   91151     380   90961  2776025  30.46
1960-1969       42      0.00473  0.00471  0.50   90771     428   90557  2685063  29.58
1960-1969       43      0.00509  0.00508  0.50   90343     459   90114  2594506  28.72
1960-1969       44      0.00560  0.00559  0.50   89884     502   89633  2504392  27.86
1960-1969       45      0.00623  0.00621  0.50   89382     555   89104  2414759  27.02
1960-1969       46      0.00674  0.00671  0.50   88827     596   88528  2325655  26.18
1960-1969       47      0.00755  0.00753  0.50   88230     664   87898  2237127  25.36
1960-1969       48      0.00826  0.00822  0.50   87566     720   87206  2149229  24.54
1960-1969       49      0.00911  0.00906  0.50   86846     787   86452  2062023  23.74
1960-1969       50      0.01022  0.01017  0.50   86059     875   85621  1975570  22.96
1960-1969       51      0.01099  0.01093  0.50   85183     931   84718  1889949  22.19
1960-1969       52      0.01233  0.01225  0.50   84252    1032   83736  1805231  21.43
1960-1969       53      0.01327  0.01318  0.50   83220    1097   82671  1721496  20.69
1960-1969       54      0.01444  0.01434  0.50   82122    1178   81534  1638825  19.96
1960-1969       55      0.01552  0.01540  0.50   80945    1246   80322  1557291  19.24
1960-1969       56      0.01673  0.01659  0.50   79698    1322   79037  1476969  18.53
1960-1969       57      0.01822  0.01805  0.50   78376    1415   77669  1397932  17.84
1960-1969       58      0.01999  0.01980  0.50   76961    1524   76200  1320263  17.15
1960-1969       59      0.02206  0.02182  0.50   75438    1646   74615  1244064  16.49
1960-1969       60      0.02431  0.02401  0.50   73792    1772   72906  1169449  15.85
1960-1969       61      0.02604  0.02571  0.50   72020    1852   71094  1096543  15.23
1960-1969       62      0.02937  0.02894  0.50   70168    2031   69153  1025448  14.61
1960-1969       63      0.03108  0.03061  0.50   68138    2086   67095   956295  14.03
1960-1969       64      0.03346  0.03291  0.50   66052    2174   64965   889201  13.46
1960-1969       65      0.03717  0.03649  0.50   63878    2331   62713   824235  12.90
1960-1969       66      0.03812  0.03741  0.50   61548    2302   60396   761522  12.37
1960-1969       67      0.04190  0.04104  0.50   59245    2431   58030   701126  11.83
1960-1969       68      0.04447  0.04351  0.50   56814    2472   55578   643096  11.32
1960-1969       69      0.04679  0.04572  0.50   54342    2484   53100   587518  10.81
1960-1969       70      0.05121  0.04993  0.50   51858    2589   50563   534419  10.31
1960-1969       71      0.05332  0.05193  0.50   49268    2559   47989   483855   9.82
1960-1969       72      0.06049  0.05871  0.50   46710    2742   45339   435866   9.33
1960-1969       73      0.06384  0.06186  0.50   43967    2720   42607   390528   8.88
1960-1969       74      0.06923  0.06692  0.50   41247    2760   39867   347921   8.43
1960-1969       75      0.07564  0.07288  0.50   38487    2805   37085   308053   8.00
1960-1969       76      0.08053  0.07741  0.50   35682    2762   34301   270968   7.59
1960-1969       77      0.08631  0.08274  0.50   32920    2724   31558   236667   7.19
1960-1969       78      0.09487  0.09058  0.50   30196    2735   28829   205109   6.79
1960-1969       79      0.10276  0.09774  0.50   27461    2684   26119   176280   6.42
1960-1969       80      0.11329  0.10722  0.50   24777    2657   23449   150161   6.06
1960-1969       81      0.11747  0.11095  0.50   22121    2454   20894   126712   5.73
1960-1969       82      0.13143  0.12333  0.50   19666    2425   18454   105818   5.38
1960-1969       83      0.14407  0.13439  0.50   17241    2317   16082    87364   5.07
1960-1969       84      0.15782  0.14627  0.50   14924    2183   13832    71282   4.78
1960-1969       85      0.17042  0.15704  0.50   12741    2001   11740    57450   4.51
1960-1969       86      0.18415  0.16863  0.50   10740    1811    9835    45709   4.26
1960-1969       87      0.19974  0.18161  0.50    8929    1622    8118    35875   4.02
1960-1969       88      0.21249  0.19209  0.50    7307    1404    6606    27756   3.80
1960-1969       89      0.23174  0.20768  0.50    5904    1226    5291    21151   3.58
1960-1969       90      0.25110  0.22309  0.50    4678    1044    4156    15860   3.39
1960-1969       91      0.26060  0.23056  0.50    3634     838    3215    11704   3.22
1960-1969       92      0.28488  0.24936  0.50    2796     697    2448     8489   3.04
1960-1969       93      0.30646  0.26574  0.50    2099     558    1820     6041   2.88
1960-1969       94      0.32335  0.27835  0.50    1541     429    1327     4221   2.74
1960-1969       95      0.34307  0.29284  0.50    1112     326     949     2895   2.60
1960-1969       96      0.36470  0.30845  0.50     787     243     665     1945   2.47
1960-1969       97      0.38688  0.32417  0.50     544     176     456     1280   2.35
1960-1969       98      0.40954  0.33993  0.50     368     125     305      824   2.24
1960-1969       99      0.43260  0.35567  0.50     243      86     199      519   2.14
1960-1969      100      0.45594  0.37130  0.50     156      58     127      320   2.05
1960-1969      101      0.47949  0.38676  0.50      98      38      79      192   1.96
1960-1969      102      0.50313  0.40200  0.50      60      24      48      113   1.88
1960-1969      103      0.52675  0.41694  0.50      36      15      29       65   1.80
1960-1969      104      0.55025  0.43153  0.50      21       9      16       36   1.74
1960-1969      105      0.57353  0.44572  0.50      12       5       9       20   1.67
1960-1969      106      0.59649  0.45946  0.50       7       3       5       11   1.62
1960-1969      107      0.61904  0.47272  0.50       4       2       3        6   1.57
1960-1969      108      0.64108  0.48547  0.50       2       1       1        3   1.52
1960-1969      109      0.66254  0.49768  0.50       1       0       1        1   1.49
1960-1969      110+     0.68335  1.00000  1.46       0       0       1        1   1.46
1970-1979        0      0.01861  0.01831  0.11  100000    1831   98374  6845140  68.45
1970-1979        1      0.00120  0.00120  0.50   98169     118   98110  6746766  68.73
1970-1979        2      0.00085  0.00085  0.50   98051      84   98009  6648656  67.81
1970-1979        3      0.00069  0.00069  0.50   97967      67   97934  6550647  66.87
1970-1979        4      0.00056  0.00056  0.50   97900      55   97873  6452713  65.91
1970-1979        5      0.00052  0.00052  0.50   97845      51   97820  6354840  64.95
1970-1979        6      0.00047  0.00047  0.50   97795      46   97772  6257020  63.98
1970-1979        7      0.00042  0.00042  0.50   97749      42   97728  6159249  63.01
1970-1979        8      0.00040  0.00040  0.50   97708      39   97688  6061520  62.04
1970-1979        9      0.00038  0.00038  0.50   97669      37   97650  5963832  61.06
1970-1979       10      0.00036  0.00036  0.50   97632      36   97614  5866182  60.08
1970-1979       11      0.00038  0.00038  0.50   97596      37   97578  5768568  59.11
1970-1979       12      0.00042  0.00042  0.50   97559      41   97539  5670991  58.13
1970-1979       13      0.00051  0.00051  0.50   97518      50   97493  5573452  57.15
1970-1979       14      0.00065  0.00065  0.50   97468      63   97437  5475959  56.18
1970-1979       15      0.00085  0.00085  0.50   97405      83   97364  5378522  55.22
1970-1979       16      0.00121  0.00121  0.50   97322     118   97263  5281159  54.26
1970-1979       17      0.00154  0.00154  0.50   97204     149   97129  5183896  53.33
1970-1979       18      0.00191  0.00191  0.50   97055     185   96962  5086766  52.41
1970-1979       19      0.00200  0.00200  0.50   96870     194   96773  4989804  51.51
1970-1979       20      0.00201  0.00201  0.50   96676     194   96579  4893031  50.61
1970-1979       21      0.00214  0.00214  0.50   96482     206   96379  4796453  49.71
1970-1979       22      0.00215  0.00215  0.50   96275     207   96172  4700074  48.82
1970-1979       23      0.00210  0.00210  0.50   96069     201   95968  4603902  47.92
1970-1979       24      0.00200  0.00200  0.50   95868     192   95772  4507934  47.02
1970-1979       25      0.00199  0.00199  0.50   95676     190   95581  4412162  46.12
1970-1979       26      0.00194  0.00193  0.50   95485     185   95393  4316581  45.21
1970-1979       27      0.00193  0.00193  0.50   95301     184   95209  4221188  44.29
1970-1979       28      0.00194  0.00194  0.50   95117     185   95025  4125979  43.38
1970-1979       29      0.00190  0.00190  0.50   94933     180   94843  4030954  42.46
1970-1979       30      0.00189  0.00189  0.50   94752     179   94663  3936112  41.54
1970-1979       31      0.00197  0.00197  0.50   94574     186   94481  3841449  40.62
1970-1979       32      0.00206  0.00206  0.50   94388     194   94291  3746968  39.70
1970-1979       33      0.00217  0.00217  0.50   94193     205   94091  3652677  38.78
1970-1979       34      0.00223  0.00223  0.50   93989     209   93884  3558586  37.86
1970-1979       35      0.00239  0.00239  0.50   93779     224   93667  3464702  36.95
1970-1979       36      0.00258  0.00258  0.50   93555     241   93435  3371035  36.03
1970-1979       37      0.00276  0.00276  0.50   93314     258   93185  3277600  35.12
1970-1979       38      0.00303  0.00302  0.50   93056     281   92916  3184415  34.22
1970-1979       39      0.00324  0.00323  0.50   92775     300   92625  3091499  33.32
1970-1979       40      0.00348  0.00347  0.50   92475     321   92315  2998874  32.43
1970-1979       41      0.00382  0.00381  0.50   92154     351   91979  2906560  31.54
1970-1979       42      0.00430  0.00429  0.50   91803     394   91607  2814581  30.66
1970-1979       43      0.00466  0.00465  0.50   91410     425   91197  2722974  29.79
1970-1979       44      0.00508  0.00506  0.50   90985     461   90754  2631777  28.93
1970-1979       45      0.00568  0.00566  0.50   90524     513   90268  2541023  28.07
1970-1979       46      0.00620  0.00618  0.50   90011     557   89733  2450755  27.23
1970-1979       47      0.00678  0.00675  0.50   89455     604   89153  2361022  26.39
1970-1979       48      0.00749  0.00746  0.50   88851     663   88519  2271869  25.57
1970-1979       49      0.00811  0.00807  0.50   88188     712   87832  2183350  24.76
1970-1979       50      0.00907  0.00903  0.50   87476     790   87081  2095518  23.96
1970-1979       51      0.00966  0.00961  0.50   86686     833   86269  2008437  23.17
1970-1979       52      0.01062  0.01056  0.50   85852     907   85399  1922168  22.39
1970-1979       53      0.01141  0.01135  0.50   84945     964   84463  1836769  21.62
1970-1979       54      0.01261  0.01254  0.50   83981    1053   83455  1752305  20.87
1970-1979       55      0.01378  0.01369  0.50   82929    1135   82361  1668850  20.12
1970-1979       56      0.01498  0.01487  0.50   81794    1216   81186  1586489  19.40
1970-1979       57      0.01652  0.01638  0.50   80578    1320   79918  1505303  18.68
1970-1979       58      0.01802  0.01786  0.50   79257    1415   78550  1425386  17.98
1970-1979       59      0.01947  0.01929  0.50   77842    1501   77092  1346836  17.30
1970-1979       60      0.02206  0.02182  0.50   76341    1666   75508  1269744  16.63
1970-1979       61      0.02299  0.02273  0.50   74675    1698   73827  1194236  15.99
1970-1979       62      0.02556  0.02524  0.50   72978    1842   72057  1120410  15.35
1970-1979       63      0.02738  0.02701  0.50   71136    1922   70175  1048353  14.74
1970-1979       64      0.02946  0.02904  0.50   69214    2010   68209   978178  14.13
1970-1979       65      0.03234  0.03182  0.50   67204    2139   66135   909969  13.54
1970-1979       66      0.03407  0.03350  0.50   65066    2179   63976   843833  12.97
1970-1979       67      0.03718  0.03650  0.50   62886    2296   61739   779857  12.40
1970-1979       68      0.03983  0.03905  0.50   60591    2366   59408   718119  11.85
1970-1979       69      0.04329  0.04237  0.50   58225    2467   56991   658711  11.31
1970-1979       70      0.04920  0.04802  0.50   55758    2678   54419   601720  10.79
1970-1979       71      0.05054  0.04930  0.50   53080    2617   51772   547301  10.31
1970-1979       72      0.05679  0.05522  0.50   50463    2787   49070   495529   9.82
1970-1979       73      0.05975  0.05802  0.50   47677    2766   46294   446459   9.36
1970-1979       74      0.06540  0.06333  0.50   44911    2844   43489   400166   8.91
1970-1979       75      0.07155  0.06908  0.50   42067    2906   40614   356677   8.48
1970-1979       76      0.07551  0.07276  0.50   39161    2849   37736   316063   8.07
1970-1979       77      0.08097  0.07782  0.50   36311    2826   34898   278327   7.67
1970-1979       78      0.08470  0.08126  0.50   33486    2721   32125   243429   7.27
1970-1979       79      0.09266  0.08856  0.50   30765    2725   29402   211304   6.87
1970-1979       80      0.10342  0.09834  0.50   28040    2757   26661   181901   6.49
1970-1979       81      0.11010  0.10436  0.50   25283    2638   23964   155240   6.14
1970-1979       82      0.12038  0.11355  0.50   22644    2571   21359   131276   5.80
1970-1979       83      0.13098  0.12293  0.50   20073    2468   18839   109918   5.48
1970-1979       84      0.14255  0.13306  0.50   17606    2343   16434    91078   5.17
1970-1979       85      0.15305  0.14217  0.50   15263    2170   14178    74644   4.89
1970-1979       86      0.16645  0.15366  0.50   13093    2012   12087    60466   4.62
1970-1979       87      0.17889  0.16420  0.50   11081    1820   10171    48379   4.37
1970-1979       88      0.19170  0.17494  0.50    9261    1620    8451    38208   4.13
1970-1979       89      0.20813  0.18851  0.50    7641    1440    6921    29756   3.89
1970-1979       90      0.22429  0.20167  0.50    6201    1251    5576    22835   3.68
1970-1979       91      0.23757  0.21235  0.50    4950    1051    4425    17260   3.49
1970-1979       92      0.25873  0.22910  0.50    3899     893    3452    12835   3.29
1970-1979       93      0.27932  0.24509  0.50    3006     737    2637     9383   3.12
1970-1979       94      0.29563  0.25756  0.50    2269     584    1977     6745   2.97
1970-1979       95      0.31115  0.26926  0.50    1685     454    1458     4768   2.83
1970-1979       96      0.33107  0.28405  0.50    1231     350    1056     3310   2.69
1970-1979       97      0.35162  0.29905  0.50     881     264     750     2254   2.56
1970-1979       98      0.37274  0.31418  0.50     618     194     521     1504   2.44
1970-1979       99      0.39435  0.32940  0.50     424     140     354      984   2.32
1970-1979      100      0.41638  0.34463  0.50     284      98     235      630   2.22
1970-1979      101      0.43875  0.35982  0.50     186      67     153      395   2.12
1970-1979      102      0.46138  0.37489  0.50     119      45      97      242   2.03
1970-1979      103      0.48416  0.38980  0.50      75      29      60      145   1.95
1970-1979      104      0.50701  0.40448  0.50      45      18      36       85   1.87
1970-1979      105      0.52983  0.41887  0.50      27      11      21       49   1.80
1970-1979      106      0.55253  0.43293  0.50      16       7      12       27   1.73
1970-1979      107      0.57501  0.44661  0.50       9       4       7       15   1.68
1970-1979      108      0.59719  0.45987  0.50       5       2       4        8   1.63
1970-1979      109      0.61897  0.47268  0.50       3       1       2        4   1.59
1970-1979      110+     0.64028  1.00000  1.56       1       1       2        2   1.56
1980-1989        0      0.01229  0.01216  0.12  100000    1216   98936  7097439  70.97
1980-1989        1      0.00091  0.00091  0.50   98784      90   98739  6998503  70.85
1980-1989        2      0.00063  0.00063  0.50   98694      62   98662  6899765  69.91
1980-1989        3      0.00049  0.00049  0.50   98631      48   98607  6801102  68.95
1980-1989        4      0.00040  0.00040  0.50   98583      39   98563  6702495  67.99
1980-1989        5      0.00034  0.00034  0.50   98544      33   98527  6603932  67.02
1980-1989        6      0.00032  0.00032  0.50   98511      31   98495  6505405  66.04
1980-1989        7      0.00030  0.00029  0.50   98479      29   98465  6406910  65.06
1980-1989        8      0.00029  0.00029  0.50   98450      29   98436  6308445  64.08
1980-1989        9      0.00027  0.00027  0.50   98421      27   98408  6210010  63.10
1980-1989       10      0.00026  0.00026  0.50   98394      26   98381  6111602  62.11
1980-1989       11      0.00029  0.00029  0.50   98368      28   98354  6013221  61.13
1980-1989       12      0.00033  0.00033  0.50   98340      32   98324  5914867  60.15
1980-1989       13      0.00039  0.00039  0.50   98308      38   98288  5816543  59.17
1980-1989       14      0.00049  0.00049  0.50   98269      49   98245  5718255  58.19
1980-1989       15      0.00066  0.00066  0.50   98221      65   98188  5620010  57.22
1980-1989       16      0.00098  0.00098  0.50   98156      97   98107  5521822  56.26
1980-1989       17      0.00123  0.00123  0.50   98059     121   97999  5423714  55.31
1980-1989       18      0.00157  0.00157  0.50   97938     154   97861  5325716  54.38
1980-1989       19      0.00161  0.00161  0.50   97784     157   97706  5227854  53.46
1980-1989       20      0.00165  0.00165  0.50   97627     161   97547  5130149  52.55
1980-1989       21      0.00174  0.00174  0.50   97466     169   97382  5032602  51.63
1980-1989       22      0.00174  0.00174  0.50   97297     169   97213  4935220  50.72
1980-1989       23      0.00175  0.00175  0.50   97128     170   97043  4838007  49.81
1980-1989       24      0.00173  0.00172  0.50   96958     167   96875  4740964  48.90
1980-1989       25      0.00174  0.00173  0.50   96791     168   96707  4644089  47.98
1980-1989       26      0.00174  0.00174  0.50   96623     168   96539  4547382  47.06
1980-1989       27      0.00177  0.00177  0.50   96455     171   96370  4450843  46.14
1980-1989       28      0.00187  0.00187  0.50   96284     180   96194  4354473  45.23
1980-1989       29      0.00178  0.00177  0.50   96104     170   96019  4258279  44.31
1980-1989       30      0.00189  0.00189  0.50   95934     182   95843  4162260  43.39
1980-1989       31      0.00196  0.00196  0.50   95752     187   95658  4066417  42.47
1980-1989       32      0.00204  0.00203  0.50   95565     194   95468  3970759  41.55
1980-1989       33      0.00211  0.00210  0.50   95370     201   95270  3875291  40.63
1980-1989       34      0.00209  0.00208  0.50   95170     198   95071  3780021  39.72
1980-1989       35      0.00223  0.00223  0.50   94971     211   94866  3684951  38.80
1980-1989       36      0.00235  0.00235  0.50   94760     223   94649  3590085  37.89
1980-1989       37      0.00246  0.00245  0.50   94538     232   94422  3495436  36.97
1980-1989       38      0.00271  0.00271  0.50   94306     255   94178  3401015  36.06
1980-1989       39      0.00265  0.00265  0.50   94050     249   93926  3306837  35.16
1980-1989       40      0.00288  0.00288  0.50   93801     270   93666  3212911  34.25
1980-1989       41      0.00315  0.00314  0.50   93531     294   93384  3119245  33.35
1980-1989       42      0.00342  0.00341  0.50   93237     318   93078  3025860  32.45
1980-1989       43      0.00366  0.00365  0.50   92919     340   92749  2932782  31.56
1980-1989       44      0.00389  0.00389  0.50   92580     360   92400  2840033  30.68
1980-1989       45      0.00435  0.00434  0.50   92220     400   92020  2747633  29.79
1980-1989       46      0.00474  0.00473  0.50   91820     434   91603  2655613  28.92
1980-1989       47      0.00522  0.00521  0.50   91385     476   91148  2564011  28.06
1980-1989       48      0.00593  0.00591  0.50   90910     537   90641  2472863  27.20
1980-1989       49      0.00612  0.00610  0.50   90372     551   90097  2382222  26.36
1980-1989       50      0.00694  0.00691  0.50   89821     621   89511  2292125  25.52
1980-1989       51      0.00773  0.00771  0.50   89201     687   88857  2202614  24.69
1980-1989       52      0.00858  0.00854  0.50   88513     756   88135  2113757  23.88
1980-1989       53      0.00930  0.00926  0.50   87757     813   87351  2025622  23.08
1980-1989       54      0.01005  0.01000  0.50   86944     870   86509  1938272  22.29
1980-1989       55      0.01132  0.01125  0.50   86074     969   85590  1851762  21.51
1980-1989       56      0.01229  0.01222  0.50   85106    1040   84586  1766172  20.75
1980-1989       57      0.01318  0.01310  0.50   84066    1101   83516  1681586  20.00
1980-1989       58      0.01514  0.01503  0.50   82965    1247   82342  1598071  19.26
1980-1989       59      0.01583  0.01570  0.50   81718    1283   81077  1515729  18.55
1980-1989       60      0.01750  0.01735  0.50   80435    1396   79737  1434652  17.84
1980-1989       61      0.01897  0.01879  0.50   79040    1485   78297  1354915  17.14
1980-1989       62      0.02141  0.02118  0.50   77554    1643   76733  1276618  16.46
1980-1989       63      0.02266  0.02240  0.50   75911    1701   75061  1199885  15.81
1980-1989       64      0.02405  0.02376  0.50   74211    1763   73329  1124823  15.16
1980-1989       65      0.02661  0.02626  0.50   72448    1902   71496  1051494  14.51
1980-1989       66      0.02879  0.02838  0.50   70545    2002   69544   979998  13.89
1980-1989       67      0.03104  0.03057  0.50   68543    2095   67495   910454  13.28
1980-1989       68      0.03439  0.03381  0.50   66448    2247   65324   842959  12.69
1980-1989       69      0.03680  0.03614  0.50   64201    2320   63041   777634  12.11
1980-1989       70      0.04056  0.03975  0.50   61881    2460   60651   714593  11.55
1980-1989       71      0.04375  0.04281  0.50   59421    2544   58149   653942  11.01
1980-1989       72      0.04857  0.04742  0.50   56877    2697   55529   595793  10.48
1980-1989       73      0.05280  0.05144  0.50   54180    2787   52786   540264   9.97
1980-1989       74      0.05617  0.05464  0.50   51393    2808   49989   487478   9.49
1980-1989       75      0.06064  0.05885  0.50   48585    2859   47155   437489   9.00
1980-1989       76      0.06642  0.06428  0.50   45725    2939   44256   390334   8.54
1980-1989       77      0.07154  0.06907  0.50   42786    2955   41308   346079   8.09
1980-1989       78      0.07744  0.07455  0.50   39831    2969   38346   304770   7.65
1980-1989       79      0.08401  0.08062  0.50   36862    2972   35376   266424   7.23
1980-1989       80      0.09440  0.09015  0.50   33890    3055   32362   231048   6.82
1980-1989       81      0.10224  0.09726  0.50   30835    2999   29335   198686   6.44
1980-1989       82      0.11117  0.10531  0.50   27836    2931   26370   169351   6.08
1980-1989       83      0.12105  0.11414  0.50   24904    2843   23483   142981   5.74
1980-1989       84      0.13148  0.12337  0.50   22062    2722   20701   119498   5.42
1980-1989       85      0.14216  0.13273  0.50   19340    2567   18056    98798   5.11
1980-1989       86      0.15469  0.14358  0.50   16773    2408   15569    80741   4.81
1980-1989       87      0.16841  0.15533  0.50   14365    2231   13249    65173   4.54
1980-1989       88      0.18146  0.16636  0.50   12133    2019   11124    51924   4.28
1980-1989       89      0.19587  0.17840  0.50   10115    1804    9213    40800   4.03
1980-1989       90      0.21191  0.19161  0.50    8310    1592    7514    31587   3.80
1980-1989       91      0.22773  0.20445  0.50    6718    1373    6031    24073   3.58
1980-1989       92      0.24782  0.22050  0.50    5345    1178    4755    18042   3.38
1980-1989       93      0.26817  0.23647  0.50    4166     985    3674    13286   3.19
1980-1989       94      0.28786  0.25164  0.50    3181     800    2781     9613   3.02
1980-1989       95      0.30399  0.26388  0.50    2380     628    2066     6832   2.87
1980-1989       96      0.32469  0.27934  0.50    1752     489    1508     4766   2.72
1980-1989       97      0.34611  0.29505  0.50    1263     373    1077     3258   2.58
1980-1989       98      0.36817  0.31093  0.50     890     277     752     2182   2.45
1980-1989       99      0.39079  0.32691  0.50     613     201     513     1430   2.33
1980-1989      100      0.41389  0.34293  0.50     413     142     342      917   2.22
1980-1989      101      0.43738  0.35889  0.50     271      97     223      575   2.12
1980-1989      102      0.46115  0.37474  0.50     174      65     141      352   2.02
1980-1989      103      0.48510  0.39041  0.50     109      42      88      211   1.94
1980-1989      104      0.50912  0.40582  0.50      66      27      53      123   1.86
1980-1989      105      0.53310  0.42090  0.50      39      17      31       70   1.79
1980-1989      106      0.55692  0.43562  0.50      23      10      18       39   1.72
1980-1989      107      0.58049  0.44990  0.50      13       6      10       21   1.66
1980-1989      108      0.60369  0.46372  0.50       7       3       5       11   1.61
1980-1989      109      0.62644  0.47702  0.50       4       2       3        6   1.57
1980-1989      110+     0.64864  1.00000  1.54       2       2       3        3   1.54
1990-1999        0      0.00910  0.00903  0.13  100000     903   99216  7278222  72.78
1990-1999        1      0.00068  0.00068  0.50   99097      67   99064  7179007  72.44
1990-1999        2      0.00047  0.00047  0.50   99030      47   99007  7079943  71.49
1990-1999        3      0.00037  0.00037  0.50   98983      36   98965  6980937  70.53
1990-1999        4      0.00029  0.00029  0.50   98947      28   98933  6881971  69.55
1990-1999        5      0.00025  0.00025  0.50   98919      25   98906  6783039  68.57
1990-1999        6      0.00023  0.00023  0.50   98894      22   98882  6684132  67.59
1990-1999        7      0.00021  0.00021  0.50   98871      21   98861  6585250  66.60
1990-1999        8      0.00021  0.00021  0.50   98850      21   98840  6486390  65.62
1990-1999        9      0.00020  0.00020  0.50   98829      19   98819  6387550  64.63
1990-1999       10      0.00020  0.00020  0.50   98810      20   98800  6288730  63.64
1990-1999       11      0.00022  0.00022  0.50   98790      22   98779  6189931  62.66
1990-1999       12      0.00026  0.00026  0.50   98768      25   98755  6091152  61.67
1990-1999       13      0.00033  0.00033  0.50   98743      33   98726  5992396  60.69
1990-1999       14      0.00046  0.00046  0.50   98710      45   98687  5893670  59.71
1990-1999       15      0.00063  0.00063  0.50   98665      62   98634  5794983  58.73
1990-1999       16      0.00095  0.00095  0.50   98603      93   98556  5696349  57.77
1990-1999       17      0.00117  0.00116  0.50   98510     115   98452  5597792  56.82
1990-1999       18      0.00146  0.00146  0.50   98395     143   98323  5499340  55.89
1990-1999       19      0.00151  0.00151  0.50   98251     148   98177  5401017  54.97
1990-1999       20      0.00150  0.00150  0.50   98103     147   98030  5302840  54.05
1990-1999       21      0.00160  0.00160  0.50   97956     157   97878  5204810  53.13
1990-1999       22      0.00156  0.00156  0.50   97799     152   97723  5106932  52.22
1990-1999       23      0.00154  0.00154  0.50   97647     150   97572  5009209  51.30
1990-1999       24      0.00148  0.00148  0.50   97497     144   97424  4911638  50.38
1990-1999       25      0.00150  0.00149  0.50   97352     145   97279  4814213  49.45
1990-1999       26      0.00153  0.00153  0.50   97207     149   97132  4716934  48.52
1990-1999       27      0.00159  0.00159  0.50   97058     154   96981  4619802  47.60
1990-1999       28      0.00168  0.00168  0.50   96904     163   96822  4522821  46.67
1990-1999       29      0.00170  0.00170  0.50   96741     164   96658  4425999  45.75
1990-1999       30      0.00180  0.00180  0.50   96576     173   96490  4329341  44.83
1990-1999       31      0.00194  0.00194  0.50   96403     187   96309  4232851  43.91
1990-1999       32      0.00204  0.00203  0.50   96216     196   96118  4136541  42.99
1990-1999       33      0.00215  0.00214  0.50   96020     206   95917  4040424  42.08
1990-1999       34      0.00220  0.00220  0.50   95814     211   95709  3944506  41.17
1990-1999       35      0.00231  0.00231  0.50   95603     221   95493  3848798  40.26
1990-1999       36      0.00246  0.00245  0.50   95383     234   95266  3753305  39.35
1990-1999       37      0.00259  0.00259  0.50   95149     247   95025  3658039  38.45
1990-1999       38      0.00281  0.00281  0.50   94902     267   94769  3563014  37.54
1990-1999       39      0.00281  0.00281  0.50   94635     266   94503  3468245  36.65
1990-1999       40      0.00300  0.00300  0.50   94370     283   94228  3373742  35.75
1990-1999       41      0.00329  0.00328  0.50   94087     309   93932  3279514  34.86
1990-1999       42      0.00345  0.00344  0.50   93778     323   93616  3185582  33.97
1990-1999       43      0.00367  0.00367  0.50   93455     343   93283  3091966  33.09
1990-1999       44      0.00381  0.00381  0.50   93112     354   92935  2998682  32.21
1990-1999       45      0.00407  0.00406  0.50   92758     377   92569  2905747  31.33
1990-1999       46      0.00446  0.00445  0.50   92381     411   92175  2813178  30.45
1990-1999       47      0.00475  0.00474  0.50   91970     435   91752  2721003  29.59
1990-1999       48      0.00520  0.00519  0.50   91534     475   91297  2629251  28.72
1990-1999       49      0.00531  0.00530  0.50   91060     482   90819  2537954  27.87
1990-1999       50      0.00575  0.00573  0.50   90577     519   90318  2447135  27.02
1990-1999       51      0.00643  0.00640  0.50   90058     577   89770  2356817  26.17
1990-1999       52      0.00698  0.00696  0.50   89481     623   89170  2267048  25.34
1990-1999       53      0.00764  0.00761  0.50   88859     676   88521  2177878  24.51
1990-1999       54      0.00817  0.00814  0.50   88182     718   87824  2089357  23.69
1990-1999       55      0.00908  0.00904  0.50   87465     791   87069  2001533  22.88
1990-1999       56      0.00997  0.00992  0.50   86674     860   86244  1914464  22.09
1990-1999       57      0.01083  0.01077  0.50   85814     924   85352  1828220  21.30
1990-1999       58      0.01227  0.01219  0.50   84890    1035   84372  1742868  20.53
1990-1999       59      0.01292  0.01284  0.50   83855    1077   83316  1658496  19.78
1990-1999       60      0.01440  0.01430  0.50   82778    1184   82186  1575180  19.03
1990-1999       61      0.01597  0.01585  0.50   81594    1293   80948  1492994  18.30
1990-1999       62      0.01761  0.01745  0.50   80301    1401   79601  1412046  17.58
1990-1999       63      0.01888  0.01871  0.50   78900    1476   78162  1332445  16.89
1990-1999       64      0.02049  0.02028  0.50   77424    1570   76639  1254283  16.20
1990-1999       65      0.02241  0.02216  0.50   75854    1681   75013  1177645  15.53
1990-1999       66      0.02425  0.02396  0.50   74173    1777   73284  1102631  14.87
1990-1999       67      0.02614  0.02580  0.50   72395    1868   71461  1029347  14.22
1990-1999       68      0.02908  0.02866  0.50   70528    2021   69517   957886  13.58
1990-1999       69      0.03140  0.03091  0.50   68506    2118   67447   888369  12.97
1990-1999       70      0.03413  0.03355  0.50   66389    2228   65275   820922  12.37
1990-1999       71      0.03738  0.03670  0.50   64161    2354   62984   755647  11.78
1990-1999       72      0.04033  0.03953  0.50   61806    2444   60585   692663  11.21
1990-1999       73      0.04387  0.04292  0.50   59363    2548   58089   632078  10.65
1990-1999       74      0.04739  0.04629  0.50   56815    2630   55500   573990  10.10
1990-1999       75      0.05141  0.05012  0.50   54185    2716   52827   518490   9.57
1990-1999       76      0.05634  0.05480  0.50   51469    2820   50059   465663   9.05
1990-1999       77      0.06163  0.05979  0.50   48649    2909   47194   415604   8.54
1990-1999       78      0.06696  0.06479  0.50   45740    2964   44258   368410   8.05
1990-1999       79      0.07301  0.07044  0.50   42776    3013   41270   324152   7.58
1990-1999       80      0.08427  0.08086  0.50   39763    3215   38156   282882   7.11
1990-1999       81      0.09238  0.08830  0.50   36548    3227   34934   244726   6.70
1990-1999       82      0.10155  0.09664  0.50   33321    3220   31711   209792   6.30
1990-1999       83      0.11195  0.10602  0.50   30101    3191   28505   178081   5.92
1990-1999       84      0.12220  0.11517  0.50   26909    3099   25360   149576   5.56
1990-1999       85      0.13432  0.12586  0.50   23810    2997   22312   124216   5.22
1990-1999       86      0.14697  0.13691  0.50   20813    2850   19389   101904   4.90
1990-1999       87      0.15987  0.14804  0.50   17964    2659   16634    82515   4.59
1990-1999       88      0.17476  0.16072  0.50   15305    2460   14075    65881   4.30
1990-1999       89      0.19136  0.17465  0.50   12845    2243   11723    51806   4.03
1990-1999       90      0.20876  0.18903  0.50   10602    2004    9600    40083   3.78
1990-1999       91      0.22629  0.20329  0.50    8598    1748    7724    30484   3.55
1990-1999       92      0.24775  0.22044  0.50    6850    1510    6095    22760   3.32
1990-1999       93      0.27086  0.23855  0.50    5340    1274    4703    16665   3.12
1990-1999       94      0.29315  0.25567  0.50    4066    1040    3546    11962   2.94
1990-1999       95      0.31175  0.26971  0.50    3026     816    2618     8416   2.78
1990-1999       96      0.33512  0.28703  0.50    2210     634    1893     5798   2.62
1990-1999       97      0.35934  0.30461  0.50    1576     480    1336     3905   2.48
1990-1999       98      0.38429  0.32235  0.50    1096     353     919     2569   2.34
1990-1999       99      0.40987  0.34016  0.50     743     253     616     1650   2.22
1990-1999      100      0.43594  0.35792  0.50     490     175     402     1034   2.11
1990-1999      101      0.46237  0.37555  0.50     315     118     256      631   2.01
1990-1999      102      0.48902  0.39294  0.50     196      77     158      376   1.91
1990-1999      103      0.51573  0.41000  0.50     119      49      95      218   1.83
1990-1999      104      0.54235  0.42665  0.50      70      30      55      123   1.75
1990-1999      105      0.56873  0.44281  0.50      40      18      31       68   1.68
1990-1999      106      0.59472  0.45841  0.50      22      10      17       36   1.61
1990-1999      107      0.62020  0.47340  0.50      12       6       9       19   1.56
1990-1999      108      0.64503  0.48773  0.50       6       3       5       10   1.51
1990-1999      109      0.66910  0.50137  0.50       3       2       2        5   1.47
1990-1999      110+     0.69232  1.00000  1.44       2       2       2        2   1.44
2000-2009        0      0.00767  0.00762  0.13  100000     762   99340  7499512  75.00
2000-2009        1      0.00052  0.00052  0.50   99238      52   99212  7400172  74.57
2000-2009        2      0.00035  0.00035  0.50   99187      35   99169  7300959  73.61
2000-2009        3      0.00026  0.00026  0.50   99152      26   99139  7201790  72.63
2000-2009        4      0.00021  0.00021  0.50   99126      21   99115  7102651  71.65
2000-2009        5      0.00018  0.00018  0.50   99105      18   99096  7003536  70.67
2000-2009        6      0.00016  0.00016  0.50   99087      16   99079  6904440  69.68
2000-2009        7      0.00015  0.00015  0.50   99071      15   99064  6805361  68.69
2000-2009        8      0.00015  0.00015  0.50   99056      15   99049  6706297  67.70
2000-2009        9      0.00015  0.00015  0.50   99042      15   99034  6607248  66.71
2000-2009       10      0.00015  0.00015  0.50   99027      15   99019  6508214  65.72
2000-2009       11      0.00017  0.00017  0.50   99012      16   99004  6409194  64.73
2000-2009       12      0.00019  0.00019  0.50   98995      19   98986  6310191  63.74
2000-2009       13      0.00023  0.00023  0.50   98977      23   98965  6211205  62.75
2000-2009       14      0.00030  0.00030  0.50   98954      30   98938  6112240  61.77
2000-2009       15      0.00042  0.00042  0.50   98923      42   98902  6013301  60.79
2000-2009       16      0.00064  0.00064  0.50   98881      64   98850  5914399  59.81
2000-2009       17      0.00085  0.00085  0.50   98818      84   98776  5815549  58.85
2000-2009       18      0.00114  0.00114  0.50   98734     112   98678  5716773  57.90
2000-2009       19      0.00129  0.00129  0.50   98622     127   98558  5618095  56.97
2000-2009       20      0.00133  0.00133  0.50   98495     131   98429  5519537  56.04
2000-2009       21      0.00144  0.00144  0.50   98364     142   98293  5421108  55.11
2000-2009       22      0.00143  0.00143  0.50   98222     141   98152  5322815  54.19
2000-2009       23      0.00143  0.00142  0.50   98081     140   98011  5224663  53.27
2000-2009       24      0.00142  0.00142  0.50   97941     139   97872  5126652  52.34
2000-2009       25      0.00139  0.00139  0.50   97802     136   97734  5028780  51.42
2000-2009       26      0.00141  0.00141  0.50   97666     138   97597  4931046  50.49
2000-2009       27      0.00140  0.00140  0.50   97528     137   97460  4833449  49.56
2000-2009       28      0.00139  0.00139  0.50   97392     136   97324  4735989  48.63
2000-2009       29      0.00143  0.00143  0.50   97256     139   97187  4638665  47.70
2000-2009       30      0.00141  0.00141  0.50   97118     137   97049  4541478  46.76
2000-2009       31      0.00147  0.00147  0.50   96981     143   96910  4444428  45.83
2000-2009       32      0.00148  0.00148  0.50   96839     143   96767  4347518  44.89
2000-2009       33      0.00155  0.00155  0.50   96695     150   96620  4250752  43.96
2000-2009       34      0.00163  0.00163  0.50   96546     157   96467  4154131  43.03
2000-2009       35      0.00172  0.00172  0.50   96388     166   96305  4057664  42.10
2000-2009       36      0.00181  0.00181  0.50   96222     174   96135  3961359  41.17
2000-2009       37      0.00197  0.00197  0.50   96048     189   95954  3865224  40.24
2000-2009       38      0.00211  0.00211  0.50   95860     202   95758  3769270  39.32
2000-2009       39      0.00225  0.00224  0.50   95657     215   95550  3673511  38.40
2000-2009       40      0.00245  0.00245  0.50   95443     234   95326  3577961  37.49
2000-2009       41      0.00267  0.00266  0.50   95209     253   95082  3482636  36.58
2000-2009       42      0.00290  0.00289  0.50   94955     275   94818  3387554  35.68
2000-2009       43      0.00314  0.00314  0.50   94681     297   94532  3292736  34.78
2000-2009       44      0.00344  0.00343  0.50   94384     324   94222  3198204  33.89
2000-2009       45      0.00372  0.00371  0.50   94060     349   93885  3103982  33.00
2000-2009       46      0.00405  0.00404  0.50   93711     379   93521  3010097  32.12
2000-2009       47      0.00439  0.00438  0.50   93332     409   93127  2916576  31.25
2000-2009       48      0.00478  0.00477  0.50   92923     443   92701  2823448  30.38
2000-2009       49      0.00516  0.00515  0.50   92480     476   92242  2730747  29.53
2000-2009       50      0.00561  0.00559  0.50   92004     515   91747  2638505  28.68
2000-2009       51      0.00601  0.00599  0.50   91489     548   91215  2546758  27.84
2000-2009       52      0.00652  0.00650  0.50   90941     591   90645  2455543  27.00
2000-2009       53      0.00696  0.00693  0.50   90350     626   90037  2364897  26.17
2000-2009       54      0.00743  0.00741  0.50   89724     665   89391  2274861  25.35
2000-2009       55      0.00810  0.00806  0.50   89059     718   88700  2185469  24.54
2000-2009       56      0.00859  0.00856  0.50   88341     756   87963  2096769  23.73
2000-2009       57      0.00928  0.00924  0.50   87585     809   87180  2008806  22.94
2000-2009       58      0.01001  0.00996  0.50   86776     865   86343  1921626  22.14
2000-2009       59      0.01084  0.01078  0.50   85911     926   85448  1835283  21.36
2000-2009       60      0.01189  0.01182  0.50   84985    1005   84482  1749835  20.59
2000-2009       61      0.01264  0.01256  0.50   83980    1055   83452  1665353  19.83
2000-2009       62      0.01390  0.01381  0.50   82925    1145   82352  1581901  19.08
2000-2009       63      0.01513  0.01502  0.50   81780    1228   81166  1499548  18.34
2000-2009       64      0.01649  0.01635  0.50   80552    1317   79893  1418382  17.61
2000-2009       65      0.01780  0.01764  0.50   79234    1398   78536  1338489  16.89
2000-2009       66      0.01920  0.01901  0.50   77837    1480   77097  1259954  16.19
2000-2009       67      0.02088  0.02066  0.50   76357    1578   75568  1182857  15.49
2000-2009       68      0.02260  0.02234  0.50   74779    1671   73944  1107289  14.81
2000-2009       69      0.02478  0.02447  0.50   73108    1789   72214  1033345  14.13
2000-2009       70      0.02712  0.02676  0.50   71319    1908   70365   961132  13.48
2000-2009       71      0.02935  0.02893  0.50   69411    2008   68407   890767  12.83
2000-2009       72      0.03229  0.03178  0.50   67403    2142   66332   822360  12.20
2000-2009       73      0.03547  0.03485  0.50   65261    2274   64123   756028  11.58
2000-2009       74      0.03853  0.03781  0.50   62986    2381   61796   691905  10.99
2000-2009       75      0.04272  0.04182  0.50   60605    2535   59338   630109  10.40
2000-2009       76      0.04628  0.04523  0.50   58070    2627   56757   570771   9.83
2000-2009       77      0.05094  0.04968  0.50   55444    2754   54067   514014   9.27
2000-2009       78      0.05588  0.05437  0.50   52689    2864   51257   459948   8.73
2000-2009       79      0.06160  0.05976  0.50   49825    2978   48336   408691   8.20
2000-2009       80      0.06908  0.06678  0.50   46847    3128   45283   360354   7.69
2000-2009       81      0.07670  0.07387  0.50   43719    3229   42104   315071   7.21
2000-2009       82      0.08537  0.08187  0.50   40490    3315   38832   272967   6.74
2000-2009       83      0.09483  0.09054  0.50   37175    3366   35492   234135   6.30
2000-2009       84      0.10559  0.10030  0.50   33809    3391   32113   198643   5.88
2000-2009       85      0.11728  0.11079  0.50   30418    3370   28733   166530   5.47
2000-2009       86      0.13138  0.12328  0.50   27048    3335   25381   137797   5.09
2000-2009       87      0.14550  0.13564  0.50   23713    3216   22105   112417   4.74
2000-2009       88      0.16189  0.14977  0.50   20497    3070   18962    90312   4.41
2000-2009       89      0.18054  0.16559  0.50   17427    2886   15984    71350   4.09
2000-2009       90      0.19934  0.18127  0.50   14541    2636   13223    55365   3.81
2000-2009       91      0.22019  0.19836  0.50   11906    2362   10725    42142   3.54
2000-2009       92      0.24427  0.21769  0.50    9544    2078    8505    31417   3.29
2000-2009       93      0.26994  0.23784  0.50    7466    1776    6578    22912   3.07
2000-2009       94      0.29800  0.25936  0.50    5691    1476    4953    16333   2.87
2000-2009       95      0.31702  0.27364  0.50    4215    1153    3638    11381   2.70
2000-2009       96      0.34437  0.29378  0.50    3061     899    2612     7743   2.53
2000-2009       97      0.37278  0.31422  0.50    2162     679    1822     5131   2.37
2000-2009       98      0.40211  0.33479  0.50    1483     496    1234     3309   2.23
2000-2009       99      0.43215  0.35536  0.50     986     350     811     2074   2.10
2000-2009      100      0.46270  0.37576  0.50     636     239     516     1263   1.99
2000-2009      101      0.49353  0.39585  0.50     397     157     318      747   1.88
2000-2009      102      0.52441  0.41547  0.50     240     100     190      429   1.79
2000-2009      103      0.55510  0.43451  0.50     140      61     110      239   1.70
2000-2009      104      0.58539  0.45284  0.50      79      36      61      129   1.63
2000-2009      105      0.61503  0.47038  0.50      43      20      33       68   1.56
2000-2009      106      0.64385  0.48706  0.50      23      11      17       34   1.50
2000-2009      107      0.67167  0.50281  0.50      12       6       9       17   1.44
2000-2009      108      0.69832  0.51760  0.50       6       3       4        8   1.40
2000-2009      109      0.72371  0.53141  0.50       3       2       2        4   1.36
2000-2009      110+     0.74773  1.00000  1.34       1       1       2        2   1.34
2010-2019        0      0.00641  0.00637  0.14  100000     637   99450  7646962  76.47
2010-2019        1      0.00044  0.00044  0.50   99363      43   99341  7547512  75.96
2010-2019        2      0.00029  0.00029  0.50   99320      29   99305  7448171  74.99
2010-2019        3      0.00022  0.00022  0.50   99291      22   99280  7348865  74.01
2010-2019        4      0.00017  0.00017  0.50   99269      17   99260  7249586  73.03
2010-2019        5      0.00015  0.00015  0.50   99252      14   99244  7150325  72.04
2010-2019        6      0.00013  0.00013  0.50   99237      13   99231  7051081  71.05
2010-2019        7      0.00013  0.00013  0.50   99224      12   99218  6951850  70.06
2010-2019        8      0.00012  0.00012  0.50   99212      12   99206  6852632  69.07
2010-2019        9      0.00012  0.00012  0.50   99200      12   99194  6753426  68.08
2010-2019       10      0.00012  0.00012  0.50   99188      12   99182  6654232  67.09
2010-2019       11      0.00013  0.00013  0.50   99175      13   99169  6555051  66.10
2010-2019       12      0.00015  0.00015  0.50   99162      15   99155  6455882  65.10
2010-2019       13      0.00019  0.00019  0.50   99147      19   99138  6356727  64.11
2010-2019       14      0.00025  0.00025  0.50   99128      25   99116  6257589  63.13
2010-2019       15      0.00034  0.00034  0.50   99104      34   99087  6158473  62.14
2010-2019       16      0.00048  0.00048  0.50   99070      48   99046  6059386  61.16
2010-2019       17      0.00064  0.00063  0.50   99022      63   98991  5960340  60.19
2010-2019       18      0.00089  0.00089  0.50   98960      88   98916  5861349  59.23
2010-2019       19      0.00103  0.00103  0.50   98872     101   98821  5762434  58.28
2010-2019       20      0.00111  0.00111  0.50   98770     110   98715  5663613  57.34
2010-2019       21      0.00126  0.00126  0.50   98660     124   98598  5564897  56.40
2010-2019       22      0.00132  0.00132  0.50   98536     130   98471  5466299  55.48
2010-2019       23      0.00135  0.00135  0.50   98406     133   98339  5367828  54.55
2010-2019       24      0.00140  0.00140  0.50   98273     138   98204  5269489  53.62
2010-2019       25      0.00144  0.00144  0.50   98135     141   98065  5171285  52.70
2010-2019       26      0.00147  0.00147  0.50   97994     144   97922  5073220  51.77
2010-2019       27      0.00151  0.00151  0.50   97850     148   97777  4975298  50.85
2010-2019       28      0.00155  0.00155  0.50   97703     151   97627  4877521  49.92
2010-2019       29      0.00159  0.00159  0.50   97551     155   97474  4779894  49.00
2010-2019       30      0.00161  0.00161  0.50   97397     157   97318  4682420  48.08
2010-2019       31      0.00166  0.00166  0.50   97240     161   97159  4585102  47.15
2010-2019       32      0.00170  0.00170  0.50   97079     165   96996  4487942  46.23
2010-2019       33      0.00175  0.00175  0.50   96914     170   96829  4390946  45.31
2010-2019       34      0.00182  0.00182  0.50   96744     176   96656  4294117  44.39
2010-2019       35      0.00187  0.00187  0.50   96568     180   96478  4197461  43.47
2010-2019       36      0.00193  0.00192  0.50   96388     185   96295  4100983  42.55
2010-2019       37      0.00201  0.00201  0.50   96203     193   96106  4004687  41.63
2010-2019       38      0.00208  0.00208  0.50   96010     200   95910  3908581  40.71
2010-2019       39      0.00219  0.00218  0.50   95810     209   95705  3812671  39.79
2010-2019       40      0.00230  0.00229  0.50   95601     219   95491  3716966  38.88
2010-2019       41      0.00242  0.00241  0.50   95381     230   95266  3621475  37.97
2010-2019       42      0.00256  0.00255  0.50   95151     243   95030  3526209  37.06
2010-2019       43      0.00272  0.00272  0.50   94908     258   94779  3431179  36.15
2010-2019       44      0.00295  0.00294  0.50   94650     279   94511  3336400  35.25
2010-2019       45      0.00321  0.00321  0.50   94371     303   94220  3241889  34.35
2010-2019       46      0.00353  0.00352  0.50   94069     331   93903  3147669  33.46
2010-2019       47      0.00386  0.00385  0.50   93737     361   93557  3053766  32.58
2010-2019       48      0.00419  0.00418  0.50   93376     391   93181  2960209  31.70
2010-2019       49      0.00460  0.00459  0.50   92986     427   92772  2867028  30.83
2010-2019       50      0.00505  0.00504  0.50   92559     467   92326  2774256  29.97
2010-2019       51      0.00553  0.00551  0.50   92092     508   91838  2681930  29.12
2010-2019       52      0.00603  0.00602  0.50   91585     551   91309  2590092  28.28
2010-2019       53      0.00657  0.00655  0.50   91034     596   90735  2498783  27.45
2010-2019       54      0.00717  0.00714  0.50   90437     646   90114  2408047  26.63
2010-2019       55      0.00785  0.00782  0.50   89791     702   89440  2317933  25.81
2010-2019       56      0.00847  0.00844  0.50   89089     752   88713  2228493  25.01
2010-2019       57      0.00918  0.00913  0.50   88337     807   87934  2139780  24.22
2010-2019       58      0.00987  0.00982  0.50   87530     860   87101  2051846  23.44
2010-2019       59      0.01064  0.01058  0.50   86671     917   86212  1964745  22.67
2010-2019       60      0.01138  0.01132  0.50   85754     971   85268  1878533  21.91
2010-2019       61      0.01223  0.01216  0.50   84783    1031   84268  1793265  21.15
2010-2019       62      0.01312  0.01303  0.50   83753    1092   83207  1708997  20.41
2010-2019       63      0.01405  0.01395  0.50   82661    1153   82084  1625790  19.67
2010-2019       64      0.01495  0.01484  0.50   81508    1210   80903  1543706  18.94
2010-2019       65      0.01591  0.01579  0.50   80298    1268   79665  1462802  18.22
2010-2019       66      0.01706  0.01691  0.50   79031    1337   78363  1383138  17.50
2010-2019       67      0.01823  0.01807  0.50   77694    1404   76993  1304775  16.79
2010-2019       68      0.01962  0.01943  0.50   76291    1483   75550  1227782  16.09
2010-2019       69      0.02121  0.02099  0.50   74808    1570   74023  1152233  15.40
2010-2019       70      0.02300  0.02273  0.50   73238    1665   72406  1078209  14.72
2010-2019       71      0.02505  0.02474  0.50   71573    1771   70688  1005803  14.05
2010-2019       72      0.02723  0.02687  0.50   69803    1875   68865   935116  13.40
2010-2019       73      0.02974  0.02930  0.50   67927    1990   66932   866251  12.75
2010-2019       74      0.03248  0.03196  0.50   65937    2107   64883   799319  12.12
2010-2019       75      0.03567  0.03504  0.50   63829    2237   62711   734436  11.51
2010-2019       76      0.03898  0.03823  0.50   61593    2355   60415   671724  10.91
2010-2019       77      0.04288  0.04198  0.50   59238    2487   57995   611309  10.32
2010-2019       78      0.04682  0.04575  0.50   56751    2596   55453   553314   9.75
2010-2019       79      0.05169  0.05039  0.50   54155    2729   52791   497861   9.19
2010-2019       80      0.05728  0.05569  0.50   51426    2864   49994   445071   8.65
2010-2019       81      0.06328  0.06134  0.50   48562    2979   47073   395076   8.14
2010-2019       82      0.07005  0.06768  0.50   45584    3085   44041   348003   7.63
2010-2019       83      0.07732  0.07444  0.50   42499    3164   40917   303962   7.15
2010-2019       84      0.08630  0.08273  0.50   39335    3254   37708   263045   6.69
2010-2019       85      0.09541  0.09107  0.50   36081    3286   34438   225337   6.25
2010-2019       86      0.10613  0.10078  0.50   32795    3305   31142   190899   5.82
2010-2019       87      0.11851  0.11188  0.50   29490    3299   27840   159757   5.42
2010-2019       88      0.13172  0.12358  0.50   26191    3237   24572   131916   5.04
2010-2019       89      0.14585  0.13593  0.50   22954    3120   21394   107344   4.68
2010-2019       90      0.16340  0.15106  0.50   19834    2996   18336    85950   4.33
2010-2019       91      0.18274  0.16744  0.50   16838    2819   15428    67614   4.02
2010-2019       92      0.20601  0.18677  0.50   14018    2618   12709    52186   3.72
2010-2019       93      0.23081  0.20693  0.50   11400    2359   10221    39477   3.46
2010-2019       94      0.25564  0.22667  0.50    9041    2049    8016    29256   3.24
2010-2019       95      0.27203  0.23946  0.50    6992    1674    6155    21240   3.04
2010-2019       96      0.29734  0.25885  0.50    5318    1376    4629    15085   2.84
2010-2019       97      0.32395  0.27879  0.50    3941    1099    3392    10456   2.65
2010-2019       98      0.35174  0.29913  0.50    2842     850    2417     7064   2.49
2010-2019       99      0.38058  0.31974  0.50    1992     637    1674     4647   2.33
2010-2019      100      0.41029  0.34045  0.50    1355     461    1124     2973   2.19
2010-2019      101      0.44067  0.36111  0.50     894     323     732     1849   2.07
2010-2019      102      0.47150  0.38155  0.50     571     218     462     1116   1.96
2010-2019      103      0.50255  0.40163  0.50     353     142     282      654   1.85
2010-2019      104      0.53357  0.42120  0.50     211      89     167      372   1.76
2010-2019      105      0.56435  0.44015  0.50     122      54      95      205   1.68
2010-2019      106      0.59463  0.45835  0.50      68      31      53      110   1.61
2010-2019      107      0.62421  0.47573  0.50      37      18      28       57   1.54
2010-2019      108      0.65289  0.49221  0.50      19      10      15       29   1.49
2010-2019      109      0.68050  0.50774  0.50      10       5       7       14   1.44
2010-2019      110+     0.70690  1.00000  1.41       5       5       7        7   1.41
