Switzerland, Life tables (cohort 1x10), Total	Last modified: 28 Oct 2021;  Methods Protocol: v6 (2017)

  Year          Age         mx       qx    ax      lx      dx      Lx       Tx     ex
1876-1879        0      0.24354  0.20832  0.31  100000   20832   85538  4595693  45.96
1876-1879        1      0.03961  0.03882  0.49   79168    3073   77596  4510155  56.97
1876-1879        2      0.02061  0.02040  0.51   76095    1552   75329  4432559  58.25
1876-1879        3      0.01501  0.01490  0.51   74543    1111   73995  4357229  58.45
1876-1879        4      0.01136  0.01130  0.50   73432     830   73015  4283234  58.33
1876-1879        5      0.00810  0.00807  0.51   72602     586   72316  4210219  57.99
1876-1879        6      0.00578  0.00576  0.52   72016     415   71816  4137904  57.46
1876-1879        7      0.00477  0.00476  0.52   71601     341   71438  4066088  56.79
1876-1879        8      0.00397  0.00397  0.51   71260     283   71123  3994650  56.06
1876-1879        9      0.00359  0.00359  0.51   70978     255   70853  3923527  55.28
1876-1879       10      0.00311  0.00311  0.50   70723     220   70614  3852674  54.48
1876-1879       11      0.00300  0.00300  0.52   70503     211   70401  3782061  53.64
1876-1879       12      0.00315  0.00315  0.50   70292     221   70182  3711660  52.80
1876-1879       13      0.00312  0.00312  0.52   70071     218   69966  3641478  51.97
1876-1879       14      0.00342  0.00342  0.51   69852     239   69736  3571512  51.13
1876-1879       15      0.00388  0.00387  0.52   69614     270   69483  3501776  50.30
1876-1879       16      0.00417  0.00416  0.51   69344     289   69202  3432292  49.50
1876-1879       17      0.00474  0.00472  0.52   69055     326   68898  3363090  48.70
1876-1879       18      0.00535  0.00533  0.52   68729     367   68552  3294193  47.93
1876-1879       19      0.00529  0.00528  0.51   68363     361   68186  3225641  47.18
1876-1879       20      0.00562  0.00560  0.51   68002     381   67816  3157455  46.43
1876-1879       21      0.00555  0.00553  0.51   67621     374   67439  3089638  45.69
1876-1879       22      0.00547  0.00546  0.51   67247     367   67067  3022200  44.94
1876-1879       23      0.00577  0.00575  0.51   66880     385   66690  2955133  44.19
1876-1879       24      0.00562  0.00561  0.49   66495     373   66306  2888443  43.44
1876-1879       25      0.00595  0.00594  0.51   66122     393   65930  2822137  42.68
1876-1879       26      0.00619  0.00617  0.51   65729     406   65529  2756207  41.93
1876-1879       27      0.00644  0.00642  0.51   65324     419   65117  2690678  41.19
1876-1879       28      0.00614  0.00612  0.51   64904     397   64709  2625561  40.45
1876-1879       29      0.00626  0.00624  0.51   64507     403   64310  2560853  39.70
1876-1879       30      0.00620  0.00619  0.50   64104     397   63908  2496543  38.94
1876-1879       31      0.00601  0.00599  0.50   63708     382   63519  2432635  38.18
1876-1879       32      0.00599  0.00597  0.51   63326     378   63143  2369116  37.41
1876-1879       33      0.00617  0.00615  0.51   62948     387   62759  2305974  36.63
1876-1879       34      0.00641  0.00639  0.51   62561     400   62366  2243215  35.86
1876-1879       35      0.00624  0.00622  0.51   62161     387   61971  2180849  35.08
1876-1879       36      0.00645  0.00643  0.51   61774     397   61578  2118878  34.30
1876-1879       37      0.00664  0.00662  0.50   61377     406   61175  2057300  33.52
1876-1879       38      0.00685  0.00682  0.52   60971     416   60773  1996125  32.74
1876-1879       39      0.00889  0.00885  0.49   60555     536   60283  1935352  31.96
1876-1879       40      0.00893  0.00889  0.49   60019     534   59745  1875069  31.24
1876-1879       41      0.00869  0.00865  0.49   59485     515   59223  1815324  30.52
1876-1879       42      0.00928  0.00924  0.49   58971     545   58695  1756100  29.78
1876-1879       43      0.00773  0.00770  0.51   58426     450   58206  1697406  29.05
1876-1879       44      0.00789  0.00786  0.50   57976     456   57750  1639200  28.27
1876-1879       45      0.00779  0.00776  0.51   57520     447   57303  1581450  27.49
1876-1879       46      0.00873  0.00870  0.51   57074     496   56829  1524147  26.70
1876-1879       47      0.00894  0.00890  0.50   56578     504   56328  1467318  25.93
1876-1879       48      0.00961  0.00956  0.50   56074     536   55808  1410990  25.16
1876-1879       49      0.01053  0.01048  0.51   55538     582   55250  1355182  24.40
1876-1879       50      0.01110  0.01104  0.51   54956     607   54659  1299932  23.65
1876-1879       51      0.01192  0.01185  0.51   54349     644   54032  1245273  22.91
1876-1879       52      0.01278  0.01270  0.50   53705     682   53367  1191241  22.18
1876-1879       53      0.01372  0.01363  0.51   53023     723   52666  1137874  21.46
1876-1879       54      0.01429  0.01419  0.50   52300     742   51931  1085208  20.75
1876-1879       55      0.01427  0.01418  0.51   51558     731   51201  1033277  20.04
1876-1879       56      0.01628  0.01615  0.50   50827     821   50420   982075  19.32
1876-1879       57      0.01687  0.01673  0.51   50006     836   49592   931655  18.63
1876-1879       58      0.01760  0.01745  0.51   49170     858   48746   882063  17.94
1876-1879       59      0.01843  0.01826  0.50   48312     882   47875   833317  17.25
1876-1879       60      0.02077  0.02056  0.50   47429     975   46943   785442  16.56
1876-1879       61      0.02187  0.02164  0.50   46454    1005   45956   738499  15.90
1876-1879       62      0.02369  0.02342  0.51   45449    1065   44930   692543  15.24
1876-1879       63      0.02558  0.02526  0.50   44385    1121   43827   647613  14.59
1876-1879       64      0.02638  0.02604  0.51   43264    1127   42709   603786  13.96
1876-1879       65      0.02937  0.02895  0.50   42137    1220   41532   561076  13.32
1876-1879       66      0.03180  0.03131  0.51   40917    1281   40287   519544  12.70
1876-1879       67      0.03543  0.03482  0.51   39636    1380   38955   479257  12.09
1876-1879       68      0.04045  0.03965  0.50   38256    1517   37504   440303  11.51
1876-1879       69      0.04397  0.04304  0.51   36739    1581   35961   402799  10.96
1876-1879       70      0.04721  0.04613  0.51   35158    1622   34356   366837  10.43
1876-1879       71      0.05137  0.05009  0.50   33536    1680   32701   332482   9.91
1876-1879       72      0.05472  0.05328  0.51   31856    1697   31021   299781   9.41
1876-1879       73      0.05960  0.05791  0.51   30159    1746   29302   268760   8.91
1876-1879       74      0.06463  0.06265  0.51   28412    1780   27542   239459   8.43
1876-1879       75      0.07062  0.06826  0.51   26632    1818   25743   211917   7.96
1876-1879       76      0.07990  0.07690  0.51   24814    1908   23881   186174   7.50
1876-1879       77      0.08721  0.08364  0.51   22906    1916   21967   162293   7.09
1876-1879       78      0.09460  0.09039  0.51   20990    1897   20056   140326   6.69
1876-1879       79      0.10368  0.09861  0.50   19093    1883   18160   120270   6.30
1876-1879       80      0.10952  0.10393  0.51   17210    1789   16333   102111   5.93
1876-1879       81      0.12006  0.11335  0.51   15421    1748   14560    85778   5.56
1876-1879       82      0.13489  0.12654  0.51   13673    1730   12827    71218   5.21
1876-1879       83      0.14709  0.13722  0.51   11943    1639   11142    58391   4.89
1876-1879       84      0.16052  0.14871  0.51   10304    1532    9546    47249   4.59
1876-1879       85      0.17814  0.16376  0.51    8772    1436    8063    37703   4.30
1876-1879       86      0.20014  0.18218  0.51    7336    1336    6677    29640   4.04
1876-1879       87      0.20724  0.18789  0.50    5999    1127    5439    22962   3.83
1876-1879       88      0.22437  0.20194  0.50    4872     984    4385    17523   3.60
1876-1879       89      0.25593  0.22715  0.51    3888     883    3451    13138   3.38
1876-1879       90      0.25906  0.22994  0.51    3005     691    2667     9687   3.22
1876-1879       91      0.28366  0.24850  0.50    2314     575    2027     7020   3.03
1876-1879       92      0.30163  0.26207  0.50    1739     456    1511     4993   2.87
1876-1879       93      0.32122  0.27759  0.51    1283     356    1109     3482   2.71
1876-1879       94      0.35274  0.29979  0.50     927     278     788     2373   2.56
1876-1879       95      0.36649  0.30967  0.50     649     201     548     1585   2.44
1876-1879       96      0.39786  0.33060  0.49     448     148     372     1037   2.31
1876-1879       97      0.39851  0.33270  0.50     300     100     250      665   2.22
1876-1879       98      0.42926  0.35593  0.52     200      71     166      414   2.07
1876-1879       99      0.46512  0.37939  0.51     129      49     105      248   1.92
1876-1879      100      0.62595  0.46996  0.47      80      38      60      143   1.79
1876-1879      101      0.47118  0.38667  0.54      42      16      35       83   1.95
1876-1879      102      0.45310  0.36957  0.50      26      10      21       48   1.85
1876-1879      103      0.67391  0.50000  0.48      16       8      12       27   1.64
1876-1879      104      0.42224  0.34483  0.47       8       3       7       15   1.79
1876-1879      105      0.62768  0.47368  0.48       5       3       4        8   1.49
1876-1879      106      0.49952  0.40000  0.50       3       1       2        4   1.40
1876-1879      107      1.08936  0.66667  0.42       2       1       1        2   1.00
1876-1879      108      0.59954  0.50000  0.67       1       0       0        1   1.17
1876-1879      109      1.49712  1.00000  0.67       0       0       0        0   0.67
1876-1879      110+           .        .     .       0       0       0        0      .
1880-1889        0      0.19032  0.16811  0.31  100000   16811   88329  5034417  50.34
1880-1889        1      0.03357  0.03301  0.49   83189    2746   81789  4946088  59.46
1880-1889        2      0.01556  0.01544  0.51   80443    1242   79830  4864299  60.47
1880-1889        3      0.01137  0.01131  0.51   79201     896   78763  4784469  60.41
1880-1889        4      0.00848  0.00844  0.51   78305     661   77981  4705706  60.09
1880-1889        5      0.00679  0.00677  0.51   77645     526   77385  4627725  59.60
1880-1889        6      0.00533  0.00532  0.52   77119     410   76920  4550340  59.00
1880-1889        7      0.00465  0.00464  0.51   76709     356   76536  4473420  58.32
1880-1889        8      0.00393  0.00392  0.51   76353     299   76207  4396884  57.59
1880-1889        9      0.00340  0.00340  0.51   76053     258   75926  4320677  56.81
1880-1889       10      0.00305  0.00304  0.51   75795     231   75681  4244750  56.00
1880-1889       11      0.00273  0.00273  0.51   75564     206   75463  4169069  55.17
1880-1889       12      0.00262  0.00261  0.51   75358     197   75262  4093607  54.32
1880-1889       13      0.00262  0.00261  0.51   75161     196   75066  4018345  53.46
1880-1889       14      0.00284  0.00284  0.51   74965     213   74861  3943279  52.60
1880-1889       15      0.00341  0.00340  0.51   74752     254   74628  3868418  51.75
1880-1889       16      0.00383  0.00382  0.51   74497     284   74359  3793790  50.93
1880-1889       17      0.00460  0.00458  0.51   74213     340   74047  3719431  50.12
1880-1889       18      0.00479  0.00478  0.51   73873     353   73701  3645384  49.35
1880-1889       19      0.00523  0.00522  0.51   73519     384   73333  3571683  48.58
1880-1889       20      0.00524  0.00522  0.51   73136     382   72949  3498350  47.83
1880-1889       21      0.00538  0.00536  0.51   72754     390   72563  3425401  47.08
1880-1889       22      0.00550  0.00548  0.51   72364     397   72168  3352838  46.33
1880-1889       23      0.00556  0.00554  0.51   71967     399   71771  3280669  45.59
1880-1889       24      0.00573  0.00572  0.51   71568     409   71370  3208899  44.84
1880-1889       25      0.00546  0.00544  0.51   71159     387   70969  3137529  44.09
1880-1889       26      0.00537  0.00535  0.51   70772     379   70585  3066560  43.33
1880-1889       27      0.00514  0.00513  0.51   70393     361   70216  2995975  42.56
1880-1889       28      0.00572  0.00570  0.52   70032     399   69840  2925759  41.78
1880-1889       29      0.00667  0.00665  0.48   69633     463   69394  2855919  41.01
1880-1889       30      0.00690  0.00687  0.49   69170     475   68929  2786526  40.29
1880-1889       31      0.00676  0.00673  0.49   68694     463   68457  2717597  39.56
1880-1889       32      0.00672  0.00670  0.49   68232     457   68000  2649140  38.83
1880-1889       33      0.00682  0.00680  0.49   67774     461   67540  2581141  38.08
1880-1889       34      0.00655  0.00653  0.49   67314     439   67092  2513600  37.34
1880-1889       35      0.00660  0.00657  0.49   66874     440   66652  2446509  36.58
1880-1889       36      0.00667  0.00664  0.49   66435     441   66212  2379856  35.82
1880-1889       37      0.00661  0.00658  0.50   65993     434   65777  2313645  35.06
1880-1889       38      0.00629  0.00627  0.50   65559     411   65351  2247868  34.29
1880-1889       39      0.00588  0.00586  0.51   65148     382   64961  2182516  33.50
1880-1889       40      0.00593  0.00591  0.51   64766     383   64577  2117555  32.70
1880-1889       41      0.00615  0.00614  0.51   64383     395   64191  2052978  31.89
1880-1889       42      0.00637  0.00635  0.51   63988     406   63788  1988788  31.08
1880-1889       43      0.00669  0.00667  0.51   63582     424   63376  1925000  30.28
1880-1889       44      0.00684  0.00682  0.51   63158     431   62946  1861624  29.48
1880-1889       45      0.00739  0.00736  0.51   62727     462   62501  1798678  28.67
1880-1889       46      0.00755  0.00752  0.50   62266     468   62033  1736177  27.88
1880-1889       47      0.00838  0.00834  0.51   61797     515   61543  1674144  27.09
1880-1889       48      0.00848  0.00845  0.51   61282     518   61027  1612601  26.31
1880-1889       49      0.00901  0.00897  0.51   60764     545   60496  1551575  25.53
1880-1889       50      0.00985  0.00981  0.51   60219     591   59928  1491079  24.76
1880-1889       51      0.01026  0.01021  0.51   59629     609   59329  1431151  24.00
1880-1889       52      0.01107  0.01101  0.51   59020     650   58698  1371822  23.24
1880-1889       53      0.01160  0.01154  0.51   58370     673   58041  1313124  22.50
1880-1889       54      0.01209  0.01202  0.51   57697     693   57354  1255083  21.75
1880-1889       55      0.01324  0.01315  0.51   57003     750   56633  1197730  21.01
1880-1889       56      0.01381  0.01372  0.51   56253     772   55872  1141096  20.28
1880-1889       57      0.01460  0.01450  0.50   55482     804   55083  1085224  19.56
1880-1889       58      0.01606  0.01593  0.51   54677     871   54249  1030141  18.84
1880-1889       59      0.01719  0.01704  0.50   53806     917   53352   975892  18.14
1880-1889       60      0.01838  0.01821  0.51   52889     963   52417   922540  17.44
1880-1889       61      0.01985  0.01966  0.51   51926    1021   51422   870123  16.76
1880-1889       62      0.02083  0.02061  0.50   50905    1049   50382   818701  16.08
1880-1889       63      0.02289  0.02264  0.51   49856    1129   49301   768320  15.41
1880-1889       64      0.02476  0.02446  0.50   48727    1192   48136   719019  14.76
1880-1889       65      0.02704  0.02668  0.50   47535    1268   46906   670883  14.11
1880-1889       66      0.02946  0.02903  0.51   46267    1343   45602   623977  13.49
1880-1889       67      0.03151  0.03103  0.51   44923    1394   44238   578375  12.87
1880-1889       68      0.03485  0.03426  0.51   43529    1492   42797   534137  12.27
1880-1889       69      0.03736  0.03668  0.50   42038    1542   41274   491340  11.69
1880-1889       70      0.04080  0.03999  0.51   40496    1620   39697   450066  11.11
1880-1889       71      0.04332  0.04241  0.50   38876    1649   38060   410368  10.56
1880-1889       72      0.04879  0.04765  0.51   37228    1774   36356   372308  10.00
1880-1889       73      0.05257  0.05124  0.51   35454    1817   34559   335953   9.48
1880-1889       74      0.05879  0.05712  0.50   33637    1922   32686   301393   8.96
1880-1889       75      0.06323  0.06132  0.51   31716    1945   30757   268707   8.47
1880-1889       76      0.07136  0.06893  0.51   29771    2052   28757   237951   7.99
1880-1889       77      0.07899  0.07604  0.51   27719    2108   26684   209193   7.55
1880-1889       78      0.08576  0.08228  0.51   25611    2107   24572   182509   7.13
1880-1889       79      0.09443  0.09022  0.51   23504    2121   22457   157937   6.72
1880-1889       80      0.10225  0.09733  0.51   21383    2081   20354   135480   6.34
1880-1889       81      0.11414  0.10806  0.51   19302    2086   18275   115126   5.96
1880-1889       82      0.12590  0.11852  0.51   17216    2041   16207    96851   5.63
1880-1889       83      0.13452  0.12613  0.51   15176    1914   14229    80644   5.31
1880-1889       84      0.14694  0.13703  0.51   13262    1817   12367    66416   5.01
1880-1889       85      0.15875  0.14720  0.51   11445    1685   10612    54048   4.72
1880-1889       86      0.17453  0.16062  0.50    9760    1568    8982    43436   4.45
1880-1889       87      0.18277  0.16759  0.50    8192    1373    7512    34454   4.21
1880-1889       88      0.20274  0.18410  0.50    6819    1255    6192    26942   3.95
1880-1889       89      0.21513  0.19434  0.50    5564    1081    5026    20750   3.73
1880-1889       90      0.23818  0.21293  0.50    4483     954    4007    15723   3.51
1880-1889       91      0.25024  0.22245  0.50    3528     785    3136    11716   3.32
1880-1889       92      0.26750  0.23625  0.51    2743     648    2423     8579   3.13
1880-1889       93      0.29025  0.25345  0.50    2095     531    1830     6157   2.94
1880-1889       94      0.31661  0.27329  0.50    1564     427    1350     4327   2.77
1880-1889       95      0.33649  0.28809  0.50    1137     327     973     2977   2.62
1880-1889       96      0.35765  0.30384  0.50     809     246     687     2004   2.48
1880-1889       97      0.36334  0.30743  0.50     563     173     477     1316   2.34
1880-1889       98      0.41215  0.34136  0.50     390     133     323      840   2.15
1880-1889       99      0.45900  0.37352  0.50     257      96     209      517   2.01
1880-1889      100      0.52588  0.41288  0.48     161      66     126      308   1.91
1880-1889      101      0.47037  0.38194  0.51      95      36      77      181   1.92
1880-1889      102      0.54099  0.42589  0.50      58      25      46      104   1.79
1880-1889      103      0.49346  0.39636  0.50      34      13      27       58   1.74
1880-1889      104      0.69254  0.51807  0.51      20      10      15       31   1.55
1880-1889      105      0.57639  0.43750  0.45      10       4       7       16   1.67
1880-1889      106      0.53215  0.42222  0.51       5       2       4        9   1.62
1880-1889      107      0.52313  0.42308  0.55       3       1       3        5   1.44
1880-1889      108      0.77340  0.53333  0.42       2       1       1        2   1.09
1880-1889      109      0.79833  0.57143  0.50       1       0       1        1   0.86
1880-1889      110+     2.98512  1.00000  0.33       0       0       0        0   0.33
1890-1899        0      0.16731  0.14990  0.31  100000   14990   89592  5462456  54.62
1890-1899        1      0.02753  0.02715  0.49   85010    2308   83826  5372863  63.20
1890-1899        2      0.01227  0.01220  0.51   82702    1009   82203  5289037  63.95
1890-1899        3      0.00831  0.00827  0.50   81693     676   81357  5206835  63.74
1890-1899        4      0.00576  0.00575  0.51   81017     466   80788  5125477  63.26
1890-1899        5      0.00492  0.00491  0.51   80552     395   80356  5044689  62.63
1890-1899        6      0.00374  0.00373  0.50   80156     299   80008  4964333  61.93
1890-1899        7      0.00334  0.00334  0.51   79858     266   79726  4884325  61.16
1890-1899        8      0.00291  0.00290  0.51   79591     231   79478  4804599  60.37
1890-1899        9      0.00266  0.00266  0.50   79360     211   79256  4725121  59.54
1890-1899       10      0.00224  0.00224  0.50   79149     177   79061  4645865  58.70
1890-1899       11      0.00223  0.00223  0.51   78972     176   78887  4566804  57.83
1890-1899       12      0.00219  0.00219  0.51   78796     172   78712  4487918  56.96
1890-1899       13      0.00242  0.00241  0.51   78624     190   78532  4409206  56.08
1890-1899       14      0.00245  0.00245  0.51   78434     192   78341  4330674  55.21
1890-1899       15      0.00296  0.00295  0.52   78242     231   78130  4252334  54.35
1890-1899       16      0.00341  0.00340  0.52   78011     265   77883  4174204  53.51
1890-1899       17      0.00391  0.00390  0.51   77746     303   77598  4096321  52.69
1890-1899       18      0.00432  0.00431  0.52   77443     334   77282  4018723  51.89
1890-1899       19      0.00534  0.00532  0.50   77109     410   76904  3941441  51.12
1890-1899       20      0.00562  0.00561  0.50   76699     430   76483  3864536  50.39
1890-1899       21      0.00539  0.00537  0.49   76269     410   76060  3788053  49.67
1890-1899       22      0.00546  0.00544  0.49   75859     413   75648  3711993  48.93
1890-1899       23      0.00565  0.00564  0.50   75446     425   75232  3636345  48.20
1890-1899       24      0.00578  0.00576  0.50   75021     432   74803  3561113  47.47
1890-1899       25      0.00577  0.00576  0.49   74588     429   74369  3486310  46.74
1890-1899       26      0.00565  0.00563  0.49   74159     418   73945  3411941  46.01
1890-1899       27      0.00590  0.00588  0.49   73741     434   73519  3337996  45.27
1890-1899       28      0.00547  0.00545  0.47   73308     400   73097  3264477  44.53
1890-1899       29      0.00426  0.00425  0.51   72908     310   72757  3191381  43.77
1890-1899       30      0.00422  0.00421  0.51   72598     306   72448  3118623  42.96
1890-1899       31      0.00420  0.00419  0.51   72292     303   72143  3046175  42.14
1890-1899       32      0.00401  0.00400  0.50   71989     288   71846  2974033  41.31
1890-1899       33      0.00418  0.00417  0.50   71701     299   71552  2902186  40.48
1890-1899       34      0.00425  0.00424  0.50   71402     303   71251  2830635  39.64
1890-1899       35      0.00424  0.00423  0.51   71099     301   70952  2759384  38.81
1890-1899       36      0.00437  0.00436  0.51   70798     308   70645  2688431  37.97
1890-1899       37      0.00453  0.00451  0.51   70490     318   70334  2617786  37.14
1890-1899       38      0.00459  0.00458  0.50   70171     322   70012  2547452  36.30
1890-1899       39      0.00452  0.00451  0.51   69850     315   69695  2477440  35.47
1890-1899       40      0.00478  0.00477  0.51   69535     332   69372  2407746  34.63
1890-1899       41      0.00484  0.00483  0.50   69203     334   69037  2338374  33.79
1890-1899       42      0.00502  0.00500  0.51   68869     345   68699  2269337  32.95
1890-1899       43      0.00529  0.00527  0.50   68524     361   68345  2200638  32.11
1890-1899       44      0.00544  0.00542  0.51   68163     370   67980  2132293  31.28
1890-1899       45      0.00569  0.00567  0.51   67793     384   67604  2064313  30.45
1890-1899       46      0.00588  0.00587  0.51   67409     395   67215  1996709  29.62
1890-1899       47      0.00653  0.00651  0.51   67013     436   66798  1929495  28.79
1890-1899       48      0.00659  0.00656  0.50   66577     437   66359  1862697  27.98
1890-1899       49      0.00720  0.00718  0.50   66140     475   65904  1796338  27.16
1890-1899       50      0.00759  0.00756  0.50   65666     496   65419  1730433  26.35
1890-1899       51      0.00833  0.00830  0.51   65169     541   64902  1665015  25.55
1890-1899       52      0.00886  0.00882  0.50   64629     570   64345  1600112  24.76
1890-1899       53      0.00931  0.00927  0.51   64059     594   63766  1535767  23.97
1890-1899       54      0.00998  0.00993  0.51   63465     630   63153  1472001  23.19
1890-1899       55      0.01060  0.01054  0.50   62834     662   62506  1408848  22.42
1890-1899       56      0.01143  0.01137  0.50   62172     707   61820  1346342  21.66
1890-1899       57      0.01200  0.01193  0.50   61465     733   61101  1284522  20.90
1890-1899       58      0.01316  0.01308  0.50   60732     794   60338  1223421  20.14
1890-1899       59      0.01437  0.01427  0.50   59938     855   59510  1163083  19.40
1890-1899       60      0.01553  0.01541  0.51   59082     910   58633  1103573  18.68
1890-1899       61      0.01654  0.01641  0.50   58172     954   57697  1044940  17.96
1890-1899       62      0.01815  0.01799  0.50   57217    1029   56708   987243  17.25
1890-1899       63      0.01941  0.01922  0.51   56188    1080   55656   930536  16.56
1890-1899       64      0.02129  0.02106  0.50   55108    1161   54532   874879  15.88
1890-1899       65      0.02309  0.02283  0.50   53947    1232   53337   820347  15.21
1890-1899       66      0.02536  0.02505  0.51   52715    1320   52062   767010  14.55
1890-1899       67      0.02770  0.02732  0.50   51395    1404   50696   714948  13.91
1890-1899       68      0.03053  0.03008  0.50   49991    1503   49246   664252  13.29
1890-1899       69      0.03308  0.03254  0.50   48487    1578   47705   615006  12.68
1890-1899       70      0.03643  0.03579  0.51   46909    1679   46079   567300  12.09
1890-1899       71      0.03983  0.03906  0.51   45230    1767   44357   521221  11.52
1890-1899       72      0.04345  0.04254  0.50   43464    1849   42546   476865  10.97
1890-1899       73      0.04715  0.04607  0.50   41615    1917   40664   434319  10.44
1890-1899       74      0.05136  0.05009  0.51   39697    1988   38716   393655   9.92
1890-1899       75      0.05583  0.05433  0.50   37709    2049   36695   354939   9.41
1890-1899       76      0.06074  0.05898  0.51   35660    2103   34622   318244   8.92
1890-1899       77      0.06572  0.06365  0.51   33557    2136   32500   283622   8.45
1890-1899       78      0.07245  0.06994  0.50   31421    2198   30334   251121   7.99
1890-1899       79      0.07935  0.07635  0.50   29224    2231   28118   220788   7.56
1890-1899       80      0.08445  0.08104  0.50   26993    2187   25903   192670   7.14
1890-1899       81      0.09241  0.08835  0.50   24805    2192   23715   166767   6.72
1890-1899       82      0.10210  0.09719  0.50   22614    2198   21525   143052   6.33
1890-1899       83      0.11143  0.10562  0.51   20416    2156   19351   121526   5.95
1890-1899       84      0.12274  0.11569  0.50   18259    2112   17211   102175   5.60
1890-1899       85      0.13122  0.12323  0.51   16147    1990   15164    84965   5.26
1890-1899       86      0.14512  0.13538  0.50   14157    1917   13207    69801   4.93
1890-1899       87      0.15965  0.14799  0.51   12241    1811   11347    56594   4.62
1890-1899       88      0.16922  0.15611  0.50   10429    1628    9621    45247   4.34
1890-1899       89      0.18610  0.17033  0.50    8801    1499    8055    35626   4.05
1890-1899       90      0.20994  0.19019  0.51    7302    1389    6615    27570   3.78
1890-1899       91      0.22477  0.20218  0.50    5913    1196    5319    20955   3.54
1890-1899       92      0.24609  0.21931  0.50    4718    1035    4204    15636   3.31
1890-1899       93      0.26726  0.23610  0.51    3683     870    3254    11432   3.10
1890-1899       94      0.28800  0.25206  0.50    2814     709    2462     8178   2.91
1890-1899       95      0.31238  0.27023  0.50    2104     569    1820     5716   2.72
1890-1899       96      0.33674  0.28820  0.50    1536     443    1314     3895   2.54
1890-1899       97      0.36701  0.31001  0.50    1093     339     923     2581   2.36
1890-1899       98      0.41082  0.34079  0.50     754     257     626     1658   2.20
1890-1899       99      0.41205  0.34161  0.50     497     170     412     1032   2.08
1890-1899      100      0.49568  0.39723  0.50     327     130     262      620   1.89
1890-1899      101      0.46182  0.37522  0.50     197      74     160      357   1.81
1890-1899      102      0.58639  0.45326  0.50     123      56      95      197   1.60
1890-1899      103      0.63037  0.47668  0.49      67      32      51      102   1.51
1890-1899      104      0.71074  0.52145  0.49      35      18      26       51   1.44
1890-1899      105      0.67383  0.51034  0.52      17       9      13       25   1.48
1890-1899      106      0.63283  0.47887  0.49       8       4       6       12   1.48
1890-1899      107      0.64222  0.48649  0.50       4       2       3        6   1.39
1890-1899      108      0.61300  0.47368  0.52       2       1       2        3   1.23
1890-1899      109      0.85593  0.60000  0.50       1       1       1        1   0.87
1890-1899      110+     2.39178  1.00000  0.42       0       0       0        0   0.42
1900-1909        0      0.14082  0.12828  0.31  100000   12828   91094  5949338  59.49
1900-1909        1      0.02186  0.02161  0.49   87172    1884   86202  5858245  67.20
1900-1909        2      0.00921  0.00917  0.50   85288     782   84897  5772042  67.68
1900-1909        3      0.00601  0.00599  0.51   84506     506   84256  5687145  67.30
1900-1909        4      0.00463  0.00462  0.51   84000     388   83808  5602890  66.70
1900-1909        5      0.00360  0.00359  0.51   83612     300   83464  5519082  66.01
1900-1909        6      0.00289  0.00289  0.50   83311     241   83192  5435618  65.24
1900-1909        7      0.00255  0.00254  0.50   83071     211   82965  5352426  64.43
1900-1909        8      0.00230  0.00230  0.51   82859     191   82766  5269460  63.60
1900-1909        9      0.00219  0.00219  0.50   82669     181   82578  5186694  62.74
1900-1909       10      0.00209  0.00209  0.51   82488     172   82403  5104116  61.88
1900-1909       11      0.00198  0.00198  0.50   82315     163   82233  5021714  61.01
1900-1909       12      0.00199  0.00199  0.51   82153     164   82072  4939480  60.13
1900-1909       13      0.00211  0.00211  0.50   81989     173   81902  4857408  59.24
1900-1909       14      0.00235  0.00235  0.51   81816     192   81722  4775506  58.37
1900-1909       15      0.00271  0.00271  0.51   81624     221   81516  4693784  57.51
1900-1909       16      0.00322  0.00322  0.51   81403     262   81273  4612268  56.66
1900-1909       17      0.00368  0.00368  0.50   81141     298   80993  4530994  55.84
1900-1909       18      0.00380  0.00379  0.50   80843     306   80688  4450002  55.05
1900-1909       19      0.00372  0.00371  0.51   80536     299   80390  4369313  54.25
1900-1909       20      0.00364  0.00363  0.50   80237     291   80092  4288923  53.45
1900-1909       21      0.00369  0.00368  0.51   79946     294   79801  4208830  52.65
1900-1909       22      0.00383  0.00382  0.51   79651     304   79501  4129030  51.84
1900-1909       23      0.00377  0.00377  0.50   79347     299   79199  4049529  51.04
1900-1909       24      0.00389  0.00388  0.50   79048     307   78896  3970330  50.23
1900-1909       25      0.00377  0.00376  0.51   78741     296   78595  3891434  49.42
1900-1909       26      0.00372  0.00371  0.51   78445     291   78302  3812839  48.61
1900-1909       27      0.00351  0.00351  0.51   78154     274   78018  3734538  47.78
1900-1909       28      0.00343  0.00342  0.50   77880     267   77747  3656519  46.95
1900-1909       29      0.00335  0.00335  0.49   77613     260   77482  3578772  46.11
1900-1909       30      0.00344  0.00343  0.50   77354     265   77221  3501290  45.26
1900-1909       31      0.00335  0.00335  0.51   77088     258   76961  3424069  44.42
1900-1909       32      0.00311  0.00311  0.50   76830     239   76712  3347108  43.56
1900-1909       33      0.00316  0.00315  0.51   76592     241   76473  3270396  42.70
1900-1909       34      0.00326  0.00326  0.50   76350     249   76227  3193923  41.83
1900-1909       35      0.00330  0.00329  0.50   76102     251   75977  3117696  40.97
1900-1909       36      0.00315  0.00315  0.50   75851     239   75732  3041719  40.10
1900-1909       37      0.00328  0.00327  0.51   75612     247   75491  2965987  39.23
1900-1909       38      0.00325  0.00324  0.50   75365     244   75243  2890496  38.35
1900-1909       39      0.00341  0.00340  0.50   75120     256   74993  2815253  37.48
1900-1909       40      0.00338  0.00338  0.51   74865     253   74740  2740260  36.60
1900-1909       41      0.00356  0.00356  0.50   74612     265   74480  2665520  35.73
1900-1909       42      0.00387  0.00386  0.50   74346     287   74204  2591040  34.85
1900-1909       43      0.00384  0.00383  0.50   74059     284   73917  2516836  33.98
1900-1909       44      0.00408  0.00407  0.50   73776     300   73626  2442919  33.11
1900-1909       45      0.00429  0.00428  0.50   73475     315   73318  2369292  32.25
1900-1909       46      0.00469  0.00468  0.50   73161     343   72991  2295974  31.38
1900-1909       47      0.00485  0.00484  0.50   72818     352   72643  2222983  30.53
1900-1909       48      0.00535  0.00534  0.50   72466     387   72273  2150341  29.67
1900-1909       49      0.00559  0.00557  0.50   72079     401   71879  2078067  28.83
1900-1909       50      0.00594  0.00593  0.50   71678     425   71466  2006189  27.99
1900-1909       51      0.00653  0.00651  0.50   71253     464   71023  1934723  27.15
1900-1909       52      0.00719  0.00717  0.50   70789     507   70538  1863700  26.33
1900-1909       53      0.00755  0.00752  0.51   70282     529   70020  1793162  25.51
1900-1909       54      0.00847  0.00843  0.51   69753     588   69462  1723142  24.70
1900-1909       55      0.00913  0.00909  0.51   69165     629   68854  1653680  23.91
1900-1909       56      0.00967  0.00963  0.50   68536     660   68207  1584826  23.12
1900-1909       57      0.01067  0.01062  0.50   67876     721   67519  1516619  22.34
1900-1909       58      0.01155  0.01149  0.50   67156     771   66772  1449100  21.58
1900-1909       59      0.01255  0.01247  0.51   66384     828   65977  1382328  20.82
1900-1909       60      0.01380  0.01371  0.50   65557     899   65109  1316351  20.08
1900-1909       61      0.01476  0.01466  0.50   64658     948   64184  1251242  19.35
1900-1909       62      0.01606  0.01593  0.50   63710    1015   63205  1187058  18.63
1900-1909       63      0.01733  0.01718  0.51   62695    1077   62163  1123853  17.93
1900-1909       64      0.01895  0.01878  0.50   61618    1157   61044  1061690  17.23
1900-1909       65      0.02036  0.02015  0.50   60461    1218   59856  1000647  16.55
1900-1909       66      0.02239  0.02214  0.50   59243    1312   58591   940791  15.88
1900-1909       67      0.02421  0.02392  0.50   57931    1386   57243   882199  15.23
1900-1909       68      0.02581  0.02548  0.50   56546    1441   55829   824956  14.59
1900-1909       69      0.02825  0.02786  0.50   55105    1535   54342   769127  13.96
1900-1909       70      0.02971  0.02928  0.50   53570    1568   52793   714785  13.34
1900-1909       71      0.03244  0.03192  0.50   52001    1660   51176   661992  12.73
1900-1909       72      0.03504  0.03444  0.50   50341    1734   49479   610816  12.13
1900-1909       73      0.03830  0.03759  0.50   48608    1827   47699   561337  11.55
1900-1909       74      0.04167  0.04083  0.51   46781    1910   45836   513638  10.98
1900-1909       75      0.04467  0.04370  0.50   44871    1961   43899   467801  10.43
1900-1909       76      0.04895  0.04779  0.50   42910    2050   41890   423903   9.88
1900-1909       77      0.05279  0.05144  0.50   40859    2102   39816   382013   9.35
1900-1909       78      0.05742  0.05583  0.51   38758    2164   37687   342197   8.83
1900-1909       79      0.06381  0.06185  0.50   36594    2263   35469   304510   8.32
1900-1909       80      0.07025  0.06788  0.50   34330    2330   33171   269041   7.84
1900-1909       81      0.07767  0.07480  0.50   32000    2393   30815   235870   7.37
1900-1909       82      0.08431  0.08093  0.50   29606    2396   28419   205055   6.93
1900-1909       83      0.09277  0.08867  0.50   27210    2413   26008   176636   6.49
1900-1909       84      0.10205  0.09713  0.50   24798    2409   23603   150628   6.07
1900-1909       85      0.11105  0.10526  0.50   22389    2357   21222   127025   5.67
1900-1909       86      0.12351  0.11636  0.50   20032    2331   18874   105803   5.28
1900-1909       87      0.13755  0.12880  0.51   17701    2280   16575    86929   4.91
1900-1909       88      0.15324  0.14242  0.50   15421    2196   14333    70354   4.56
1900-1909       89      0.17093  0.15757  0.50   13225    2084   12192    56021   4.24
1900-1909       90      0.18980  0.17349  0.50   11141    1933   10184    43829   3.93
1900-1909       91      0.21234  0.19213  0.50    9208    1769    8332    33645   3.65
1900-1909       92      0.23413  0.20969  0.50    7439    1560    6663    25313   3.40
1900-1909       93      0.25557  0.22685  0.50    5879    1334    5219    18651   3.17
1900-1909       94      0.28211  0.24754  0.51    4545    1125    3989    13432   2.95
1900-1909       95      0.30590  0.26544  0.50    3420     908    2968     9443   2.76
1900-1909       96      0.33777  0.28890  0.50    2512     726    2149     6476   2.58
1900-1909       97      0.36186  0.30612  0.50    1787     547    1511     4327   2.42
1900-1909       98      0.39216  0.32795  0.50    1240     407    1037     2815   2.27
1900-1909       99      0.41939  0.34610  0.50     833     288     688     1779   2.13
1900-1909      100      0.44291  0.36311  0.50     545     198     447     1091   2.00
1900-1909      101      0.48948  0.39200  0.49     347     136     278      644   1.86
1900-1909      102      0.51984  0.41256  0.50     211      87     167      367   1.74
1900-1909      103      0.59213  0.45423  0.49     124      56      95      199   1.61
1900-1909      104      0.60232  0.46082  0.49      68      31      52      104   1.54
1900-1909      105      0.66943  0.49709  0.48      36      18      27       52   1.43
1900-1909      106      0.70503  0.51445  0.47      18       9      13       25   1.37
1900-1909      107      0.82134  0.57143  0.47       9       5       6       12   1.33
1900-1909      108      0.71114  0.52778  0.51       4       2       3        6   1.47
1900-1909      109      0.85511  0.58824  0.47       2       1       1        3   1.54
1900-1909      110+     0.48175  1.00000  2.08       1       1       2        2   2.08
1910-1919        0      0.10013  0.09362  0.31  100000    9362   93499  6515024  65.15
1910-1919        1      0.01610  0.01597  0.49   90638    1448   89892  6421525  70.85
1910-1919        2      0.00726  0.00723  0.50   89190     645   88866  6331633  70.99
1910-1919        3      0.00488  0.00486  0.50   88545     431   88330  6242767  70.50
1910-1919        4      0.00378  0.00378  0.50   88114     333   87946  6154437  69.85
1910-1919        5      0.00316  0.00316  0.50   87781     277   87642  6066491  69.11
1910-1919        6      0.00284  0.00284  0.50   87505     248   87381  5978849  68.33
1910-1919        7      0.00235  0.00234  0.50   87256     205   87155  5891468  67.52
1910-1919        8      0.00202  0.00202  0.50   87052     176   86964  5804313  66.68
1910-1919        9      0.00172  0.00172  0.50   86876     149   86802  5717349  65.81
1910-1919       10      0.00151  0.00151  0.50   86727     131   86661  5630547  64.92
1910-1919       11      0.00135  0.00135  0.50   86596     117   86537  5543885  64.02
1910-1919       12      0.00126  0.00126  0.50   86479     109   86425  5457348  63.11
1910-1919       13      0.00144  0.00144  0.50   86370     124   86308  5370923  62.19
1910-1919       14      0.00161  0.00161  0.51   86246     139   86178  5284615  61.27
1910-1919       15      0.00185  0.00184  0.50   86107     159   86028  5198437  60.37
1910-1919       16      0.00218  0.00218  0.51   85948     187   85857  5112409  59.48
1910-1919       17      0.00244  0.00244  0.51   85761     209   85659  5026552  58.61
1910-1919       18      0.00260  0.00260  0.51   85552     223   85443  4940893  57.75
1910-1919       19      0.00290  0.00290  0.51   85329     247   85209  4855450  56.90
1910-1919       20      0.00291  0.00291  0.50   85082     247   84958  4770241  56.07
1910-1919       21      0.00302  0.00301  0.50   84835     256   84707  4685283  55.23
1910-1919       22      0.00296  0.00295  0.50   84579     250   84455  4600576  54.39
1910-1919       23      0.00294  0.00294  0.50   84329     248   84205  4516121  53.55
1910-1919       24      0.00284  0.00284  0.50   84081     239   83963  4431917  52.71
1910-1919       25      0.00296  0.00296  0.50   83843     248   83719  4347954  51.86
1910-1919       26      0.00284  0.00284  0.50   83595     237   83476  4264234  51.01
1910-1919       27      0.00271  0.00271  0.50   83357     226   83246  4180758  50.15
1910-1919       28      0.00254  0.00254  0.49   83132     211   83025  4097512  49.29
1910-1919       29      0.00255  0.00254  0.50   82921     211   82815  4014487  48.41
1910-1919       30      0.00244  0.00244  0.50   82710     201   82608  3931673  47.54
1910-1919       31      0.00242  0.00242  0.50   82508     200   82408  3849064  46.65
1910-1919       32      0.00233  0.00233  0.50   82309     192   82212  3766656  45.76
1910-1919       33      0.00233  0.00233  0.50   82117     191   82021  3684444  44.87
1910-1919       34      0.00224  0.00223  0.50   81926     183   81835  3602424  43.97
1910-1919       35      0.00218  0.00218  0.50   81743     178   81653  3520589  43.07
1910-1919       36      0.00220  0.00219  0.50   81564     179   81474  3438935  42.16
1910-1919       37      0.00223  0.00223  0.50   81385     181   81295  3357461  41.25
1910-1919       38      0.00220  0.00220  0.50   81204     179   81114  3276166  40.34
1910-1919       39      0.00227  0.00227  0.51   81025     184   80935  3195052  39.43
1910-1919       40      0.00232  0.00232  0.50   80841     187   80748  3114117  38.52
1910-1919       41      0.00263  0.00263  0.50   80654     212   80548  3033369  37.61
1910-1919       42      0.00265  0.00265  0.50   80441     213   80335  2952821  36.71
1910-1919       43      0.00300  0.00300  0.50   80229     241   80109  2872486  35.80
1910-1919       44      0.00315  0.00314  0.50   79988     251   79863  2792377  34.91
1910-1919       45      0.00337  0.00336  0.51   79737     268   79605  2712514  34.02
1910-1919       46      0.00362  0.00361  0.50   79469     287   79325  2632909  33.13
1910-1919       47      0.00409  0.00409  0.50   79182     324   79020  2553584  32.25
1910-1919       48      0.00433  0.00432  0.51   78858     340   78690  2474564  31.38
1910-1919       49      0.00489  0.00488  0.50   78518     383   78327  2395874  30.51
1910-1919       50      0.00503  0.00501  0.50   78135     392   77939  2317547  29.66
1910-1919       51      0.00559  0.00558  0.51   77743     434   77530  2239608  28.81
1910-1919       52      0.00621  0.00619  0.50   77309     478   77072  2162078  27.97
1910-1919       53      0.00677  0.00675  0.50   76831     518   76572  2085006  27.14
1910-1919       54      0.00736  0.00733  0.50   76312     560   76032  2008435  26.32
1910-1919       55      0.00769  0.00766  0.51   75753     580   75468  1932402  25.51
1910-1919       56      0.00852  0.00849  0.50   75173     638   74855  1856934  24.70
1910-1919       57      0.00910  0.00906  0.50   74535     675   74198  1782079  23.91
1910-1919       58      0.00957  0.00953  0.50   73859     704   73509  1707881  23.12
1910-1919       59      0.01077  0.01072  0.50   73156     784   72766  1634373  22.34
1910-1919       60      0.01122  0.01116  0.50   72372     807   71968  1561607  21.58
1910-1919       61      0.01233  0.01226  0.50   71564     877   71129  1489638  20.82
1910-1919       62      0.01325  0.01316  0.50   70687     930   70223  1418510  20.07
1910-1919       63      0.01470  0.01460  0.50   69757    1018   69246  1348286  19.33
1910-1919       64      0.01543  0.01532  0.50   68738    1053   68217  1279040  18.61
1910-1919       65      0.01698  0.01684  0.50   67686    1140   67118  1210823  17.89
1910-1919       66      0.01828  0.01811  0.50   66546    1205   65945  1143705  17.19
1910-1919       67      0.01973  0.01954  0.50   65341    1277   64706  1077759  16.49
1910-1919       68      0.02110  0.02088  0.50   64064    1338   63397  1013053  15.81
1910-1919       69      0.02271  0.02246  0.50   62726    1409   62028   949656  15.14
1910-1919       70      0.02424  0.02395  0.50   61317    1468   60584   887628  14.48
1910-1919       71      0.02638  0.02604  0.50   59849    1559   59076   827044  13.82
1910-1919       72      0.02864  0.02823  0.50   58290    1646   57473   767968  13.17
1910-1919       73      0.03127  0.03079  0.50   56645    1744   55778   710496  12.54
1910-1919       74      0.03386  0.03330  0.50   54901    1828   53992   654718  11.93
1910-1919       75      0.03670  0.03604  0.50   53072    1913   52120   600726  11.32
1910-1919       76      0.04045  0.03966  0.51   51160    2029   50156   548606  10.72
1910-1919       77      0.04408  0.04313  0.50   49131    2119   48075   498450  10.15
1910-1919       78      0.04762  0.04652  0.51   47012    2187   45930   450376   9.58
1910-1919       79      0.05223  0.05092  0.51   44825    2282   43698   404445   9.02
1910-1919       80      0.05921  0.05752  0.50   42542    2447   41329   360748   8.48
1910-1919       81      0.06441  0.06242  0.51   40095    2503   38857   319419   7.97
1910-1919       82      0.07168  0.06922  0.50   37592    2602   36300   280562   7.46
1910-1919       83      0.08051  0.07743  0.51   34990    2709   33652   244262   6.98
1910-1919       84      0.08846  0.08477  0.51   32281    2737   30934   210610   6.52
1910-1919       85      0.09859  0.09401  0.51   29544    2778   28175   179675   6.08
1910-1919       86      0.11126  0.10546  0.51   26767    2823   25370   151501   5.66
1910-1919       87      0.12275  0.11571  0.50   23944    2771   22570   126130   5.27
1910-1919       88      0.13608  0.12751  0.51   21173    2700   19840   103561   4.89
1910-1919       89      0.15249  0.14181  0.51   18474    2620   17180    83721   4.53
1910-1919       90      0.17158  0.15808  0.50   15854    2506   14607    66541   4.20
1910-1919       91      0.19265  0.17576  0.50   13348    2346   12177    51934   3.89
1910-1919       92      0.21165  0.19155  0.50   11002    2107    9957    39757   3.61
1910-1919       93      0.23078  0.20703  0.50    8894    1841    7979    29800   3.35
1910-1919       94      0.26123  0.23118  0.50    7053    1630    6242    21821   3.09
1910-1919       95      0.28874  0.25261  0.50    5422    1370    4744    15579   2.87
1910-1919       96      0.31578  0.27276  0.50    4053    1105    3501    10835   2.67
1910-1919       97      0.34770  0.29608  0.50    2947     873    2510     7334   2.49
1910-1919       98      0.38393  0.32218  0.50    2075     668    1741     4825   2.33
1910-1919       99      0.40592  0.33679  0.49    1406     474    1167     3084   2.19
1910-1919      100      0.43880  0.35979  0.50     933     336     765     1917   2.06
1910-1919      101      0.47904  0.38605  0.50     597     230     481     1152   1.93
1910-1919      102      0.49499  0.39566  0.49     367     145     293      671   1.83
1910-1919      103      0.53332  0.42111  0.50     222      93     175      378   1.71
1910-1919      104      0.59814  0.45528  0.48     128      58      98      203   1.58
1910-1919      105      0.55594  0.43053  0.48      70      30      54      106   1.51
1910-1919      106      0.75723  0.54409  0.48      40      22      29       52   1.30
1910-1919      107      0.59794  0.45616  0.48      18       8      14       23   1.27
1910-1919      108      0.85789  0.62264  0.56      10       6       7        9   0.92
1910-1919      109      2.20597  0.91818  0.36       4       3       2        2   0.53
1910-1919      110+     0.74901  1.00000  1.34       0       0       0        0   1.34
1920-1929        0      0.06469  0.06176  0.27  100000    6176   95468  7110519  71.11
1920-1929        1      0.00955  0.00951  0.49   93824     892   93372  7015051  74.77
1920-1929        2      0.00462  0.00461  0.50   92932     429   92719  6921679  74.48
1920-1929        3      0.00326  0.00325  0.50   92504     301   92354  6828960  73.82
1920-1929        4      0.00251  0.00250  0.50   92203     231   92088  6736606  73.06
1920-1929        5      0.00215  0.00215  0.51   91972     197   91875  6644518  72.25
1920-1929        6      0.00197  0.00197  0.50   91775     180   91685  6552643  71.40
1920-1929        7      0.00172  0.00172  0.50   91594     158   91516  6460958  70.54
1920-1929        8      0.00148  0.00148  0.51   91437     136   91371  6369442  69.66
1920-1929        9      0.00132  0.00132  0.50   91301     120   91241  6278071  68.76
1920-1929       10      0.00119  0.00119  0.50   91181     108   91127  6186831  67.85
1920-1929       11      0.00115  0.00115  0.51   91073     105   91022  6095704  66.93
1920-1929       12      0.00119  0.00119  0.51   90968     108   90915  6004682  66.01
1920-1929       13      0.00119  0.00119  0.51   90860     108   90807  5913767  65.09
1920-1929       14      0.00119  0.00119  0.50   90752     108   90699  5822960  64.16
1920-1929       15      0.00142  0.00142  0.51   90644     129   90581  5732261  63.24
1920-1929       16      0.00156  0.00156  0.51   90515     141   90446  5641680  62.33
1920-1929       17      0.00180  0.00180  0.51   90374     163   90294  5551234  61.43
1920-1929       18      0.00187  0.00187  0.51   90211     169   90128  5460940  60.53
1920-1929       19      0.00194  0.00193  0.50   90043     174   89955  5370812  59.65
1920-1929       20      0.00194  0.00194  0.51   89869     174   89784  5280856  58.76
1920-1929       21      0.00205  0.00205  0.51   89694     184   89604  5191072  57.88
1920-1929       22      0.00194  0.00194  0.50   89511     173   89423  5101468  56.99
1920-1929       23      0.00187  0.00187  0.51   89338     167   89255  5012045  56.10
1920-1929       24      0.00179  0.00179  0.50   89171     159   89091  4922790  55.21
1920-1929       25      0.00162  0.00162  0.50   89011     144   88938  4833699  54.30
1920-1929       26      0.00160  0.00160  0.50   88867     143   88795  4744761  53.39
1920-1929       27      0.00152  0.00152  0.51   88724     135   88658  4655965  52.48
1920-1929       28      0.00138  0.00138  0.50   88589     122   88528  4567307  51.56
1920-1929       29      0.00129  0.00129  0.50   88467     114   88410  4478780  50.63
1920-1929       30      0.00137  0.00137  0.51   88353     121   88293  4390370  49.69
1920-1929       31      0.00141  0.00141  0.50   88231     124   88170  4302077  48.76
1920-1929       32      0.00139  0.00139  0.50   88107     123   88046  4213908  47.83
1920-1929       33      0.00136  0.00136  0.50   87985     120   87925  4125861  46.89
1920-1929       34      0.00143  0.00143  0.49   87865     125   87801  4037936  45.96
1920-1929       35      0.00149  0.00149  0.49   87740     130   87674  3950135  45.02
1920-1929       36      0.00145  0.00145  0.50   87610     127   87547  3862461  44.09
1920-1929       37      0.00168  0.00168  0.51   87483     147   87410  3774915  43.15
1920-1929       38      0.00173  0.00173  0.49   87336     151   87259  3687505  42.22
1920-1929       39      0.00185  0.00185  0.50   87184     161   87104  3600246  41.29
1920-1929       40      0.00211  0.00210  0.50   87023     183   86932  3513142  40.37
1920-1929       41      0.00213  0.00213  0.50   86840     185   86748  3426210  39.45
1920-1929       42      0.00235  0.00234  0.50   86655     203   86553  3339462  38.54
1920-1929       43      0.00258  0.00258  0.50   86452     223   86341  3252909  37.63
1920-1929       44      0.00269  0.00269  0.50   86230     232   86114  3166568  36.72
1920-1929       45      0.00295  0.00295  0.50   85998     253   85871  3080454  35.82
1920-1929       46      0.00318  0.00318  0.50   85745     273   85610  2994584  34.92
1920-1929       47      0.00359  0.00358  0.50   85472     306   85320  2908974  34.03
1920-1929       48      0.00378  0.00378  0.50   85166     322   85006  2823654  33.15
1920-1929       49      0.00416  0.00415  0.50   84845     352   84669  2738647  32.28
1920-1929       50      0.00448  0.00447  0.50   84492     377   84304  2653978  31.41
1920-1929       51      0.00475  0.00473  0.50   84115     398   83915  2569674  30.55
1920-1929       52      0.00528  0.00527  0.50   83717     441   83496  2485759  29.69
1920-1929       53      0.00563  0.00562  0.50   83276     468   83042  2402264  28.85
1920-1929       54      0.00630  0.00628  0.50   82808     520   82547  2319221  28.01
1920-1929       55      0.00673  0.00670  0.50   82288     552   82015  2236674  27.18
1920-1929       56      0.00712  0.00709  0.50   81736     580   81448  2154659  26.36
1920-1929       57      0.00761  0.00758  0.50   81157     615   80849  2073212  25.55
1920-1929       58      0.00837  0.00834  0.50   80542     672   80207  1992362  24.74
1920-1929       59      0.00902  0.00898  0.50   79870     717   79513  1912155  23.94
1920-1929       60      0.00966  0.00961  0.50   79153     761   78770  1832642  23.15
1920-1929       61      0.01008  0.01003  0.50   78391     786   78001  1753872  22.37
1920-1929       62      0.01106  0.01100  0.50   77605     853   77180  1675871  21.59
1920-1929       63      0.01157  0.01151  0.50   76752     883   76310  1598691  20.83
1920-1929       64      0.01296  0.01288  0.50   75869     977   75382  1522381  20.07
1920-1929       65      0.01401  0.01391  0.50   74892    1042   74370  1446999  19.32
1920-1929       66      0.01505  0.01494  0.50   73850    1103   73301  1372629  18.59
1920-1929       67      0.01609  0.01597  0.50   72747    1162   72168  1299327  17.86
1920-1929       68      0.01723  0.01708  0.50   71586    1223   70976  1227159  17.14
1920-1929       69      0.01880  0.01862  0.50   70363    1310   69712  1156183  16.43
1920-1929       70      0.02010  0.01991  0.50   69052    1375   68369  1086471  15.73
1920-1929       71      0.02133  0.02111  0.50   67678    1429   66968  1018102  15.04
1920-1929       72      0.02318  0.02291  0.50   66249    1518   65497   951134  14.36
1920-1929       73      0.02514  0.02483  0.50   64731    1608   63935   885637  13.68
1920-1929       74      0.02752  0.02715  0.50   63124    1714   62273   821702  13.02
1920-1929       75      0.02962  0.02919  0.50   61410    1793   60520   759429  12.37
1920-1929       76      0.03192  0.03142  0.50   59617    1873   58689   698909  11.72
1920-1929       77      0.03499  0.03439  0.50   57744    1986   56757   640220  11.09
1920-1929       78      0.03801  0.03730  0.51   55758    2080   54729   583462  10.46
1920-1929       79      0.04207  0.04121  0.51   53678    2212   52586   528733   9.85
1920-1929       80      0.04651  0.04546  0.50   51466    2339   50302   476148   9.25
1920-1929       81      0.05255  0.05122  0.50   49126    2516   47878   425845   8.67
1920-1929       82      0.05885  0.05719  0.50   46610    2665   45291   377967   8.11
1920-1929       83      0.06573  0.06366  0.50   43945    2797   42558   332676   7.57
1920-1929       84      0.07311  0.07056  0.51   41147    2903   39713   290118   7.05
1920-1929       85      0.08379  0.08045  0.50   38244    3077   36719   250405   6.55
1920-1929       86      0.09391  0.08975  0.51   35167    3156   33608   213686   6.08
1920-1929       87      0.10665  0.10131  0.51   32011    3243   30407   180078   5.63
1920-1929       88      0.11867  0.11210  0.51   28768    3225   27174   149670   5.20
1920-1929       89      0.13599  0.12739  0.50   25543    3254   23929   122496   4.80
1920-1929       90      0.15387  0.14294  0.50   22289    3186   20706    98567   4.42
1920-1929       91      0.17395  0.16018  0.51   19103    3060   17590    77861   4.08
1920-1929       92      0.19747  0.17987  0.50   16043    2886   14614    60271   3.76
1920-1929       93      0.22242  0.20031  0.50   13157    2636   11849    45658   3.47
1920-1929       94      0.24621  0.21939  0.50   10522    2308    9376    33808   3.21
1920-1929       95      0.27504  0.24192  0.50    8213    1987    7224    24432   2.97
1920-1929       96      0.30031  0.26117  0.50    6226    1626    5415    17208   2.76
1920-1929       97      0.33404  0.28605  0.50    4600    1316    3939    11793   2.56
1920-1929       98      0.36369  0.30774  0.50    3284    1011    2779     7854   2.39
1920-1929       99      0.38918  0.32508  0.49    2274     739    1899     5074   2.23
1920-1929      100      0.43609  0.35783  0.50    1535     549    1259     3175   2.07
1920-1929      101      0.47620  0.38484  0.50     985     379     796     1916   1.94
1920-1929      102      0.49204  0.39327  0.49     606     238     485     1120   1.85
1920-1929      103      0.52282  0.41476  0.50     368     153     292      635   1.73
1920-1929      104      0.59035  0.45071  0.48     215      97     164      344   1.60
1920-1929      105      0.55594  0.43053  0.48     118      51      92      179   1.52
1920-1929      106      0.76939  0.54985  0.48      67      37      48       88   1.30
1920-1929      107      0.57774  0.44369  0.48      30      13      23       40   1.30
1920-1929      108      0.81547  0.60000  0.56      17      10      12       16   0.96
1920-1929      109      2.07121  0.90000  0.37       7       6       3        4   0.57
1920-1929      110+     0.74901  1.00000  1.34       1       1       1        1   1.34
