Switzerland, Life tables (cohort 1x10), Females	Last modified: 28 Oct 2021;  Methods Protocol: v6 (2017)

  Year          Age         mx       qx    ax      lx      dx      Lx       Tx     ex
1876-1879        0      0.21727  0.18909  0.31  100000   18909   87030  4801972  48.02
1876-1879        1      0.03986  0.03907  0.49   81091    3168   79470  4714942  58.14
1876-1879        2      0.02023  0.02003  0.50   77923    1561   77149  4635473  59.49
1876-1879        3      0.01459  0.01448  0.51   76362    1106   75818  4558324  59.69
1876-1879        4      0.01139  0.01132  0.50   75256     852   74828  4482506  59.56
1876-1879        5      0.00806  0.00803  0.51   74404     597   74112  4407678  59.24
1876-1879        6      0.00573  0.00572  0.52   73807     422   73605  4333566  58.71
1876-1879        7      0.00508  0.00506  0.52   73385     372   73207  4259961  58.05
1876-1879        8      0.00390  0.00389  0.51   73014     284   72874  4186754  57.34
1876-1879        9      0.00364  0.00364  0.51   72729     265   72600  4113880  56.56
1876-1879       10      0.00314  0.00313  0.50   72465     227   72352  4041280  55.77
1876-1879       11      0.00297  0.00297  0.51   72238     214   72133  3968929  54.94
1876-1879       12      0.00329  0.00329  0.52   72023     237   71909  3896795  54.10
1876-1879       13      0.00357  0.00356  0.52   71787     256   71664  3824887  53.28
1876-1879       14      0.00379  0.00378  0.52   71531     270   71400  3753222  52.47
1876-1879       15      0.00458  0.00457  0.52   71261     326   71105  3681822  51.67
1876-1879       16      0.00462  0.00461  0.51   70935     327   70775  3610717  50.90
1876-1879       17      0.00519  0.00518  0.51   70608     366   70429  3539942  50.14
1876-1879       18      0.00561  0.00559  0.52   70242     393   70053  3469513  49.39
1876-1879       19      0.00539  0.00537  0.51   69849     375   69667  3399460  48.67
1876-1879       20      0.00560  0.00558  0.52   69474     388   69288  3329793  47.93
1876-1879       21      0.00533  0.00531  0.51   69086     367   68907  3260506  47.19
1876-1879       22      0.00549  0.00547  0.51   68719     376   68534  3191599  46.44
1876-1879       23      0.00600  0.00598  0.51   68343     409   68140  3123065  45.70
1876-1879       24      0.00578  0.00576  0.50   67934     392   67737  3054925  44.97
1876-1879       25      0.00617  0.00615  0.51   67542     416   67340  2987188  44.23
1876-1879       26      0.00654  0.00652  0.50   67127     438   66910  2919848  43.50
1876-1879       27      0.00657  0.00655  0.51   66689     436   66477  2852938  42.78
1876-1879       28      0.00617  0.00615  0.50   66252     408   66050  2786462  42.06
1876-1879       29      0.00665  0.00663  0.51   65845     436   65633  2720411  41.32
1876-1879       30      0.00650  0.00648  0.50   65408     424   65196  2654779  40.59
1876-1879       31      0.00630  0.00628  0.51   64985     408   64785  2589583  39.85
1876-1879       32      0.00614  0.00612  0.51   64577     395   64385  2524798  39.10
1876-1879       33      0.00598  0.00596  0.51   64182     383   63996  2460414  38.34
1876-1879       34      0.00587  0.00585  0.51   63799     373   63617  2396418  37.56
1876-1879       35      0.00592  0.00591  0.52   63426     375   63244  2332801  36.78
1876-1879       36      0.00580  0.00578  0.50   63051     365   62870  2269557  36.00
1876-1879       37      0.00639  0.00637  0.50   62686     399   62488  2206686  35.20
1876-1879       38      0.00632  0.00630  0.52   62287     393   62099  2144199  34.42
1876-1879       39      0.00798  0.00795  0.49   61894     492   61644  2082100  33.64
1876-1879       40      0.00800  0.00796  0.49   61402     489   61152  2020456  32.91
1876-1879       41      0.00792  0.00789  0.50   60913     481   60672  1959304  32.17
1876-1879       42      0.00838  0.00834  0.49   60432     504   60176  1898631  31.42
1876-1879       43      0.00667  0.00665  0.52   59928     398   59736  1838455  30.68
1876-1879       44      0.00653  0.00651  0.50   59530     388   59336  1778719  29.88
1876-1879       45      0.00644  0.00642  0.52   59142     379   58961  1719383  29.07
1876-1879       46      0.00703  0.00701  0.51   58763     412   58561  1660422  28.26
1876-1879       47      0.00711  0.00708  0.50   58351     413   58145  1601861  27.45
1876-1879       48      0.00788  0.00785  0.50   57938     455   57712  1543716  26.64
1876-1879       49      0.00841  0.00837  0.50   57483     481   57244  1486004  25.85
1876-1879       50      0.00887  0.00883  0.51   57002     504   56757  1428760  25.07
1876-1879       51      0.00985  0.00981  0.50   56498     554   56223  1372003  24.28
1876-1879       52      0.01000  0.00995  0.50   55944     557   55667  1315780  23.52
1876-1879       53      0.01067  0.01062  0.50   55388     588   55095  1260114  22.75
1876-1879       54      0.01149  0.01142  0.51   54800     626   54490  1205018  21.99
1876-1879       55      0.01222  0.01215  0.51   54174     658   53851  1150529  21.24
1876-1879       56      0.01273  0.01265  0.51   53516     677   53181  1096677  20.49
1876-1879       57      0.01336  0.01328  0.51   52838     702   52497  1043496  19.75
1876-1879       58      0.01438  0.01428  0.51   52137     745   51769   990999  19.01
1876-1879       59      0.01515  0.01504  0.51   51392     773   51013   939230  18.28
1876-1879       60      0.01712  0.01698  0.50   50620     859   50193   888217  17.55
1876-1879       61      0.01855  0.01838  0.51   49760     915   49309   838024  16.84
1876-1879       62      0.01985  0.01966  0.52   48845     960   48381   788716  16.15
1876-1879       63      0.02120  0.02098  0.51   47885    1005   47391   740335  15.46
1876-1879       64      0.02204  0.02180  0.51   46880    1022   46375   692944  14.78
1876-1879       65      0.02496  0.02466  0.51   45858    1131   45301   646568  14.10
1876-1879       66      0.02721  0.02686  0.51   44728    1201   44145   601267  13.44
1876-1879       67      0.03089  0.03043  0.51   43526    1324   42875   557123  12.80
1876-1879       68      0.03504  0.03444  0.50   42202    1453   41480   514248  12.19
1876-1879       69      0.03843  0.03772  0.51   40749    1537   39996   472768  11.60
1876-1879       70      0.04133  0.04051  0.51   39212    1588   38429   432772  11.04
1876-1879       71      0.04519  0.04419  0.50   37623    1663   36794   394343  10.48
1876-1879       72      0.04829  0.04717  0.51   35961    1696   35123   357549   9.94
1876-1879       73      0.05298  0.05164  0.51   34264    1770   33402   322426   9.41
1876-1879       74      0.05703  0.05548  0.51   32495    1803   31615   289024   8.89
1876-1879       75      0.06292  0.06105  0.51   30692    1874   29778   257409   8.39
1876-1879       76      0.07221  0.06976  0.51   28818    2010   27841   227632   7.90
1876-1879       77      0.07870  0.07579  0.51   26808    2032   25816   199790   7.45
1876-1879       78      0.08606  0.08257  0.51   24776    2046   23771   173974   7.02
1876-1879       79      0.09472  0.09048  0.51   22730    2057   21713   150203   6.61
1876-1879       80      0.10144  0.09665  0.51   20674    1998   19696   128490   6.22
1876-1879       81      0.10931  0.10373  0.51   18676    1937   17723   108794   5.83
1876-1879       82      0.12477  0.11762  0.51   16738    1969   15779    91071   5.44
1876-1879       83      0.13902  0.13013  0.51   14770    1922   13826    75292   5.10
1876-1879       84      0.15025  0.13988  0.51   12848    1797   11961    61466   4.78
1876-1879       85      0.16739  0.15453  0.50   11051    1708   10202    49505   4.48
1876-1879       86      0.18683  0.17120  0.51    9343    1600    8561    39304   4.21
1876-1879       87      0.19568  0.17830  0.50    7743    1381    7055    30742   3.97
1876-1879       88      0.21199  0.19186  0.51    6363    1221    5759    23687   3.72
1876-1879       89      0.25062  0.22285  0.50    5142    1146    4572    17928   3.49
1876-1879       90      0.24654  0.22014  0.51    3996     880    3568    13356   3.34
1876-1879       91      0.26900  0.23731  0.50    3116     740    2749     9788   3.14
1876-1879       92      0.28961  0.25314  0.50    2377     602    2078     7038   2.96
1876-1879       93      0.30120  0.26284  0.52    1775     467    1549     4961   2.79
1876-1879       94      0.33903  0.28989  0.50    1309     379    1119     3412   2.61
1876-1879       95      0.37014  0.31254  0.50     929     290     785     2293   2.47
1876-1879       96      0.38693  0.32335  0.49     639     207     534     1508   2.36
1876-1879       97      0.39225  0.32943  0.51     432     142     363      974   2.25
1876-1879       98      0.41894  0.34757  0.51     290     101     240      611   2.11
1876-1879       99      0.43959  0.36310  0.52     189      69     156      371   1.96
1876-1879      100      0.64325  0.48131  0.48     120      58      90      215   1.78
1876-1879      101      0.48314  0.39640  0.55      62      25      51      124   1.99
1876-1879      102      0.41803  0.34328  0.48      38      13      31       73   1.94
1876-1879      103      0.62960  0.47727  0.49      25      12      19       42   1.71
1876-1879      104      0.36825  0.30435  0.43      13       4      11       23   1.81
1876-1879      105      0.68552  0.50000  0.46       9       5       7       13   1.42
1876-1879      106      0.66582  0.50000  0.50       5       2       3        6   1.38
1876-1879      107      0.74921  0.50000  0.33       2       1       2        3   1.25
1876-1879      108      0.59954  0.50000  0.67       1       1       1        1   1.17
1876-1879      109      1.49712  1.00000  0.67       1       1       0        0   0.67
1876-1879      110+           .        .     .       0       0       0        0      .
1880-1889        0      0.17011  0.15234  0.31  100000   15234   89551  5246101  52.46
1880-1889        1      0.03327  0.03272  0.49   84766    2773   83351  5156550  60.83
1880-1889        2      0.01566  0.01554  0.51   81993    1274   81366  5073199  61.87
1880-1889        3      0.01130  0.01124  0.51   80719     907   80276  4991833  61.84
1880-1889        4      0.00818  0.00815  0.51   79812     650   79492  4911557  61.54
1880-1889        5      0.00684  0.00681  0.51   79161     539   78896  4832065  61.04
1880-1889        6      0.00516  0.00514  0.52   78622     404   78428  4753169  60.46
1880-1889        7      0.00447  0.00446  0.52   78217     349   78048  4674741  59.77
1880-1889        8      0.00394  0.00393  0.51   77868     306   77719  4596693  59.03
1880-1889        9      0.00340  0.00339  0.52   77562     263   77435  4518974  58.26
1880-1889       10      0.00318  0.00318  0.51   77299     246   77178  4441539  57.46
1880-1889       11      0.00287  0.00287  0.51   77054     221   76945  4364361  56.64
1880-1889       12      0.00275  0.00275  0.52   76833     211   76731  4287415  55.80
1880-1889       13      0.00288  0.00288  0.52   76622     220   76515  4210684  54.95
1880-1889       14      0.00334  0.00333  0.52   76401     255   76278  4134169  54.11
1880-1889       15      0.00388  0.00387  0.51   76146     295   76003  4057891  53.29
1880-1889       16      0.00447  0.00446  0.51   75852     339   75687  3981888  52.50
1880-1889       17      0.00518  0.00516  0.51   75513     390   75322  3906200  51.73
1880-1889       18      0.00498  0.00497  0.51   75123     373   74941  3830879  50.99
1880-1889       19      0.00530  0.00529  0.51   74750     395   74556  3755937  50.25
1880-1889       20      0.00519  0.00518  0.51   74354     385   74167  3681381  49.51
1880-1889       21      0.00556  0.00554  0.51   73970     410   73769  3607214  48.77
1880-1889       22      0.00561  0.00559  0.50   73560     411   73356  3533445  48.04
1880-1889       23      0.00579  0.00577  0.51   73148     422   72942  3460089  47.30
1880-1889       24      0.00589  0.00588  0.52   72726     427   72519  3387148  46.57
1880-1889       25      0.00560  0.00558  0.51   72299     404   72102  3314629  45.85
1880-1889       26      0.00536  0.00535  0.51   71895     384   71706  3242527  45.10
1880-1889       27      0.00531  0.00529  0.51   71511     378   71325  3170821  44.34
1880-1889       28      0.00571  0.00569  0.52   71133     405   70939  3099495  43.57
1880-1889       29      0.00639  0.00637  0.49   70728     451   70497  3028557  42.82
1880-1889       30      0.00682  0.00680  0.50   70277     478   70037  2958060  42.09
1880-1889       31      0.00631  0.00629  0.49   69799     439   69576  2888023  41.38
1880-1889       32      0.00645  0.00643  0.49   69360     446   69135  2818448  40.63
1880-1889       33      0.00667  0.00664  0.50   68914     458   68684  2749313  39.89
1880-1889       34      0.00643  0.00641  0.50   68456     439   68236  2680629  39.16
1880-1889       35      0.00613  0.00611  0.50   68018     416   67810  2612392  38.41
1880-1889       36      0.00627  0.00625  0.50   67602     423   67389  2544582  37.64
1880-1889       37      0.00616  0.00614  0.51   67179     412   66977  2477192  36.87
1880-1889       38      0.00592  0.00590  0.50   66767     394   66569  2410216  36.10
1880-1889       39      0.00558  0.00556  0.51   66373     369   66192  2343647  35.31
1880-1889       40      0.00546  0.00544  0.50   66004     359   65825  2277455  34.50
1880-1889       41      0.00552  0.00551  0.51   65645     361   65468  2211630  33.69
1880-1889       42      0.00538  0.00537  0.50   65283     350   65108  2146162  32.87
1880-1889       43      0.00574  0.00573  0.52   64933     372   64753  2081054  32.05
1880-1889       44      0.00570  0.00568  0.51   64561     367   64381  2016301  31.23
1880-1889       45      0.00619  0.00617  0.51   64194     396   64001  1951920  30.41
1880-1889       46      0.00615  0.00613  0.50   63798     391   63603  1887919  29.59
1880-1889       47      0.00687  0.00685  0.51   63406     434   63192  1824316  28.77
1880-1889       48      0.00708  0.00705  0.51   62972     444   62753  1761124  27.97
1880-1889       49      0.00728  0.00726  0.51   62528     454   62305  1698371  27.16
1880-1889       50      0.00818  0.00815  0.51   62075     506   61826  1636066  26.36
1880-1889       51      0.00830  0.00826  0.51   61569     509   61318  1574241  25.57
1880-1889       52      0.00900  0.00896  0.51   61060     547   60791  1512923  24.78
1880-1889       53      0.00918  0.00914  0.51   60513     553   60244  1452132  24.00
1880-1889       54      0.00967  0.00962  0.51   59960     577   59675  1391888  23.21
1880-1889       55      0.01054  0.01048  0.50   59383     622   59074  1332213  22.43
1880-1889       56      0.01119  0.01113  0.51   58761     654   58441  1273138  21.67
1880-1889       57      0.01170  0.01163  0.51   58107     676   57773  1214697  20.90
1880-1889       58      0.01288  0.01279  0.51   57431     735   57068  1156924  20.14
1880-1889       59      0.01359  0.01350  0.50   56696     765   56316  1099856  19.40
1880-1889       60      0.01441  0.01431  0.51   55931     800   55541  1043541  18.66
1880-1889       61      0.01628  0.01615  0.51   55130     890   54691   987999  17.92
1880-1889       62      0.01709  0.01695  0.50   54240     919   53783   933309  17.21
1880-1889       63      0.01858  0.01841  0.51   53321     982   52839   879526  16.49
1880-1889       64      0.02087  0.02065  0.50   52339    1081   51803   826687  15.79
1880-1889       65      0.02246  0.02221  0.50   51258    1139   50692   774885  15.12
1880-1889       66      0.02414  0.02386  0.50   50120    1196   49526   724192  14.45
1880-1889       67      0.02604  0.02571  0.51   48924    1258   48308   674666  13.79
1880-1889       68      0.02904  0.02863  0.51   47666    1365   47001   626358  13.14
1880-1889       69      0.03122  0.03075  0.51   46301    1424   45602   579357  12.51
1880-1889       70      0.03412  0.03356  0.51   44878    1506   44138   533755  11.89
1880-1889       71      0.03630  0.03566  0.51   43372    1547   42609   489618  11.29
1880-1889       72      0.04122  0.04040  0.51   41825    1690   40997   447008  10.69
1880-1889       73      0.04492  0.04395  0.51   40135    1764   39270   406011  10.12
1880-1889       74      0.05033  0.04911  0.50   38371    1884   37438   366742   9.56
1880-1889       75      0.05448  0.05304  0.50   36487    1935   35529   329304   9.03
1880-1889       76      0.06225  0.06039  0.51   34552    2087   33519   293775   8.50
1880-1889       77      0.07000  0.06768  0.51   32465    2197   31388   260256   8.02
1880-1889       78      0.07529  0.07260  0.51   30268    2198   29186   228868   7.56
1880-1889       79      0.08383  0.08051  0.51   28070    2260   26956   199682   7.11
1880-1889       80      0.09249  0.08846  0.51   25810    2283   24686   172725   6.69
1880-1889       81      0.10373  0.09869  0.51   23527    2322   22385   148039   6.29
1880-1889       82      0.11506  0.10888  0.51   21205    2309   20065   125655   5.93
1880-1889       83      0.12363  0.11652  0.51   18897    2202   17809   105589   5.59
1880-1889       84      0.13463  0.12629  0.51   16695    2108   15661    87780   5.26
1880-1889       85      0.14898  0.13876  0.51   14586    2024   13586    72119   4.94
1880-1889       86      0.16392  0.15169  0.51   12562    1906   11625    58533   4.66
1880-1889       87      0.16927  0.15621  0.51   10657    1665    9835    46908   4.40
1880-1889       88      0.19249  0.17569  0.50    8992    1580    8207    37073   4.12
1880-1889       89      0.20181  0.18346  0.50    7412    1360    6738    28866   3.89
1880-1889       90      0.22557  0.20284  0.50    6052    1228    5442    22128   3.66
1880-1889       91      0.23609  0.21120  0.50    4825    1019    4316    16686   3.46
1880-1889       92      0.25385  0.22545  0.50    3806     858    3380    12370   3.25
1880-1889       93      0.27417  0.24119  0.50    2948     711    2593     8990   3.05
1880-1889       94      0.30200  0.26252  0.50    2237     587    1944     6397   2.86
1880-1889       95      0.32005  0.27614  0.50    1650     456    1423     4452   2.70
1880-1889       96      0.34232  0.29269  0.50    1194     349    1021     3029   2.54
1880-1889       97      0.35110  0.29906  0.50     845     253     719     2008   2.38
1880-1889       98      0.40263  0.33509  0.50     592     198     493     1288   2.18
1880-1889       99      0.45990  0.37355  0.50     394     147     320      796   2.02
1880-1889      100      0.51516  0.40564  0.48     247     100     194      476   1.93
1880-1889      101      0.47162  0.38298  0.51     147      56     119      282   1.92
1880-1889      102      0.53021  0.41910  0.50      90      38      71      163   1.80
1880-1889      103      0.49381  0.39726  0.51      53      21      42       91   1.74
1880-1889      104      0.72834  0.53788  0.51      32      17      23       49   1.55
1880-1889      105      0.56474  0.42623  0.42      15       6      11       26   1.76
1880-1889      106      0.44783  0.37143  0.54       8       3       7       15   1.75
1880-1889      107      0.57610  0.45455  0.54       5       2       4        8   1.47
1880-1889      108      0.55516  0.41667  0.40       3       1       2        4   1.25
1880-1889      109      0.79833  0.57143  0.50       2       1       1        1   0.86
1880-1889      110+     2.98512  1.00000  0.33       1       1       0        0   0.33
1890-1899        0      0.14831  0.13461  0.31  100000   13461   90767  5734406  57.34
1890-1899        1      0.02676  0.02639  0.49   86539    2284   85363  5643639  65.22
1890-1899        2      0.01193  0.01186  0.50   84255     999   83759  5558276  65.97
1890-1899        3      0.00819  0.00816  0.51   83255     680   82920  5474517  65.76
1890-1899        4      0.00573  0.00571  0.51   82576     472   82343  5391598  65.29
1890-1899        5      0.00496  0.00495  0.51   82104     406   81905  5309254  64.66
1890-1899        6      0.00371  0.00371  0.50   81698     303   81547  5227349  63.98
1890-1899        7      0.00341  0.00340  0.51   81395     277   81258  5145801  63.22
1890-1899        8      0.00300  0.00300  0.52   81118     243   81001  5064543  62.43
1890-1899        9      0.00272  0.00271  0.51   80875     220   80768  4983542  61.62
1890-1899       10      0.00229  0.00228  0.50   80655     184   80563  4902774  60.79
1890-1899       11      0.00217  0.00216  0.52   80471     174   80387  4822211  59.92
1890-1899       12      0.00240  0.00239  0.51   80297     192   80203  4741824  59.05
1890-1899       13      0.00284  0.00283  0.51   80105     227   79994  4661621  58.19
1890-1899       14      0.00276  0.00276  0.52   79878     220   79772  4581627  57.36
1890-1899       15      0.00341  0.00340  0.51   79657     271   79525  4501855  56.52
1890-1899       16      0.00371  0.00370  0.52   79386     294   79245  4422330  55.71
1890-1899       17      0.00406  0.00405  0.51   79093     320   78937  4343086  54.91
1890-1899       18      0.00441  0.00440  0.52   78773     347   78606  4264149  54.13
1890-1899       19      0.00517  0.00515  0.51   78426     404   78226  4185542  53.37
1890-1899       20      0.00532  0.00531  0.51   78022     414   77817  4107316  52.64
1890-1899       21      0.00500  0.00499  0.50   77608     387   77412  4029499  51.92
1890-1899       22      0.00527  0.00525  0.49   77220     406   77015  3952086  51.18
1890-1899       23      0.00531  0.00529  0.50   76815     406   76613  3875071  50.45
1890-1899       24      0.00543  0.00542  0.50   76408     414   76200  3798459  49.71
1890-1899       25      0.00546  0.00545  0.49   75994     414   75785  3722259  48.98
1890-1899       26      0.00548  0.00546  0.49   75580     413   75370  3646474  48.25
1890-1899       27      0.00551  0.00550  0.49   75168     413   74957  3571103  47.51
1890-1899       28      0.00517  0.00516  0.48   74755     385   74555  3496146  46.77
1890-1899       29      0.00441  0.00440  0.52   74369     327   74211  3421591  46.01
1890-1899       30      0.00418  0.00417  0.51   74042     309   73890  3347381  45.21
1890-1899       31      0.00406  0.00405  0.51   73733     299   73587  3273490  44.40
1890-1899       32      0.00373  0.00372  0.50   73435     273   73298  3199903  43.57
1890-1899       33      0.00409  0.00408  0.50   73161     298   73012  3126605  42.74
1890-1899       34      0.00397  0.00396  0.50   72863     289   72719  3053593  41.91
1890-1899       35      0.00390  0.00390  0.51   72574     283   72436  2980874  41.07
1890-1899       36      0.00405  0.00404  0.51   72292     292   72148  2908438  40.23
1890-1899       37      0.00404  0.00403  0.51   72000     290   71856  2836289  39.39
1890-1899       38      0.00403  0.00402  0.51   71709     288   71567  2764433  38.55
1890-1899       39      0.00399  0.00398  0.51   71421     284   71281  2692866  37.70
1890-1899       40      0.00423  0.00422  0.51   71137     300   70990  2621585  36.85
1890-1899       41      0.00423  0.00422  0.50   70837     299   70687  2550595  36.01
1890-1899       42      0.00412  0.00411  0.50   70537     290   70393  2479909  35.16
1890-1899       43      0.00444  0.00443  0.50   70247     311   70092  2409516  34.30
1890-1899       44      0.00449  0.00449  0.51   69936     314   69782  2339424  33.45
1890-1899       45      0.00461  0.00460  0.50   69622     320   69463  2269641  32.60
1890-1899       46      0.00487  0.00485  0.51   69302     336   69136  2200178  31.75
1890-1899       47      0.00530  0.00529  0.51   68966     365   68788  2131042  30.90
1890-1899       48      0.00528  0.00526  0.50   68601     361   68420  2062254  30.06
1890-1899       49      0.00588  0.00586  0.50   68240     400   68041  1993834  29.22
1890-1899       50      0.00638  0.00636  0.50   67840     432   67626  1925792  28.39
1890-1899       51      0.00689  0.00687  0.50   67409     463   67178  1858166  27.57
1890-1899       52      0.00707  0.00705  0.50   66946     472   66710  1790988  26.75
1890-1899       53      0.00750  0.00748  0.51   66474     497   66229  1724278  25.94
1890-1899       54      0.00775  0.00772  0.51   65977     509   65726  1658049  25.13
1890-1899       55      0.00806  0.00803  0.50   65467     526   65205  1592323  24.32
1890-1899       56      0.00888  0.00885  0.50   64942     574   64655  1527119  23.52
1890-1899       57      0.00923  0.00919  0.51   64367     591   64075  1462463  22.72
1890-1899       58      0.01031  0.01026  0.50   63776     654   63448  1398388  21.93
1890-1899       59      0.01092  0.01086  0.50   63122     685   62778  1334940  21.15
1890-1899       60      0.01179  0.01172  0.51   62436     732   62076  1272162  20.38
1890-1899       61      0.01246  0.01238  0.50   61705     764   61324  1210086  19.61
1890-1899       62      0.01372  0.01363  0.50   60941     831   60529  1148762  18.85
1890-1899       63      0.01439  0.01429  0.51   60110     859   59686  1088233  18.10
1890-1899       64      0.01615  0.01603  0.51   59251     950   58784  1028547  17.36
1890-1899       65      0.01731  0.01716  0.51   58302    1000   57809   969763  16.63
1890-1899       66      0.01896  0.01879  0.51   57301    1077   56768   911955  15.92
1890-1899       67      0.02054  0.02033  0.50   56224    1143   55656   855186  15.21
1890-1899       68      0.02385  0.02357  0.51   55081    1298   54441   799530  14.52
1890-1899       69      0.02550  0.02518  0.50   53783    1354   53112   745089  13.85
1890-1899       70      0.02832  0.02793  0.51   52429    1464   51704   691977  13.20
1890-1899       71      0.03135  0.03088  0.51   50964    1574   50189   640273  12.56
1890-1899       72      0.03451  0.03393  0.51   49391    1676   48562   590084  11.95
1890-1899       73      0.03773  0.03703  0.50   47715    1767   46840   541522  11.35
1890-1899       74      0.04122  0.04041  0.51   45948    1857   45035   494683  10.77
1890-1899       75      0.04606  0.04503  0.51   44091    1986   43112   449647  10.20
1890-1899       76      0.05010  0.04889  0.51   42106    2058   41088   406536   9.66
1890-1899       77      0.05533  0.05386  0.51   40047    2157   38981   365448   9.13
1890-1899       78      0.06115  0.05936  0.51   37890    2249   36779   326467   8.62
1890-1899       79      0.06765  0.06545  0.50   35641    2333   34482   289688   8.13
1890-1899       80      0.07188  0.06940  0.50   33309    2312   32158   255206   7.66
1890-1899       81      0.07971  0.07667  0.50   30997    2377   29815   223047   7.20
1890-1899       82      0.08820  0.08452  0.51   28620    2419   27427   193233   6.75
1890-1899       83      0.09895  0.09434  0.51   26201    2472   24980   165806   6.33
1890-1899       84      0.11100  0.10520  0.50   23730    2496   22489   140826   5.93
1890-1899       85      0.11674  0.11036  0.50   21233    2343   20073   118336   5.57
1890-1899       86      0.13253  0.12437  0.50   18890    2349   17727    98263   5.20
1890-1899       87      0.14607  0.13627  0.51   16541    2254   15430    80537   4.87
1890-1899       88      0.15417  0.14323  0.50   14287    2046   13273    65106   4.56
1890-1899       89      0.17248  0.15887  0.50   12241    1945   11274    51834   4.23
1890-1899       90      0.19368  0.17677  0.51   10296    1820    9397    40559   3.94
1890-1899       91      0.21253  0.19222  0.50    8476    1629    7666    31162   3.68
1890-1899       92      0.23054  0.20688  0.50    6847    1416    6144    23496   3.43
1890-1899       93      0.25641  0.22759  0.51    5430    1236    4820    17352   3.20
1890-1899       94      0.27726  0.24397  0.51    4194    1023    3691    12532   2.99
1890-1899       95      0.30200  0.26233  0.50    3171     832    2755     8842   2.79
1890-1899       96      0.32915  0.28306  0.51    2339     662    2012     6087   2.60
1890-1899       97      0.35683  0.30286  0.50    1677     508    1423     4075   2.43
1890-1899       98      0.39611  0.33070  0.50    1169     387     976     2652   2.27
1890-1899       99      0.38902  0.32527  0.50     783     255     654     1676   2.14
1890-1899      100      0.47762  0.38599  0.50     528     204     427     1022   1.93
1890-1899      101      0.44645  0.36509  0.50     324     118     265      595   1.84
1890-1899      102      0.59395  0.45783  0.50     206      94     159      330   1.60
1890-1899      103      0.63124  0.47879  0.50     112      53      85      171   1.53
1890-1899      104      0.68373  0.50775  0.49      58      30      43       87   1.49
1890-1899      105      0.66112  0.50394  0.53      29      14      22       43   1.51
1890-1899      106      0.62866  0.47619  0.49      14       7      11       22   1.51
1890-1899      107      0.63083  0.48485  0.52       7       4       6       11   1.45
1890-1899      108      0.51175  0.41176  0.53       4       2       3        5   1.32
1890-1899      109      0.85593  0.60000  0.50       2       1       2        2   0.87
1890-1899      110+     2.39178  1.00000  0.42       1       1       0        0   0.42
1900-1909        0      0.12477  0.11494  0.31  100000   11494   92117  6269021  62.69
1900-1909        1      0.02168  0.02144  0.48   88506    1897   87528  6176904  69.79
1900-1909        2      0.00904  0.00900  0.50   86609     779   86221  6089376  70.31
1900-1909        3      0.00574  0.00572  0.51   85830     491   85588  6003155  69.94
1900-1909        4      0.00440  0.00439  0.51   85339     375   85156  5917568  69.34
1900-1909        5      0.00352  0.00351  0.50   84964     299   84816  5832412  68.65
1900-1909        6      0.00286  0.00285  0.51   84665     242   84546  5747596  67.89
1900-1909        7      0.00240  0.00240  0.51   84424     202   84324  5663050  67.08
1900-1909        8      0.00226  0.00226  0.52   84221     190   84129  5578726  66.24
1900-1909        9      0.00216  0.00216  0.50   84031     181   83939  5494597  65.39
1900-1909       10      0.00213  0.00213  0.51   83849     179   83762  5410658  64.53
1900-1909       11      0.00198  0.00198  0.49   83671     166   83586  5326896  63.66
1900-1909       12      0.00205  0.00205  0.51   83505     171   83421  5243310  62.79
1900-1909       13      0.00224  0.00224  0.50   83334     187   83241  5159888  61.92
1900-1909       14      0.00257  0.00257  0.51   83147     214   83043  5076648  61.06
1900-1909       15      0.00284  0.00284  0.52   82933     236   82819  4993604  60.21
1900-1909       16      0.00340  0.00340  0.51   82698     281   82559  4910785  59.38
1900-1909       17      0.00376  0.00375  0.50   82417     309   82263  4828226  58.58
1900-1909       18      0.00381  0.00380  0.50   82108     312   81952  4745963  57.80
1900-1909       19      0.00364  0.00363  0.51   81796     297   81650  4664011  57.02
1900-1909       20      0.00351  0.00350  0.50   81498     285   81356  4582361  56.23
1900-1909       21      0.00355  0.00354  0.51   81213     288   81073  4501005  55.42
1900-1909       22      0.00376  0.00375  0.50   80926     304   80775  4419932  54.62
1900-1909       23      0.00369  0.00368  0.50   80622     297   80474  4339157  53.82
1900-1909       24      0.00381  0.00381  0.51   80325     306   80174  4258683  53.02
1900-1909       25      0.00367  0.00366  0.50   80019     293   79873  4178509  52.22
1900-1909       26      0.00370  0.00369  0.51   79726     294   79582  4098636  51.41
1900-1909       27      0.00348  0.00348  0.51   79432     276   79296  4019054  50.60
1900-1909       28      0.00323  0.00323  0.50   79156     255   79028  3939758  49.77
1900-1909       29      0.00326  0.00326  0.49   78900     257   78770  3860730  48.93
1900-1909       30      0.00322  0.00321  0.50   78644     253   78516  3781960  48.09
1900-1909       31      0.00326  0.00325  0.50   78391     255   78264  3703444  47.24
1900-1909       32      0.00292  0.00291  0.51   78136     228   78023  3625181  46.40
1900-1909       33      0.00289  0.00289  0.52   77908     225   77800  3547158  45.53
1900-1909       34      0.00283  0.00282  0.51   77683     219   77575  3469358  44.66
1900-1909       35      0.00292  0.00292  0.51   77464     226   77353  3391783  43.79
1900-1909       36      0.00289  0.00288  0.51   77238     223   77128  3314430  42.91
1900-1909       37      0.00304  0.00304  0.50   77015     234   76899  3237302  42.03
1900-1909       38      0.00289  0.00289  0.50   76781     222   76671  3160403  41.16
1900-1909       39      0.00294  0.00294  0.50   76560     225   76448  3083732  40.28
1900-1909       40      0.00297  0.00297  0.51   76335     227   76224  3007284  39.40
1900-1909       41      0.00301  0.00301  0.50   76108     229   75994  2931060  38.51
1900-1909       42      0.00328  0.00327  0.51   75879     248   75757  2855066  37.63
1900-1909       43      0.00331  0.00330  0.50   75631     250   75505  2779309  36.75
1900-1909       44      0.00342  0.00341  0.50   75381     257   75252  2703804  35.87
1900-1909       45      0.00343  0.00343  0.50   75124     257   74994  2628552  34.99
1900-1909       46      0.00387  0.00386  0.51   74866     289   74723  2553558  34.11
1900-1909       47      0.00380  0.00380  0.50   74577     283   74435  2478834  33.24
1900-1909       48      0.00421  0.00420  0.50   74294     312   74137  2404399  32.36
1900-1909       49      0.00454  0.00453  0.50   73982     335   73815  2330262  31.50
1900-1909       50      0.00450  0.00449  0.50   73647     331   73481  2256447  30.64
1900-1909       51      0.00492  0.00491  0.50   73316     360   73135  2182966  29.77
1900-1909       52      0.00527  0.00525  0.51   72956     383   72767  2109831  28.92
1900-1909       53      0.00558  0.00557  0.51   72572     404   72373  2037064  28.07
1900-1909       54      0.00609  0.00607  0.50   72168     438   71951  1964691  27.22
1900-1909       55      0.00635  0.00633  0.51   71730     454   71506  1892740  26.39
1900-1909       56      0.00681  0.00678  0.50   71276     484   71033  1821234  25.55
1900-1909       57      0.00728  0.00726  0.51   70792     514   70538  1750201  24.72
1900-1909       58      0.00795  0.00792  0.50   70278     556   70000  1679663  23.90
1900-1909       59      0.00849  0.00845  0.51   69722     589   69432  1609662  23.09
1900-1909       60      0.00948  0.00944  0.50   69133     652   68809  1540230  22.28
1900-1909       61      0.01012  0.01007  0.50   68480     690   68134  1471421  21.49
1900-1909       62      0.01097  0.01091  0.50   67791     740   67423  1403287  20.70
1900-1909       63      0.01201  0.01193  0.50   67051     800   66654  1335864  19.92
1900-1909       64      0.01283  0.01275  0.50   66251     845   65831  1269211  19.16
1900-1909       65      0.01386  0.01377  0.50   65406     901   64955  1203380  18.40
1900-1909       66      0.01532  0.01520  0.50   64506     981   64019  1138425  17.65
1900-1909       67      0.01655  0.01642  0.50   63525    1043   63006  1074406  16.91
1900-1909       68      0.01770  0.01754  0.50   62482    1096   61935  1011400  16.19
1900-1909       69      0.02004  0.01984  0.50   61386    1218   60783   949465  15.47
1900-1909       70      0.02099  0.02077  0.50   60168    1250   59544   888682  14.77
1900-1909       71      0.02320  0.02294  0.51   58918    1351   58250   829138  14.07
1900-1909       72      0.02558  0.02526  0.50   57567    1454   56844   770888  13.39
1900-1909       73      0.02798  0.02759  0.50   56112    1548   55344   714045  12.73
1900-1909       74      0.03085  0.03039  0.51   54564    1658   53749   658701  12.07
1900-1909       75      0.03393  0.03337  0.51   52906    1766   52033   604952  11.43
1900-1909       76      0.03730  0.03663  0.50   51141    1873   50210   552919  10.81
1900-1909       77      0.04131  0.04049  0.50   49267    1995   48279   502709  10.20
1900-1909       78      0.04543  0.04443  0.51   47273    2101   46239   454431   9.61
1900-1909       79      0.05089  0.04963  0.50   45172    2242   44059   408191   9.04
1900-1909       80      0.05688  0.05532  0.50   42930    2375   41753   364133   8.48
1900-1909       81      0.06379  0.06184  0.51   40555    2508   39317   322379   7.95
1900-1909       82      0.07098  0.06858  0.51   38047    2609   36761   283062   7.44
1900-1909       83      0.07851  0.07556  0.50   35438    2678   34107   246301   6.95
1900-1909       84      0.08831  0.08462  0.51   32760    2772   31388   212194   6.48
1900-1909       85      0.09647  0.09209  0.51   29988    2762   28627   180806   6.03
1900-1909       86      0.11014  0.10443  0.50   27226    2843   25816   152179   5.59
1900-1909       87      0.12389  0.11677  0.51   24383    2847   22982   126363   5.18
1900-1909       88      0.13833  0.12946  0.50   21536    2788   20155   103381   4.80
1900-1909       89      0.15699  0.14566  0.50   18748    2731   17396    83226   4.44
1900-1909       90      0.17595  0.16188  0.51   16017    2593   14736    65830   4.11
1900-1909       91      0.19803  0.18037  0.51   13424    2421   12227    51094   3.81
1900-1909       92      0.22207  0.19994  0.50   11003    2200    9906    38867   3.53
1900-1909       93      0.24152  0.21576  0.51    8803    1899    7864    28961   3.29
1900-1909       94      0.26809  0.23689  0.51    6904    1635    6100    21096   3.06
1900-1909       95      0.29326  0.25589  0.50    5268    1348    4597    14996   2.85
1900-1909       96      0.32252  0.27765  0.50    3920    1088    3375    10400   2.65
1900-1909       97      0.35102  0.29841  0.50    2832     845    2407     7025   2.48
1900-1909       98      0.38035  0.31977  0.50    1987     635    1670     4618   2.32
1900-1909       99      0.40442  0.33610  0.50    1351     454    1123     2947   2.18
1900-1909      100      0.43633  0.35867  0.50     897     322     737     1824   2.03
1900-1909      101      0.47729  0.38439  0.49     575     221     463     1087   1.89
1900-1909      102      0.50613  0.40434  0.50     354     143     283      623   1.76
1900-1909      103      0.58649  0.45123  0.49     211      95     162      340   1.61
1900-1909      104      0.57766  0.44524  0.49     116      52      89      178   1.54
1900-1909      105      0.69040  0.50809  0.48      64      33      47       89   1.38
1900-1909      106      0.70568  0.51316  0.47      32      16      23       41   1.31
1900-1909      107      0.87251  0.59459  0.46      15       9      10       18   1.20
1900-1909      108      0.71499  0.53333  0.52       6       3       5        8   1.29
1900-1909      109      0.99736  0.64286  0.45       3       2       2        3   1.16
1900-1909      110+     0.69795  1.00000  1.43       1       1       1        1   1.43
1910-1919        0      0.08797  0.08297  0.31  100000    8297   94309  6885233  68.85
1910-1919        1      0.01575  0.01563  0.48   91703    1433   90962  6790924  74.05
1910-1919        2      0.00710  0.00708  0.50   90270     639   89948  6699962  74.22
1910-1919        3      0.00470  0.00469  0.50   89631     420   89422  6610013  73.75
1910-1919        4      0.00365  0.00365  0.49   89211     325   89046  6520591  73.09
1910-1919        5      0.00318  0.00318  0.50   88886     283   88744  6431545  72.36
1910-1919        6      0.00277  0.00276  0.50   88603     245   88480  6342801  71.59
1910-1919        7      0.00228  0.00227  0.49   88358     201   88257  6254320  70.78
1910-1919        8      0.00197  0.00197  0.50   88158     174   88071  6166064  69.94
1910-1919        9      0.00163  0.00163  0.51   87984     143   87914  6077992  69.08
1910-1919       10      0.00141  0.00141  0.50   87841     124   87779  5990079  68.19
1910-1919       11      0.00129  0.00129  0.51   87717     113   87662  5902299  67.29
1910-1919       12      0.00118  0.00118  0.50   87604     103   87552  5814638  66.37
1910-1919       13      0.00139  0.00139  0.51   87500     122   87441  5727085  65.45
1910-1919       14      0.00157  0.00157  0.51   87379     137   87311  5639644  64.54
1910-1919       15      0.00183  0.00183  0.51   87242     160   87164  5552333  63.64
1910-1919       16      0.00213  0.00213  0.52   87082     185   86993  5465169  62.76
1910-1919       17      0.00236  0.00236  0.50   86897     205   86795  5378177  61.89
1910-1919       18      0.00232  0.00232  0.51   86692     201   86593  5291382  61.04
1910-1919       19      0.00248  0.00248  0.51   86491     215   86385  5204788  60.18
1910-1919       20      0.00249  0.00249  0.51   86276     215   86170  5118403  59.33
1910-1919       21      0.00264  0.00263  0.50   86061     227   85949  5032233  58.47
1910-1919       22      0.00261  0.00260  0.50   85835     223   85724  4946285  57.63
1910-1919       23      0.00261  0.00261  0.50   85611     223   85500  4860560  56.77
1910-1919       24      0.00258  0.00258  0.51   85388     220   85279  4775061  55.92
1910-1919       25      0.00260  0.00260  0.49   85168     221   85056  4689781  55.06
1910-1919       26      0.00250  0.00250  0.51   84947     212   84842  4604725  54.21
1910-1919       27      0.00244  0.00243  0.50   84735     206   84632  4519882  53.34
1910-1919       28      0.00219  0.00219  0.49   84528     185   84435  4435250  52.47
1910-1919       29      0.00237  0.00237  0.50   84343     200   84244  4350815  51.58
1910-1919       30      0.00208  0.00208  0.50   84144     175   84056  4266571  50.71
1910-1919       31      0.00212  0.00212  0.50   83969     178   83880  4182515  49.81
1910-1919       32      0.00200  0.00200  0.51   83791     167   83709  4098635  48.92
1910-1919       33      0.00209  0.00208  0.49   83624     174   83535  4014926  48.01
1910-1919       34      0.00196  0.00196  0.51   83449     163   83370  3931391  47.11
1910-1919       35      0.00193  0.00193  0.50   83286     160   83206  3848021  46.20
1910-1919       36      0.00187  0.00187  0.50   83125     155   83047  3764815  45.29
1910-1919       37      0.00183  0.00183  0.50   82970     152   82894  3681767  44.37
1910-1919       38      0.00178  0.00178  0.50   82818     147   82744  3598873  43.46
1910-1919       39      0.00186  0.00185  0.51   82671     153   82596  3516129  42.53
1910-1919       40      0.00186  0.00186  0.51   82518     153   82442  3433533  41.61
1910-1919       41      0.00209  0.00209  0.50   82365     172   82278  3351091  40.69
1910-1919       42      0.00204  0.00203  0.50   82193     167   82110  3268813  39.77
1910-1919       43      0.00235  0.00234  0.50   82026     192   81930  3186703  38.85
1910-1919       44      0.00242  0.00242  0.50   81833     198   81734  3104773  37.94
1910-1919       45      0.00248  0.00248  0.51   81636     202   81536  3023039  37.03
1910-1919       46      0.00266  0.00266  0.50   81433     217   81325  2941503  36.12
1910-1919       47      0.00301  0.00301  0.50   81217     244   81094  2860178  35.22
1910-1919       48      0.00323  0.00323  0.50   80972     262   80842  2779084  34.32
1910-1919       49      0.00357  0.00356  0.50   80711     288   80568  2698242  33.43
1910-1919       50      0.00357  0.00357  0.50   80423     287   80278  2617674  32.55
1910-1919       51      0.00395  0.00394  0.51   80136     316   79982  2537396  31.66
1910-1919       52      0.00445  0.00444  0.51   79820     354   79646  2457413  30.79
1910-1919       53      0.00471  0.00470  0.50   79466     374   79279  2377768  29.92
1910-1919       54      0.00518  0.00516  0.50   79092     408   78888  2298489  29.06
1910-1919       55      0.00522  0.00521  0.51   78684     410   78483  2219600  28.21
1910-1919       56      0.00574  0.00572  0.50   78274     448   78051  2141117  27.35
1910-1919       57      0.00612  0.00610  0.50   77826     475   77590  2063066  26.51
1910-1919       58      0.00631  0.00629  0.50   77351     486   77109  1985476  25.67
1910-1919       59      0.00715  0.00712  0.50   76865     547   76593  1908368  24.83
1910-1919       60      0.00733  0.00730  0.50   76317     557   76041  1831775  24.00
1910-1919       61      0.00791  0.00788  0.51   75760     597   75466  1755734  23.17
1910-1919       62      0.00836  0.00833  0.51   75163     626   74854  1680267  22.35
1910-1919       63      0.00943  0.00938  0.50   74537     699   74188  1605413  21.54
1910-1919       64      0.00984  0.00980  0.51   73838     723   73480  1531226  20.74
1910-1919       65      0.01064  0.01058  0.50   73115     774   72731  1457746  19.94
1910-1919       66      0.01159  0.01152  0.50   72341     834   71926  1385015  19.15
1910-1919       67      0.01232  0.01225  0.50   71507     876   71072  1313088  18.36
1910-1919       68      0.01356  0.01347  0.50   70631     951   70159  1242016  17.58
1910-1919       69      0.01461  0.01450  0.51   69680    1011   69181  1171857  16.82
1910-1919       70      0.01613  0.01600  0.50   68670    1099   68122  1102676  16.06
1910-1919       71      0.01771  0.01756  0.51   67571    1186   66985  1034555  15.31
1910-1919       72      0.01957  0.01938  0.50   66384    1286   65746   967570  14.58
1910-1919       73      0.02183  0.02160  0.50   65098    1406   64400   901825  13.85
1910-1919       74      0.02322  0.02296  0.50   63692    1462   62966   837424  13.15
1910-1919       75      0.02606  0.02572  0.50   62230    1601   61436   774459  12.45
1910-1919       76      0.02942  0.02900  0.51   60629    1758   59761   713022  11.76
1910-1919       77      0.03236  0.03185  0.50   58871    1875   57934   653262  11.10
1910-1919       78      0.03562  0.03501  0.51   56996    1995   56016   595327  10.45
1910-1919       79      0.04003  0.03926  0.51   55001    2159   53938   539312   9.81
1910-1919       80      0.04650  0.04546  0.51   52842    2402   51655   485374   9.19
1910-1919       81      0.05134  0.05008  0.51   50439    2526   49197   433719   8.60
1910-1919       82      0.05815  0.05653  0.51   47914    2708   46576   384523   8.03
1910-1919       83      0.06683  0.06470  0.51   45205    2925   43764   337947   7.48
1910-1919       84      0.07492  0.07227  0.51   42280    3055   40783   294183   6.96
1910-1919       85      0.08547  0.08202  0.51   39225    3217   37642   253400   6.46
1910-1919       86      0.09834  0.09377  0.51   36008    3377   34338   215758   5.99
1910-1919       87      0.10923  0.10363  0.51   32631    3381   30957   181420   5.56
1910-1919       88      0.12305  0.11602  0.51   29250    3394   27578   150463   5.14
1910-1919       89      0.13924  0.13029  0.51   25856    3369   24195   122885   4.75
1910-1919       90      0.15881  0.14719  0.50   22487    3310   20843    98690   4.39
1910-1919       91      0.17833  0.16380  0.50   19177    3141   17615    77847   4.06
1910-1919       92      0.19846  0.18074  0.51   16036    2898   14604    60232   3.76
1910-1919       93      0.21742  0.19622  0.50   13138    2578   11857    45628   3.47
1910-1919       94      0.24826  0.22103  0.50   10560    2334    9401    33771   3.20
1910-1919       95      0.27625  0.24310  0.51    8226    2000    7239    24370   2.96
1910-1919       96      0.30303  0.26325  0.50    6226    1639    5409    17131   2.75
1910-1919       97      0.33777  0.28889  0.50    4587    1325    3923    11722   2.56
1910-1919       98      0.37137  0.31345  0.50    3262    1022    2753     7799   2.39
1910-1919       99      0.39947  0.33223  0.49    2239     744    1863     5046   2.25
1910-1919      100      0.42038  0.34713  0.50    1495     519    1235     3183   2.13
1910-1919      101      0.46295  0.37585  0.50     976     367     793     1949   2.00
1910-1919      102      0.47672  0.38359  0.49     609     234     490     1156   1.90
1910-1919      103      0.52390  0.41441  0.50     376     156     297      666   1.77
1910-1919      104      0.55160  0.42996  0.49     220      95     171      368   1.67
1910-1919      105      0.53911  0.42053  0.48     125      53      98      197   1.57
1910-1919      106      0.71496  0.52111  0.48      73      38      53       99   1.36
1910-1919      107      0.61140  0.46536  0.49      35      16      26       46   1.33
1910-1919      108      0.77471  0.57627  0.56      19      11      14       20   1.06
1910-1919      109      2.20597  0.91818  0.36       8       7       3        6   0.74
1910-1919      110+     0.24967  1.00000  4.01       1       1       3        3   4.01
1920-1929        0      0.05638  0.05414  0.27  100000    5414   96027  7491167  74.91
1920-1929        1      0.00898  0.00894  0.49   94586     846   94156  7395140  78.18
1920-1929        2      0.00443  0.00442  0.50   93741     414   93535  7300984  77.88
1920-1929        3      0.00322  0.00321  0.51   93326     300   93178  7207449  77.23
1920-1929        4      0.00234  0.00234  0.50   93027     217   92919  7114271  76.48
1920-1929        5      0.00210  0.00210  0.50   92809     195   92711  7021352  75.65
1920-1929        6      0.00185  0.00185  0.51   92614     171   92530  6928641  74.81
1920-1929        7      0.00155  0.00155  0.50   92443     143   92372  6836111  73.95
1920-1929        8      0.00144  0.00144  0.51   92300     133   92235  6743739  73.06
1920-1929        9      0.00120  0.00120  0.50   92167     111   92112  6651504  72.17
1920-1929       10      0.00108  0.00108  0.49   92057      99   92007  6559392  71.25
1920-1929       11      0.00102  0.00102  0.51   91958      94   91912  6467386  70.33
1920-1929       12      0.00114  0.00114  0.51   91864     105   91812  6375474  69.40
1920-1929       13      0.00109  0.00109  0.51   91759     100   91710  6283662  68.48
1920-1929       14      0.00108  0.00108  0.51   91658      99   91609  6191952  67.55
1920-1929       15      0.00125  0.00125  0.52   91559     114   91504  6100343  66.63
1920-1929       16      0.00137  0.00137  0.51   91445     125   91384  6008839  65.71
1920-1929       17      0.00147  0.00147  0.52   91320     134   91256  5917454  64.80
1920-1929       18      0.00148  0.00148  0.51   91186     135   91119  5826198  63.89
1920-1929       19      0.00158  0.00157  0.49   91051     143   90977  5735079  62.99
1920-1929       20      0.00146  0.00146  0.51   90907     133   90842  5644102  62.09
1920-1929       21      0.00159  0.00159  0.50   90775     144   90703  5553260  61.18
1920-1929       22      0.00142  0.00142  0.50   90630     128   90566  5462557  60.27
1920-1929       23      0.00136  0.00135  0.51   90502     123   90442  5371990  59.36
1920-1929       24      0.00128  0.00128  0.50   90380     116   90322  5281549  58.44
1920-1929       25      0.00128  0.00128  0.49   90264     116   90204  5191227  57.51
1920-1929       26      0.00124  0.00124  0.51   90148     112   90093  5101023  56.59
1920-1929       27      0.00115  0.00115  0.50   90036     104   89984  5010929  55.65
1920-1929       28      0.00104  0.00104  0.50   89932      93   89885  4920946  54.72
1920-1929       29      0.00089  0.00089  0.50   89839      80   89799  4831061  53.77
1920-1929       30      0.00095  0.00095  0.50   89759      85   89716  4741262  52.82
1920-1929       31      0.00104  0.00104  0.51   89674      93   89628  4651545  51.87
1920-1929       32      0.00103  0.00103  0.51   89581      92   89536  4561917  50.93
1920-1929       33      0.00101  0.00101  0.50   89489      90   89444  4472382  49.98
1920-1929       34      0.00103  0.00103  0.49   89399      92   89352  4382938  49.03
1920-1929       35      0.00110  0.00110  0.50   89307      98   89258  4293586  48.08
1920-1929       36      0.00113  0.00113  0.50   89209     100   89159  4204328  47.13
1920-1929       37      0.00123  0.00123  0.51   89108     110   89055  4115169  46.18
1920-1929       38      0.00127  0.00127  0.49   88998     113   88941  4026115  45.24
1920-1929       39      0.00130  0.00130  0.50   88886     116   88827  3937173  44.29
1920-1929       40      0.00154  0.00154  0.50   88770     137   88701  3848346  43.35
1920-1929       41      0.00154  0.00153  0.50   88633     136   88566  3759645  42.42
1920-1929       42      0.00167  0.00167  0.50   88497     148   88423  3671079  41.48
1920-1929       43      0.00189  0.00189  0.50   88349     167   88266  3582657  40.55
1920-1929       44      0.00189  0.00189  0.50   88182     166   88099  3494390  39.63
1920-1929       45      0.00212  0.00212  0.50   88016     187   87923  3406291  38.70
1920-1929       46      0.00234  0.00234  0.51   87829     206   87728  3318368  37.78
1920-1929       47      0.00257  0.00256  0.50   87624     225   87511  3230640  36.87
1920-1929       48      0.00263  0.00263  0.51   87399     230   87287  3143130  35.96
1920-1929       49      0.00294  0.00294  0.50   87169     256   87042  3055843  35.06
1920-1929       50      0.00309  0.00308  0.49   86913     268   86777  2968801  34.16
1920-1929       51      0.00329  0.00329  0.49   86646     285   86501  2882024  33.26
1920-1929       52      0.00371  0.00370  0.50   86361     320   86200  2795523  32.37
1920-1929       53      0.00387  0.00387  0.50   86041     333   85874  2709324  31.49
1920-1929       54      0.00410  0.00409  0.50   85708     350   85532  2623450  30.61
1920-1929       55      0.00433  0.00432  0.50   85358     369   85175  2537918  29.73
1920-1929       56      0.00431  0.00430  0.51   84989     366   84809  2452743  28.86
1920-1929       57      0.00484  0.00483  0.50   84624     409   84421  2367934  27.98
1920-1929       58      0.00525  0.00523  0.50   84215     441   83993  2283513  27.12
1920-1929       59      0.00572  0.00571  0.51   83774     478   83538  2199520  26.26
1920-1929       60      0.00601  0.00599  0.50   83296     499   83045  2115982  25.40
1920-1929       61      0.00628  0.00626  0.51   82797     518   82541  2032937  24.55
1920-1929       62      0.00695  0.00693  0.50   82279     570   81995  1950396  23.70
1920-1929       63      0.00724  0.00722  0.51   81709     590   81417  1868401  22.87
1920-1929       64      0.00806  0.00803  0.51   81119     651   80797  1786984  22.03
1920-1929       65      0.00906  0.00902  0.50   80468     726   80104  1706187  21.20
1920-1929       66      0.00946  0.00942  0.51   79742     751   79371  1626083  20.39
1920-1929       67      0.01023  0.01018  0.50   78991     804   78591  1546712  19.58
1920-1929       68      0.01126  0.01120  0.50   78187     875   77753  1468121  18.78
1920-1929       69      0.01221  0.01213  0.51   77311     938   76849  1390368  17.98
1920-1929       70      0.01330  0.01322  0.50   76373    1009   75873  1313519  17.20
1920-1929       71      0.01435  0.01424  0.50   75364    1074   74829  1237646  16.42
1920-1929       72      0.01579  0.01566  0.50   74291    1164   73713  1162816  15.65
1920-1929       73      0.01744  0.01729  0.51   73127    1264   72506  1089104  14.89
1920-1929       74      0.01924  0.01906  0.50   71863    1370   71180  1016598  14.15
1920-1929       75      0.02153  0.02131  0.50   70493    1502   69749   945417  13.41
1920-1929       76      0.02325  0.02299  0.50   68991    1586   68204   875669  12.69
1920-1929       77      0.02627  0.02593  0.50   67405    1748   66536   807465  11.98
1920-1929       78      0.02884  0.02843  0.51   65657    1867   64737   740929  11.28
1920-1929       79      0.03271  0.03220  0.51   63790    2054   62783   676192  10.60
1920-1929       80      0.03680  0.03614  0.50   61736    2231   60632   613409   9.94
1920-1929       81      0.04177  0.04092  0.51   59505    2435   58300   552778   9.29
1920-1929       82      0.04850  0.04737  0.51   57070    2703   55737   494477   8.66
1920-1929       83      0.05501  0.05355  0.50   54367    2911   52925   438740   8.07
1920-1929       84      0.06224  0.06039  0.51   51456    3107   49926   385815   7.50
1920-1929       85      0.07253  0.07001  0.50   48348    3385   46671   335889   6.95
1920-1929       86      0.08163  0.07847  0.51   44963    3528   43225   289218   6.43
1920-1929       87      0.09504  0.09077  0.51   41435    3761   39574   245993   5.94
1920-1929       88      0.10595  0.10068  0.51   37674    3793   35803   206420   5.48
1920-1929       89      0.12345  0.11634  0.51   33880    3942   31931   170617   5.04
1920-1929       90      0.14087  0.13168  0.50   29939    3942   27986   138686   4.63
1920-1929       91      0.16055  0.14876  0.51   25996    3867   24089   110700   4.26
1920-1929       92      0.18277  0.16764  0.51   22129    3710   20298    86612   3.91
1920-1929       93      0.20968  0.19000  0.51   18419    3500   16691    66314   3.60
1920-1929       94      0.23577  0.21108  0.50   14920    3149   13357    49624   3.33
1920-1929       95      0.26197  0.23179  0.50   11770    2728   10414    36266   3.08
1920-1929       96      0.28414  0.24874  0.50    9042    2249    7916    25852   2.86
1920-1929       97      0.32445  0.27900  0.50    6793    1895    5841    17936   2.64
1920-1929       98      0.34457  0.29366  0.50    4898    1438    4174    12095   2.47
1920-1929       99      0.38696  0.32337  0.49    3459    1119    2891     7921   2.29
1920-1929      100      0.42105  0.34765  0.50    2341     814    1933     5030   2.15
1920-1929      101      0.45853  0.37408  0.51    1527     571    1246     3097   2.03
1920-1929      102      0.45996  0.37205  0.49     956     356     773     1851   1.94
1920-1929      103      0.51124  0.40603  0.49     600     244     477     1078   1.80
1920-1929      104      0.54637  0.42683  0.49     356     152     278      601   1.69
1920-1929      105      0.53911  0.42053  0.48     204      86     159      323   1.58
1920-1929      106      0.72409  0.52539  0.48     118      62      86      164   1.38
1920-1929      107      0.59997  0.45788  0.48      56      26      43       78   1.38
1920-1929      108      0.71787  0.54545  0.56      30      17      23       35   1.14
1920-1929      109      2.07121  0.90000  0.37      14      12       6       12   0.84
1920-1929      110+     0.24967  1.00000  4.01       1       1       6        6   4.01
