The United States of America, Life tables (period 5x10), Females	Last modified: 17 Mar 2021;  Methods Protocol: v6 (2017)

  Year          Age         mx       qx    ax      lx      dx      Lx       Tx     ex
1933-1939        0      0.05344  0.05139  0.25  100000    5139   96167  6341625  63.42
1933-1939      1-4      0.00410  0.01621  1.41   94861    1538  375461  6245458  65.84
1933-1939      5-9      0.00135  0.00672  2.27   93323     627  464905  5869997  62.90
1933-1939     10-14     0.00110  0.00548  2.63   92696     508  462279  5405092  58.31
1933-1939     15-19     0.00194  0.00966  2.71   92188     891  458901  4942814  53.62
1933-1939     20-24     0.00281  0.01395  2.59   91298    1274  453416  4483913  49.11
1933-1939     25-29     0.00330  0.01636  2.54   90024    1473  446493  4030497  44.77
1933-1939     30-34     0.00374  0.01852  2.57   88551    1640  438773  3584004  40.47
1933-1939     35-39     0.00480  0.02373  2.58   86911    2062  429570  3145231  36.19
1933-1939     40-44     0.00589  0.02904  2.58   84849    2464  418291  2715661  32.01
1933-1939     45-49     0.00806  0.03954  2.63   82385    3257  404202  2297369  27.89
1933-1939     50-54     0.01146  0.05576  2.60   79128    4412  385069  1893168  23.93
1933-1939     55-59     0.01563  0.07534  2.61   74716    5629  360122  1508099  20.18
1933-1939     60-64     0.02345  0.11107  2.62   69086    7673  327190  1147977  16.62
1933-1939     65-69     0.03589  0.16521  2.60   61413   10146  282725   820787  13.37
1933-1939     70-74     0.05593  0.24622  2.57   51267   12623  225701   538062  10.50
1933-1939     75-79     0.08660  0.35599  2.50   38644   13757  158860   312361   8.08
1933-1939     80-84     0.12722  0.47869  2.42   24887   11913   93643   153502   6.17
1933-1939     85-89     0.19120  0.62795  2.27   12974    8147   42608    59859   4.61
1933-1939     90-94     0.25942  0.73593  2.06    4827    3552   13693    17250   3.57
1933-1939     95-99     0.34428  0.83607  1.92    1275    1066    3095     3557   2.79
1933-1939    100-104    0.44404  0.90509  1.73     209     189     426      462   2.21
1933-1939    105-109    0.54877  0.94681  1.54      20      19      34       36   1.81
1933-1939    110+       0.63320  1.00000  1.58       1       1       2        2   1.58
1940-1949        0      0.03726  0.03617  0.19  100000    3617   97075  6819367  68.19
1940-1949      1-4      0.00192  0.00764  1.49   96383     736  383682  6722292  69.75
1940-1949      5-9      0.00075  0.00373  2.30   95646     356  477271  6338610  66.27
1940-1949     10-14     0.00066  0.00331  2.66   95290     315  475714  5861339  61.51
1940-1949     15-19     0.00116  0.00577  2.70   94975     548  473612  5385626  56.71
1940-1949     20-24     0.00163  0.00811  2.57   94427     766  470271  4912013  52.02
1940-1949     25-29     0.00186  0.00924  2.57   93661     865  466197  4441742  47.42
1940-1949     30-34     0.00237  0.01180  2.61   92796    1095  461358  3975545  42.84
1940-1949     35-39     0.00317  0.01571  2.61   91700    1441  455062  3514187  38.32
1940-1949     40-44     0.00438  0.02169  2.63   90259    1958  446655  3059125  33.89
1940-1949     45-49     0.00619  0.03053  2.63   88302    2695  435129  2612470  29.59
1940-1949     50-54     0.00914  0.04472  2.63   85606    3829  418974  2177341  25.43
1940-1949     55-59     0.01324  0.06418  2.63   81778    5248  396440  1758367  21.50
1940-1949     60-64     0.01942  0.09280  2.61   76530    7102  365692  1361926  17.80
1940-1949     65-69     0.02954  0.13800  2.62   69427    9581  324374   996234  14.35
1940-1949     70-74     0.04851  0.21735  2.61   59846   13007  268120   671860  11.23
1940-1949     75-79     0.07729  0.32425  2.52   46839   15188  196516   403740   8.62
1940-1949     80-84     0.11578  0.44704  2.45   31651   14149  122205   207224   6.55
1940-1949     85-89     0.17747  0.60042  2.31   17502   10509   59214    85019   4.86
1940-1949     90-94     0.24883  0.72176  2.09    6993    5048   20285    25806   3.69
1940-1949     95-99     0.33737  0.83054  1.94    1946    1616    4790     5521   2.84
1940-1949    100-104    0.44267  0.90496  1.73     330     298     674      730   2.21
1940-1949    105-109    0.55368  0.94863  1.54      31      30      54       56   1.79
1940-1949    110+       0.64308  1.00000  1.56       2       2       3        3   1.56
1950-1959        0      0.02557  0.02502  0.15  100000    2502   97863  7235259  72.35
1950-1959      1-4      0.00111  0.00442  1.56   97498     431  388936  7137397  73.21
1950-1959      5-9      0.00045  0.00222  2.26   97066     216  484740  6748460  69.52
1950-1959     10-14     0.00037  0.00186  2.64   96851     180  483829  6263720  64.67
1950-1959     15-19     0.00064  0.00318  2.67   96671     308  482637  5779891  59.79
1950-1959     20-24     0.00082  0.00407  2.57   96363     393  480859  5297253  54.97
1950-1959     25-29     0.00101  0.00505  2.60   95970     484  478689  4816394  50.19
1950-1959     30-34     0.00137  0.00683  2.63   95486     653  475886  4337704  45.43
1950-1959     35-39     0.00200  0.00994  2.67   94834     943  471970  3861818  40.72
1950-1959     40-44     0.00307  0.01522  2.65   93891    1429  466103  3389848  36.10
1950-1959     45-49     0.00458  0.02266  2.66   92462    2095  457413  2923745  31.62
1950-1959     50-54     0.00706  0.03474  2.65   90367    3140  444456  2466332  27.29
1950-1959     55-59     0.01025  0.05002  2.63   87227    4363  425796  2021876  23.18
1950-1959     60-64     0.01562  0.07535  2.65   82864    6243  399653  1596080  19.26
1950-1959     65-69     0.02427  0.11470  2.62   76621    8789  362185  1196427  15.61
1950-1959     70-74     0.03921  0.17937  2.63   67832   12167  310304   834242  12.30
1950-1959     75-79     0.06477  0.27967  2.56   55666   15568  240373   523938   9.41
1950-1959     80-84     0.10143  0.40449  2.50   40097   16219  159907   283566   7.07
1950-1959     85-89     0.16028  0.56121  2.33   23878   13401   83611   123659   5.18
1950-1959     90-94     0.23732  0.70920  2.16   10478    7431   31311    40047   3.82
1950-1959     95-99     0.33238  0.82710  1.96    3047    2520    7582     8736   2.87
1950-1959    100-104    0.44730  0.90832  1.73     527     479    1070     1154   2.19
1950-1959    105-109    0.56857  0.95330  1.51      48      46      81       84   1.75
1950-1959    110+       0.66555  1.00000  1.50       2       2       3        3   1.50
1960-1969        0      0.02129  0.02090  0.13  100000    2090   98180  7386597  73.87
1960-1969      1-4      0.00089  0.00354  1.58   97910     347  390801  7288417  74.44
1960-1969      5-9      0.00038  0.00188  2.26   97563     184  487311  6897616  70.70
1960-1969     10-14     0.00031  0.00154  2.62   97379     150  486540  6410304  65.83
1960-1969     15-19     0.00057  0.00284  2.72   97230     276  485518  5923764  60.93
1960-1969     20-24     0.00071  0.00356  2.55   96953     345  483924  5438246  56.09
1960-1969     25-29     0.00087  0.00435  2.60   96608     420  482034  4954322  51.28
1960-1969     30-34     0.00123  0.00613  2.66   96188     589  479564  4472289  46.50
1960-1969     35-39     0.00184  0.00915  2.66   95599     875  475952  3992725  41.77
1960-1969     40-44     0.00279  0.01384  2.66   94724    1311  470558  3516773  37.13
1960-1969     45-49     0.00425  0.02104  2.66   93413    1965  462469  3046215  32.61
1960-1969     50-54     0.00633  0.03119  2.63   91448    2852  450482  2583746  28.25
1960-1969     55-59     0.00901  0.04410  2.65   88596    3907  433790  2133264  24.08
1960-1969     60-64     0.01419  0.06866  2.64   84689    5815  409726  1699474  20.07
1960-1969     65-69     0.02160  0.10269  2.61   78874    8099  374994  1289748  16.35
1960-1969     70-74     0.03418  0.15815  2.64   70775   11193  327426   914754  12.92
1960-1969     75-79     0.05761  0.25299  2.59   59582   15074  261627   587328   9.86
1960-1969     80-84     0.09468  0.38338  2.52   44508   17063  180225   325701   7.32
1960-1969     85-89     0.15403  0.54788  2.37   27445   15036   97618   145477   5.30
1960-1969     90-94     0.23327  0.70357  2.18   12408    8730   37425    47858   3.86
1960-1969     95-99     0.33578  0.83119  1.96    3678    3057    9105    10433   2.84
1960-1969    100-104    0.45848  0.91451  1.71     621     568    1239     1328   2.14
1960-1969    105-109    0.58702  0.95826  1.49      53      51      87       90   1.69
1960-1969    110+       0.68863  1.00000  1.45       2       2       3        3   1.45
1970-1979        0      0.01456  0.01438  0.12  100000    1438   98734  7612216  76.12
1970-1979      1-4      0.00066  0.00263  1.62   98562     259  393633  7513483  76.23
1970-1979      5-9      0.00031  0.00153  2.30   98303     150  491110  7119850  72.43
1970-1979     10-14     0.00027  0.00135  2.68   98153     132  490458  6628740  67.53
1970-1979     15-19     0.00057  0.00284  2.72   98021     279  489468  6138282  62.62
1970-1979     20-24     0.00068  0.00339  2.52   97742     331  487889  5648814  57.79
1970-1979     25-29     0.00076  0.00379  2.58   97411     369  486161  5160925  52.98
1970-1979     30-34     0.00100  0.00498  2.65   97042     483  484077  4674764  48.17
1970-1979     35-39     0.00153  0.00761  2.67   96559     735  481084  4190686  43.40
1970-1979     40-44     0.00244  0.01211  2.69   95824    1160  476438  3709602  38.71
1970-1979     45-49     0.00376  0.01864  2.65   94664    1765  469176  3233164  34.15
1970-1979     50-54     0.00557  0.02748  2.63   92900    2553  458457  2763989  29.75
1970-1979     55-59     0.00823  0.04036  2.64   90346    3647  443129  2305531  25.52
1970-1979     60-64     0.01226  0.05955  2.61   86700    5163  421162  1862402  21.48
1970-1979     65-69     0.01806  0.08661  2.63   81537    7062  390957  1441240  17.68
1970-1979     70-74     0.02968  0.13863  2.63   74475   10324  347861  1050283  14.10
1970-1979     75-79     0.04728  0.21213  2.58   64150   13608  287839   702422  10.95
1970-1979     80-84     0.07879  0.33024  2.55   50542   16691  211850   414583   8.20
1970-1979     85-89     0.12892  0.48398  2.43   33851   16384  127079   202733   5.99
1970-1979     90-94     0.20152  0.64934  2.26   17468   11343   56286    75654   4.33
1970-1979     95-99     0.29605  0.79013  2.05    6125    4840   16348    19367   3.16
1970-1979    100-104    0.41441  0.89088  1.80    1286    1145    2764     3019   2.35
1970-1979    105-109    0.54381  0.94695  1.56     140     133     244      256   1.82
1970-1979    110+       0.64897  1.00000  1.54       7       7      11       11   1.54
1980-1989        0      0.00983  0.00975  0.13  100000     975   99151  7813546  78.14
1980-1989      1-4      0.00048  0.00192  1.58   99025     190  395640  7714395  77.90
1980-1989      5-9      0.00022  0.00108  2.35   98835     107  493892  7318755  74.05
1980-1989     10-14     0.00021  0.00104  2.72   98728     103  493405  6824863  69.13
1980-1989     15-19     0.00048  0.00239  2.71   98625     235  492586  6331458  64.20
1980-1989     20-24     0.00056  0.00278  2.54   98390     274  491274  5838872  59.34
1980-1989     25-29     0.00064  0.00320  2.57   98116     314  489817  5347598  54.50
1980-1989     30-34     0.00082  0.00408  2.62   97802     399  488063  4857781  49.67
1980-1989     35-39     0.00115  0.00574  2.65   97403     559  485704  4369718  44.86
1980-1989     40-44     0.00179  0.00892  2.68   96844     864  482220  3884014  40.11
1980-1989     45-49     0.00291  0.01446  2.69   95981    1388  476696  3401794  35.44
1980-1989     50-54     0.00469  0.02318  2.67   94593    2192  467846  2925097  30.92
1980-1989     55-59     0.00725  0.03563  2.66   92400    3292  454298  2457251  26.59
1980-1989     60-64     0.01120  0.05457  2.64   89108    4863  434062  2002953  22.48
1980-1989     65-69     0.01674  0.08048  2.62   84245    6780  405117  1568891  18.62
1980-1989     70-74     0.02593  0.12215  2.63   77465    9462  364869  1163773  15.02
1980-1989     75-79     0.04058  0.18490  2.60   68003   12574  309885   798904  11.75
1980-1989     80-84     0.06884  0.29489  2.57   55429   16345  237433   489020   8.82
1980-1989     85-89     0.11459  0.44410  2.47   39084   17357  151467   251586   6.44
1980-1989     90-94     0.18478  0.61724  2.31   21727   13410   72576   100119   4.61
1980-1989     95-99     0.27964  0.77106  2.09    8316    6412   22931    27543   3.31
1980-1989    100-104    0.40024  0.88251  1.83    1904    1680    4198     4613   2.42
1980-1989    105-109    0.53444  0.94446  1.58     224     211     395      415   1.85
1980-1989    110+       0.64430  1.00000  1.55      12      12      19       19   1.55
1990-1999        0      0.00738  0.00734  0.13  100000     734   99364  7914643  79.15
1990-1999      1-4      0.00037  0.00146  1.59   99266     145  396715  7815278  78.73
1990-1999      5-9      0.00017  0.00084  2.37   99121      83  495387  7418563  74.84
1990-1999     10-14     0.00018  0.00091  2.78   99038      90  494989  6923176  69.90
1990-1999     15-19     0.00044  0.00219  2.67   98948     216  494234  6428186  64.97
1990-1999     20-24     0.00049  0.00246  2.54   98731     243  493058  5933953  60.10
1990-1999     25-29     0.00060  0.00299  2.60   98489     295  491737  5440894  55.24
1990-1999     30-34     0.00083  0.00412  2.64   98194     404  490016  4949158  50.40
1990-1999     35-39     0.00118  0.00590  2.64   97790     577  487589  4459142  45.60
1990-1999     40-44     0.00170  0.00845  2.65   97213     821  484134  3971553  40.85
1990-1999     45-49     0.00257  0.01277  2.67   96392    1230  479095  3487418  36.18
1990-1999     50-54     0.00406  0.02010  2.68   95161    1913  471366  3008323  31.61
1990-1999     55-59     0.00650  0.03199  2.67   93249    2983  459303  2536957  27.21
1990-1999     60-64     0.01026  0.05010  2.65   90265    4522  440707  2077654  23.02
1990-1999     65-69     0.01562  0.07531  2.64   85743    6457  413462  1636947  19.09
1990-1999     70-74     0.02424  0.11461  2.63   79286    9087  374874  1223485  15.43
1990-1999     75-79     0.03774  0.17309  2.61   70199   12151  321991   848610  12.09
1990-1999     80-84     0.06453  0.27907  2.58   58049   16199  251041   526619   9.07
1990-1999     85-89     0.10888  0.42766  2.49   41849   17897  164373   275579   6.59
1990-1999     90-94     0.18164  0.61182  2.33   23952   14654   80677   111205   4.64
1990-1999     95-99     0.28179  0.77461  2.09    9298    7202   25559    30528   3.28
1990-1999    100-104    0.40942  0.88909  1.82    2096    1863    4551     4969   2.37
1990-1999    105-109    0.55086  0.94975  1.55     232     221     401      418   1.80
1990-1999    110+       0.66559  1.00000  1.50      12      12      18       18   1.50
2000-2009        0      0.00626  0.00623  0.14  100000     623   99462  8011494  80.11
2000-2009      1-4      0.00027  0.00108  1.59   99377     107  397251  7912032  79.62
2000-2009      5-9      0.00013  0.00064  2.41   99270      64  496185  7514781  75.70
2000-2009     10-14     0.00014  0.00072  2.74   99206      71  495871  7018596  70.75
2000-2009     15-19     0.00036  0.00182  2.78   99135     181  495276  6522725  65.80
2000-2009     20-24     0.00047  0.00236  2.54   98955     234  494199  6027448  60.91
2000-2009     25-29     0.00056  0.00278  2.60   98721     275  492946  5533249  56.05
2000-2009     30-34     0.00073  0.00366  2.64   98446     361  491381  5040303  51.20
2000-2009     35-39     0.00110  0.00550  2.68   98086     539  489177  4548922  46.38
2000-2009     40-44     0.00173  0.00862  2.67   97546     841  485776  4059746  41.62
2000-2009     45-49     0.00261  0.01297  2.65   96706    1255  480577  3573969  36.96
2000-2009     50-54     0.00379  0.01876  2.64   95451    1790  473022  3093392  32.41
2000-2009     55-59     0.00562  0.02775  2.66   93660    2599  462228  2620370  27.98
2000-2009     60-64     0.00883  0.04327  2.66   91062    3940  446102  2158142  23.70
2000-2009     65-69     0.01365  0.06613  2.65   87122    5761  422048  1712040  19.65
2000-2009     70-74     0.02156  0.10260  2.64   81361    8348  387127  1289992  15.86
2000-2009     75-79     0.03485  0.16093  2.63   73013   11750  337175   902865  12.37
2000-2009     80-84     0.06001  0.26238  2.61   61263   16074  267865   565690   9.23
2000-2009     85-89     0.10645  0.42101  2.52   45189   19025  178717   297825   6.59
2000-2009     90-94     0.18454  0.61881  2.34   26164   16191   87737   119108   4.55
2000-2009     95-99     0.29545  0.79242  2.07    9973    7903   26749    31372   3.15
2000-2009    100-104    0.43674  0.90593  1.77    2070    1876    4294     4622   2.23
2000-2009    105-109    0.58991  0.96019  1.49     195     187     317      328   1.68
2000-2009    110+       0.71048  1.00000  1.41       8       8      11       11   1.41
2010-2019        0      0.00533  0.00530  0.14  100000     530   99543  8137709  81.38
2010-2019      1-4      0.00022  0.00089  1.59   99470      88  397665  8038166  80.81
2010-2019      5-9      0.00010  0.00052  2.40   99381      52  496772  7640501  76.88
2010-2019     10-14     0.00012  0.00060  2.76   99329      60  496513  7143730  71.92
2010-2019     15-19     0.00028  0.00141  2.84   99270     140  496047  6647216  66.96
2010-2019     20-24     0.00047  0.00232  2.61   99130     230  495099  6151169  62.05
2010-2019     25-29     0.00062  0.00308  2.61   98899     304  493770  5656070  57.19
2010-2019     30-34     0.00083  0.00415  2.61   98595     409  491998  5162300  52.36
2010-2019     35-39     0.00112  0.00559  2.62   98186     549  489623  4670302  47.57
2010-2019     40-44     0.00158  0.00789  2.66   97637     770  486379  4180679  42.82
2010-2019     45-49     0.00244  0.01212  2.67   96867    1174  481599  3694299  38.14
2010-2019     50-54     0.00375  0.01860  2.65   95692    1780  474282  3212700  33.57
2010-2019     55-59     0.00549  0.02708  2.63   93912    2543  463536  2738418  29.16
2010-2019     60-64     0.00787  0.03863  2.64   91370    3529  448502  2274882  24.90
2010-2019     65-69     0.01169  0.05688  2.65   87841    4997  427458  1826380  20.79
2010-2019     70-74     0.01853  0.08881  2.65   82844    7357  396940  1398922  16.89
2010-2019     75-79     0.03030  0.14141  2.64   75487   10675  352271  1001982  13.27
2010-2019     80-84     0.05158  0.22967  2.62   64812   14885  288577   649711  10.02
2010-2019     85-89     0.09074  0.37119  2.55   49927   18532  204241   361134   7.23
2010-2019     90-94     0.16173  0.56919  2.40   31395   17869  110487   156893   5.00
2010-2019     95-99     0.26572  0.75540  2.14   13525   10217   38450    46407   3.43
2010-2019    100-104    0.40238  0.88603  1.84    3308    2931    7285     7956   2.40
2010-2019    105-109    0.55644  0.95207  1.55     377     359     645      672   1.78
2010-2019    110+       0.68119  1.00000  1.47      18      18      27       27   1.47
