PopName,Area,Year,YearReg,Month,Births,Access,NoteCode1,NoteCode2,NoteCode3,RefCode,LDB
GBR_NIR,01,1955,1955,1,2341,O,1,3,.,21,1
GBR_NIR,01,1955,1955,2,2022,O,1,3,.,21,1
GBR_NIR,01,1955,1955,3,2513,O,1,3,.,21,1
GBR_NIR,01,1955,1955,4,2522,O,1,3,.,21,1
GBR_NIR,01,1955,1955,5,2563,O,1,3,.,21,1
GBR_NIR,01,1955,1955,6,2594,O,1,3,.,21,1
GBR_NIR,01,1955,1955,7,2562,O,1,3,.,21,1
GBR_NIR,01,1955,1955,8,2591,O,1,3,.,21,1
GBR_NIR,01,1955,1955,9,2485,O,1,3,.,21,1
GBR_NIR,01,1955,1955,10,2470,O,1,3,.,21,1
GBR_NIR,01,1955,1955,11,2179,O,1,3,.,21,1
GBR_NIR,01,1955,1955,12,2123,O,1,3,.,21,1
GBR_NIR,01,1955,1955,TOT,28965,O,1,3,.,21,1
GBR_NIR,01,1956,1956,1,2508,O,1,3,.,21,1
GBR_NIR,01,1956,1956,2,2202,O,1,3,.,21,1
GBR_NIR,01,1956,1956,3,2506,O,1,3,.,21,1
GBR_NIR,01,1956,1956,4,2677,O,1,3,.,21,1
GBR_NIR,01,1956,1956,5,2646,O,1,3,.,21,1
GBR_NIR,01,1956,1956,6,2589,O,1,3,.,21,1
GBR_NIR,01,1956,1956,7,2558,O,1,3,.,21,1
GBR_NIR,01,1956,1956,8,2395,O,1,3,.,21,1
GBR_NIR,01,1956,1956,9,2426,O,1,3,.,21,1
GBR_NIR,01,1956,1956,10,2457,O,1,3,.,21,1
GBR_NIR,01,1956,1956,11,2319,O,1,3,.,21,1
GBR_NIR,01,1956,1956,12,2206,O,1,3,.,21,1
GBR_NIR,01,1956,1956,TOT,29489,O,1,3,.,21,1
GBR_NIR,01,1957,1957,1,2548,O,1,3,.,21,1
GBR_NIR,01,1957,1957,2,2287,O,1,3,.,21,1
GBR_NIR,01,1957,1957,3,2521,O,1,3,.,21,1
GBR_NIR,01,1957,1957,4,2603,O,1,3,.,21,1
GBR_NIR,01,1957,1957,5,2830,O,1,3,.,21,1
GBR_NIR,01,1957,1957,6,2461,O,1,3,.,21,1
GBR_NIR,01,1957,1957,7,2720,O,1,3,.,21,1
GBR_NIR,01,1957,1957,8,2535,O,1,3,.,21,1
GBR_NIR,01,1957,1957,9,2421,O,1,3,.,21,1
GBR_NIR,01,1957,1957,10,2566,O,1,3,.,21,1
GBR_NIR,01,1957,1957,11,2373,O,1,3,.,21,1
GBR_NIR,01,1957,1957,12,2243,O,1,3,.,21,1
GBR_NIR,01,1957,1957,TOT,30108,O,1,3,.,21,1
GBR_NIR,01,1958,1958,1,2694,O,1,3,.,21,1
GBR_NIR,01,1958,1958,2,2360,O,1,3,.,21,1
GBR_NIR,01,1958,1958,3,2607,O,1,3,.,21,1
GBR_NIR,01,1958,1958,4,2748,O,1,3,.,21,1
GBR_NIR,01,1958,1958,5,2774,O,1,3,.,21,1
GBR_NIR,01,1958,1958,6,2530,O,1,3,.,21,1
GBR_NIR,01,1958,1958,7,2515,O,1,3,.,21,1
GBR_NIR,01,1958,1958,8,2342,O,1,3,.,21,1
GBR_NIR,01,1958,1958,9,2480,O,1,3,.,21,1
GBR_NIR,01,1958,1958,10,2583,O,1,3,.,21,1
GBR_NIR,01,1958,1958,11,2299,O,1,3,.,21,1
GBR_NIR,01,1958,1958,12,2369,O,1,3,.,21,1
GBR_NIR,01,1958,1958,TOT,30301,O,1,3,.,21,1
GBR_NIR,01,1959,1959,1,2726,O,1,3,.,21,1
GBR_NIR,01,1959,1959,2,2302,O,1,3,.,21,1
GBR_NIR,01,1959,1959,3,2507,O,1,3,.,21,1
GBR_NIR,01,1959,1959,4,2789,O,1,3,.,21,1
GBR_NIR,01,1959,1959,5,2706,O,1,3,.,21,1
GBR_NIR,01,1959,1959,6,2831,O,1,3,.,21,1
GBR_NIR,01,1959,1959,7,2788,O,1,3,.,21,1
GBR_NIR,01,1959,1959,8,2386,O,1,3,.,21,1
GBR_NIR,01,1959,1959,9,2551,O,1,3,.,21,1
GBR_NIR,01,1959,1959,10,2586,O,1,3,.,21,1
GBR_NIR,01,1959,1959,11,2314,O,1,3,.,21,1
GBR_NIR,01,1959,1959,12,2323,O,1,3,.,21,1
GBR_NIR,01,1959,1959,TOT,30809,O,1,3,.,21,1
GBR_NIR,01,1960,1960,1,2481,O,1,3,.,21,1
GBR_NIR,01,1960,1960,2,2457,O,1,3,.,21,1
GBR_NIR,01,1960,1960,3,2723,O,1,3,.,21,1
GBR_NIR,01,1960,1960,4,2787,O,1,3,.,21,1
GBR_NIR,01,1960,1960,5,2972,O,1,3,.,21,1
GBR_NIR,01,1960,1960,6,2740,O,1,3,.,21,1
GBR_NIR,01,1960,1960,7,2685,O,1,3,.,21,1
GBR_NIR,01,1960,1960,8,2757,O,1,3,.,21,1
GBR_NIR,01,1960,1960,9,2690,O,1,3,.,21,1
GBR_NIR,01,1960,1960,10,2666,O,1,3,.,21,1
GBR_NIR,01,1960,1960,11,2573,O,1,3,.,21,1
GBR_NIR,01,1960,1960,12,2458,O,1,3,.,21,1
GBR_NIR,01,1960,1960,TOT,31989,O,1,3,.,21,1
GBR_NIR,01,1961,1961,1,2759,O,1,3,.,21,1
GBR_NIR,01,1961,1961,2,2460,O,1,3,.,21,1
GBR_NIR,01,1961,1961,3,2781,O,1,3,.,21,1
GBR_NIR,01,1961,1961,4,2670,O,1,3,.,21,1
GBR_NIR,01,1961,1961,5,2973,O,1,3,.,21,1
GBR_NIR,01,1961,1961,6,2917,O,1,3,.,21,1
GBR_NIR,01,1961,1961,7,2710,O,1,3,.,21,1
GBR_NIR,01,1961,1961,8,2742,O,1,3,.,21,1
GBR_NIR,01,1961,1961,9,2631,O,1,3,.,21,1
GBR_NIR,01,1961,1961,10,2568,O,1,3,.,21,1
GBR_NIR,01,1961,1961,11,2409,O,1,3,.,21,1
GBR_NIR,01,1961,1961,12,2295,O,1,3,.,21,1
GBR_NIR,01,1961,1961,TOT,31915,O,1,3,.,21,1
GBR_NIR,01,1962,1962,1,2823,O,1,3,.,21,1
GBR_NIR,01,1962,1962,2,2463,O,1,3,.,21,1
GBR_NIR,01,1962,1962,3,2869,O,1,3,.,21,1
GBR_NIR,01,1962,1962,4,2685,O,1,3,.,21,1
GBR_NIR,01,1962,1962,5,3119,O,1,3,.,21,1
GBR_NIR,01,1962,1962,6,2788,O,1,3,.,21,1
GBR_NIR,01,1962,1962,7,2849,O,1,3,.,21,1
GBR_NIR,01,1962,1962,8,2692,O,1,3,.,21,1
GBR_NIR,01,1962,1962,9,2519,O,1,3,.,21,1
GBR_NIR,01,1962,1962,10,2775,O,1,3,.,21,1
GBR_NIR,01,1962,1962,11,2656,O,1,3,.,21,1
GBR_NIR,01,1962,1962,12,2327,O,1,3,.,21,1
GBR_NIR,01,1962,1962,TOT,32565,O,1,3,.,21,1
GBR_NIR,01,1963,1963,1,2909,O,1,3,.,21,1
GBR_NIR,01,1963,1963,2,2532,O,1,3,.,21,1
GBR_NIR,01,1963,1963,3,2854,O,1,3,.,21,1
GBR_NIR,01,1963,1963,4,2863,O,1,3,.,21,1
GBR_NIR,01,1963,1963,5,3043,O,1,3,.,21,1
GBR_NIR,01,1963,1963,6,2801,O,1,3,.,21,1
GBR_NIR,01,1963,1963,7,2979,O,1,3,.,21,1
GBR_NIR,01,1963,1963,8,2958,O,1,3,.,21,1
GBR_NIR,01,1963,1963,9,2653,O,1,3,.,21,1
GBR_NIR,01,1963,1963,10,2793,O,1,3,.,21,1
GBR_NIR,01,1963,1963,11,2534,O,1,3,.,21,1
GBR_NIR,01,1963,1963,12,2495,O,1,3,.,21,1
GBR_NIR,01,1963,1963,TOT,33414,O,1,3,.,21,1
GBR_NIR,01,1964,1964,1,2926,O,1,3,.,21,1
GBR_NIR,01,1964,1964,2,2571,O,1,3,.,21,1
GBR_NIR,01,1964,1964,3,2644,O,1,3,.,21,1
GBR_NIR,01,1964,1964,4,3187,O,1,3,.,21,1
GBR_NIR,01,1964,1964,5,3062,O,1,3,.,21,1
GBR_NIR,01,1964,1964,6,3020,O,1,3,.,21,1
GBR_NIR,01,1964,1964,7,3123,O,1,3,.,21,1
GBR_NIR,01,1964,1964,8,2703,O,1,3,.,21,1
GBR_NIR,01,1964,1964,9,2949,O,1,3,.,21,1
GBR_NIR,01,1964,1964,10,2894,O,1,3,.,21,1
GBR_NIR,01,1964,1964,11,2696,O,1,3,.,21,1
GBR_NIR,01,1964,1964,12,2570,O,1,3,.,21,1
GBR_NIR,01,1964,1964,TOT,34345,O,1,3,.,21,1
GBR_NIR,01,1965,1965,1,2913,O,1,3,.,21,1
GBR_NIR,01,1965,1965,2,2615,O,1,3,.,21,1
GBR_NIR,01,1965,1965,3,3150,O,1,3,.,21,1
GBR_NIR,01,1965,1965,4,2817,O,1,3,.,21,1
GBR_NIR,01,1965,1965,5,2911,O,1,3,.,21,1
GBR_NIR,01,1965,1965,6,2866,O,1,3,.,21,1
GBR_NIR,01,1965,1965,7,2974,O,1,3,.,21,1
GBR_NIR,01,1965,1965,8,2755,O,1,3,.,21,1
GBR_NIR,01,1965,1965,9,2844,O,1,3,.,21,1
GBR_NIR,01,1965,1965,10,2777,O,1,3,.,21,1
GBR_NIR,01,1965,1965,11,2645,O,1,3,.,21,1
GBR_NIR,01,1965,1965,12,2623,O,1,3,.,21,1
GBR_NIR,01,1965,1965,TOT,33890,O,1,3,.,21,1
GBR_NIR,01,1966,1966,1,2785,O,1,3,.,21,1
GBR_NIR,01,1966,1966,2,2440,O,1,3,.,21,1
GBR_NIR,01,1966,1966,3,3001,O,1,3,.,21,1
GBR_NIR,01,1966,1966,4,2796,O,1,3,.,21,1
GBR_NIR,01,1966,1966,5,2934,O,1,3,.,21,1
GBR_NIR,01,1966,1966,6,3010,O,1,3,.,21,1
GBR_NIR,01,1966,1966,7,2787,O,1,3,.,21,1
GBR_NIR,01,1966,1966,8,2885,O,1,3,.,21,1
GBR_NIR,01,1966,1966,9,2949,O,1,3,.,21,1
GBR_NIR,01,1966,1966,10,2694,O,1,3,.,21,1
GBR_NIR,01,1966,1966,11,2577,O,1,3,.,21,1
GBR_NIR,01,1966,1966,12,2370,O,1,3,.,21,1
GBR_NIR,01,1966,1966,TOT,33228,O,1,3,.,21,1
GBR_NIR,01,1967,1967,1,2939,O,1,3,.,21,1
GBR_NIR,01,1967,1967,2,2599,O,1,3,.,21,1
GBR_NIR,01,1967,1967,3,2746,O,1,3,.,21,1
GBR_NIR,01,1967,1967,4,2809,O,1,3,.,21,1
GBR_NIR,01,1967,1967,5,3055,O,1,3,.,21,1
GBR_NIR,01,1967,1967,6,3112,O,1,3,.,21,1
GBR_NIR,01,1967,1967,7,2813,O,1,3,.,21,1
GBR_NIR,01,1967,1967,8,2846,O,1,3,.,21,1
GBR_NIR,01,1967,1967,9,2778,O,1,3,.,21,1
GBR_NIR,01,1967,1967,10,2813,O,1,3,.,21,1
GBR_NIR,01,1967,1967,11,2617,O,1,3,.,21,1
GBR_NIR,01,1967,1967,12,2288,O,1,3,.,21,1
GBR_NIR,01,1967,1967,TOT,33415,O,1,3,.,21,1
GBR_NIR,01,1968,1968,1,3155,O,1,3,.,21,1
GBR_NIR,01,1968,1968,2,2570,O,1,3,.,21,1
GBR_NIR,01,1968,1968,3,2837,O,1,3,.,21,1
GBR_NIR,01,1968,1968,4,2833,O,1,3,.,21,1
GBR_NIR,01,1968,1968,5,2965,O,1,3,.,21,1
GBR_NIR,01,1968,1968,6,2650,O,1,3,.,21,1
GBR_NIR,01,1968,1968,7,2971,O,1,3,.,21,1
GBR_NIR,01,1968,1968,8,2867,O,1,3,.,21,1
GBR_NIR,01,1968,1968,9,2615,O,1,3,.,21,1
GBR_NIR,01,1968,1968,10,2900,O,1,3,.,21,1
GBR_NIR,01,1968,1968,11,2494,O,1,3,.,21,1
GBR_NIR,01,1968,1968,12,2316,O,1,3,.,21,1
GBR_NIR,01,1968,1968,TOT,33173,O,1,3,.,21,1
GBR_NIR,01,1969,1969,1,3039,O,1,3,.,21,1
GBR_NIR,01,1969,1969,2,2469,O,1,3,.,21,1
GBR_NIR,01,1969,1969,3,2639,O,1,3,.,21,1
GBR_NIR,01,1969,1969,4,2821,O,1,3,.,21,1
GBR_NIR,01,1969,1969,5,2924,O,1,3,.,21,1
GBR_NIR,01,1969,1969,6,2823,O,1,3,.,21,1
GBR_NIR,01,1969,1969,7,2873,O,1,3,.,21,1
GBR_NIR,01,1969,1969,8,2552,O,1,3,.,21,1
GBR_NIR,01,1969,1969,9,2733,O,1,3,.,21,1
GBR_NIR,01,1969,1969,10,2867,O,1,3,.,21,1
GBR_NIR,01,1969,1969,11,2309,O,1,3,.,21,1
GBR_NIR,01,1969,1969,12,2379,O,1,3,.,21,1
GBR_NIR,01,1969,1969,TOT,32428,O,1,3,.,21,1
GBR_NIR,01,1970,1970,1,2841,O,1,3,.,21,1
GBR_NIR,01,1970,1970,2,2360,O,1,3,.,21,1
GBR_NIR,01,1970,1970,3,2504,O,1,3,.,21,1
GBR_NIR,01,1970,1970,4,3105,O,1,3,.,21,1
GBR_NIR,01,1970,1970,5,2642,O,1,3,.,21,1
GBR_NIR,01,1970,1970,6,2834,O,1,3,.,21,1
GBR_NIR,01,1970,1970,7,2963,O,1,3,.,21,1
GBR_NIR,01,1970,1970,8,2487,O,1,3,.,21,1
GBR_NIR,01,1970,1970,9,2769,O,1,3,.,21,1
GBR_NIR,01,1970,1970,10,2717,O,1,3,.,21,1
GBR_NIR,01,1970,1970,11,2517,O,1,3,.,21,1
GBR_NIR,01,1970,1970,12,2347,O,1,3,.,21,1
GBR_NIR,01,1970,1970,TOT,32086,O,1,3,.,21,1
GBR_NIR,01,1971,1971,1,2804,O,1,3,.,21,1
GBR_NIR,01,1971,1971,2,2463,O,1,3,.,21,1
GBR_NIR,01,1971,1971,3,3028,O,1,3,.,21,1
GBR_NIR,01,1971,1971,4,2690,O,1,3,.,21,1
GBR_NIR,01,1971,1971,5,2594,O,1,3,.,21,1
GBR_NIR,01,1971,1971,6,2923,O,1,3,.,21,1
GBR_NIR,01,1971,1971,7,2879,O,1,3,.,21,1
GBR_NIR,01,1971,1971,8,2491,O,1,3,.,21,1
GBR_NIR,01,1971,1971,9,2680,O,1,3,.,21,1
GBR_NIR,01,1971,1971,10,2446,O,1,3,.,21,1
GBR_NIR,01,1971,1971,11,2452,O,1,3,.,21,1
GBR_NIR,01,1971,1971,12,2315,O,1,3,.,21,1
GBR_NIR,01,1971,1971,TOT,31765,O,1,3,.,21,1
GBR_NIR,01,1972,1972,1,2555,O,1,3,.,21,1
GBR_NIR,01,1972,1972,2,2452,O,1,3,.,21,1
GBR_NIR,01,1972,1972,3,2508,O,1,3,.,21,1
GBR_NIR,01,1972,1972,4,2553,O,1,3,.,21,1
GBR_NIR,01,1972,1972,5,2661,O,1,3,.,21,1
GBR_NIR,01,1972,1972,6,2738,O,1,3,.,21,1
GBR_NIR,01,1972,1972,7,2318,O,1,3,.,21,1
GBR_NIR,01,1972,1972,8,2753,O,1,3,.,21,1
GBR_NIR,01,1972,1972,9,2512,O,1,3,.,21,1
GBR_NIR,01,1972,1972,10,2525,O,1,3,.,21,1
GBR_NIR,01,1972,1972,11,2346,O,1,3,.,21,1
GBR_NIR,01,1972,1972,12,2073,O,1,3,.,21,1
GBR_NIR,01,1972,1972,TOT,29994,O,1,3,.,21,1
GBR_NIR,01,1973,1973,1,2705,O,1,3,.,21,1
GBR_NIR,01,1973,1973,2,2254,O,1,3,.,21,1
GBR_NIR,01,1973,1973,3,2614,O,1,3,.,21,1
GBR_NIR,01,1973,1973,4,2247,O,1,3,.,21,1
GBR_NIR,01,1973,1973,5,2727,O,1,3,.,21,1
GBR_NIR,01,1973,1973,6,2493,O,1,3,.,21,1
GBR_NIR,01,1973,1973,7,2575,O,1,3,.,21,1
GBR_NIR,01,1973,1973,8,2371,O,1,3,.,21,1
GBR_NIR,01,1973,1973,9,2235,O,1,3,.,21,1
GBR_NIR,01,1973,1973,10,2823,O,1,3,.,21,1
GBR_NIR,01,1973,1973,11,2233,O,1,3,.,21,1
GBR_NIR,01,1973,1973,12,1923,O,1,3,.,21,1
GBR_NIR,01,1973,1973,TOT,29200,O,1,3,.,21,1
GBR_NIR,01,1974,1974,1,2732,O,1,3,.,21,1
GBR_NIR,01,1974,1974,2,2137,O,1,3,.,21,1
GBR_NIR,01,1974,1974,3,2278,O,1,3,.,21,1
GBR_NIR,01,1974,1974,4,2351,O,1,3,.,21,1
GBR_NIR,01,1974,1974,5,2338,O,1,3,.,21,1
GBR_NIR,01,1974,1974,6,2248,O,1,3,.,21,1
GBR_NIR,01,1974,1974,7,2514,O,1,3,.,21,1
GBR_NIR,01,1974,1974,8,1832,O,1,3,.,21,1
GBR_NIR,01,1974,1974,9,2277,O,1,3,.,21,1
GBR_NIR,01,1974,1974,10,2403,O,1,3,.,21,1
GBR_NIR,01,1974,1974,11,2111,O,1,3,.,21,1
GBR_NIR,01,1974,1974,12,1939,O,1,3,.,21,1
GBR_NIR,01,1974,1974,TOT,27160,O,1,3,.,21,1
GBR_NIR,01,1975,1975,1,2462,O,1,3,.,21,1
GBR_NIR,01,1975,1975,2,2017,O,1,3,.,21,1
GBR_NIR,01,1975,1975,3,2005,O,1,3,.,21,1
GBR_NIR,01,1975,1975,4,2343,O,1,3,.,21,1
GBR_NIR,01,1975,1975,5,2269,O,1,3,.,21,1
GBR_NIR,01,1975,1975,6,2187,O,1,3,.,21,1
GBR_NIR,01,1975,1975,7,2331,O,1,3,.,21,1
GBR_NIR,01,1975,1975,8,2119,O,1,3,.,21,1
GBR_NIR,01,1975,1975,9,2183,O,1,3,.,21,1
GBR_NIR,01,1975,1975,10,2280,O,1,3,.,21,1
GBR_NIR,01,1975,1975,11,1931,O,1,3,.,21,1
GBR_NIR,01,1975,1975,12,2003,O,1,3,.,21,1
GBR_NIR,01,1975,1975,TOT,26130,O,1,3,.,21,1
GBR_NIR,01,1976,1976,1,2352,O,1,3,.,21,1
GBR_NIR,01,1976,1976,2,2067,O,1,3,.,21,1
GBR_NIR,01,1976,1976,3,2369,O,1,3,.,21,1
GBR_NIR,01,1976,1976,4,2270,O,1,3,.,21,1
GBR_NIR,01,1976,1976,5,2192,O,1,3,.,21,1
GBR_NIR,01,1976,1976,6,2373,O,1,3,.,21,1
GBR_NIR,01,1976,1976,7,2410,O,1,3,.,21,1
GBR_NIR,01,1976,1976,8,2431,O,1,3,.,21,1
GBR_NIR,01,1976,1976,9,1869,O,1,3,.,21,1
GBR_NIR,01,1976,1976,10,2098,O,1,3,.,21,1
GBR_NIR,01,1976,1976,11,2328,O,1,3,.,21,1
GBR_NIR,01,1976,1976,12,1602,O,1,3,.,21,1
GBR_NIR,01,1976,1976,TOT,26361,O,1,3,.,21,1
GBR_NIR,01,1977,1977,1,2151,O,1,3,.,21,1
GBR_NIR,01,1977,1977,2,2199,O,1,3,.,21,1
GBR_NIR,01,1977,1977,3,1886,O,1,3,.,21,1
GBR_NIR,01,1977,1977,4,2040,O,1,3,.,21,1
GBR_NIR,01,1977,1977,5,2523,O,1,3,.,21,1
GBR_NIR,01,1977,1977,6,2046,O,1,3,.,21,1
GBR_NIR,01,1977,1977,7,2037,O,1,3,.,21,1
GBR_NIR,01,1977,1977,8,2449,O,1,3,.,21,1
GBR_NIR,01,1977,1977,9,2107,O,1,3,.,21,1
GBR_NIR,01,1977,1977,10,2179,O,1,3,.,21,1
GBR_NIR,01,1977,1977,11,2281,O,1,3,.,21,1
GBR_NIR,01,1977,1977,12,1539,O,1,3,.,21,1
GBR_NIR,01,1977,1977,TOT,25437,O,1,3,.,21,1
GBR_NIR,01,1978,1978,1,2512,O,1,3,.,21,1
GBR_NIR,01,1978,1978,2,2067,O,1,3,.,21,1
GBR_NIR,01,1978,1978,3,1795,O,1,3,.,21,1
GBR_NIR,01,1978,1978,4,2189,O,1,3,.,21,1
GBR_NIR,01,1978,1978,5,2066,O,1,3,.,21,1
GBR_NIR,01,1978,1978,6,2531,O,1,3,.,21,1
GBR_NIR,01,1978,1978,7,2584,O,1,3,.,21,1
GBR_NIR,01,1978,1978,8,1917,O,1,3,.,21,1
GBR_NIR,01,1978,1978,9,2158,O,1,3,.,21,1
GBR_NIR,01,1978,1978,10,2720,O,1,3,.,21,1
GBR_NIR,01,1978,1978,11,1943,O,1,3,.,21,1
GBR_NIR,01,1978,1978,12,1757,O,1,3,.,21,1
GBR_NIR,01,1978,1978,TOT,26239,O,1,3,.,21,1
GBR_NIR,01,1979,1979,1,2783,O,1,3,.,21,1
GBR_NIR,01,1979,1979,2,2070,O,1,3,.,21,1
GBR_NIR,01,1979,1979,3,2267,O,1,3,.,21,1
GBR_NIR,01,1979,1979,4,2647,O,1,3,.,21,1
GBR_NIR,01,1979,1979,5,2436,O,1,3,.,21,1
GBR_NIR,01,1979,1979,6,2291,O,1,3,.,21,1
GBR_NIR,01,1979,1979,7,2674,O,1,3,.,21,1
GBR_NIR,01,1979,1979,8,2176,O,1,3,.,21,1
GBR_NIR,01,1979,1979,9,2293,O,1,3,.,21,1
GBR_NIR,01,1979,1979,10,2483,O,1,3,.,21,1
GBR_NIR,01,1979,1979,11,2275,O,1,3,.,21,1
GBR_NIR,01,1979,1979,12,1783,O,1,3,.,21,1
GBR_NIR,01,1979,1979,TOT,28178,O,1,3,.,21,1
GBR_NIR,01,1980,1980,1,2833,O,1,3,.,21,1
GBR_NIR,01,1980,1980,2,2052,O,1,3,.,21,1
GBR_NIR,01,1980,1980,3,2205,O,1,3,.,21,1
GBR_NIR,01,1980,1980,4,2687,O,1,3,.,21,1
GBR_NIR,01,1980,1980,5,2369,O,1,3,.,21,1
GBR_NIR,01,1980,1980,6,2492,O,1,3,.,21,1
GBR_NIR,01,1980,1980,7,2594,O,1,3,.,21,1
GBR_NIR,01,1980,1980,8,2174,O,1,3,.,21,1
GBR_NIR,01,1980,1980,9,2474,O,1,3,.,21,1
GBR_NIR,01,1980,1980,10,2536,O,1,3,.,21,1
GBR_NIR,01,1980,1980,11,2069,O,1,3,.,21,1
GBR_NIR,01,1980,1980,12,2097,O,1,3,.,21,1
GBR_NIR,01,1980,1980,TOT,28582,O,1,3,.,21,1
GBR_NIR,01,1981,1981,1,2389,O,2,3,.,21,1
GBR_NIR,01,1981,1981,2,1954,O,2,3,.,21,1
GBR_NIR,01,1981,1981,3,2347,O,2,3,.,21,1
GBR_NIR,01,1981,1981,4,2265,O,2,3,.,21,1
GBR_NIR,01,1981,1981,5,2255,O,2,3,.,21,1
GBR_NIR,01,1981,1981,6,2406,O,2,3,.,21,1
GBR_NIR,01,1981,1981,7,2378,O,2,3,.,21,1
GBR_NIR,01,1981,1981,8,2229,O,2,3,.,21,1
GBR_NIR,01,1981,1981,9,2345,O,2,3,.,21,1
GBR_NIR,01,1981,1981,10,2358,O,2,3,.,21,1
GBR_NIR,01,1981,1981,11,2484,O,2,3,.,21,1
GBR_NIR,01,1981,1981,12,1756,O,2,3,.,21,1
GBR_NIR,01,1981,1981,TOT,27166,O,2,3,.,21,1
GBR_NIR,01,1982,1982,1,2281,O,2,3,.,21,1
GBR_NIR,01,1982,1982,2,2071,O,2,3,.,21,1
GBR_NIR,01,1982,1982,3,2290,O,2,3,.,21,1
GBR_NIR,01,1982,1982,4,2333,O,2,3,.,21,1
GBR_NIR,01,1982,1982,5,2129,O,2,3,.,21,1
GBR_NIR,01,1982,1982,6,2408,O,2,3,.,21,1
GBR_NIR,01,1982,1982,7,2308,O,2,3,.,21,1
GBR_NIR,01,1982,1982,8,2264,O,2,3,.,21,1
GBR_NIR,01,1982,1982,9,2397,O,2,3,.,21,1
GBR_NIR,01,1982,1982,10,2296,O,2,3,.,21,1
GBR_NIR,01,1982,1982,11,2436,O,2,3,.,21,1
GBR_NIR,01,1982,1982,12,1659,O,2,3,.,21,1
GBR_NIR,01,1982,1982,TOT,26872,O,2,3,.,21,1
GBR_NIR,01,1983,1983,1,2380,O,2,3,.,21,1
GBR_NIR,01,1983,1983,2,2000,O,2,3,.,21,1
GBR_NIR,01,1983,1983,3,2364,O,2,3,.,21,1
GBR_NIR,01,1983,1983,4,2230,O,2,3,.,21,1
GBR_NIR,01,1983,1983,5,2282,O,2,3,.,21,1
GBR_NIR,01,1983,1983,6,2458,O,2,3,.,21,1
GBR_NIR,01,1983,1983,7,2218,O,2,3,.,21,1
GBR_NIR,01,1983,1983,8,2396,O,2,3,.,21,1
GBR_NIR,01,1983,1983,9,2407,O,2,3,.,21,1
GBR_NIR,01,1983,1983,10,2188,O,2,3,.,21,1
GBR_NIR,01,1983,1983,11,2171,O,2,3,.,21,1
GBR_NIR,01,1983,1983,12,1932,O,2,3,.,21,1
GBR_NIR,01,1983,1983,TOT,27026,O,2,3,.,21,1
GBR_NIR,01,1984,1984,1,2336,O,2,3,.,21,1
GBR_NIR,01,1984,1984,2,2253,O,2,3,.,21,1
GBR_NIR,01,1984,1984,3,2217,O,2,3,.,21,1
GBR_NIR,01,1984,1984,4,2127,O,2,3,.,21,1
GBR_NIR,01,1984,1984,5,2517,O,2,3,.,21,1
GBR_NIR,01,1984,1984,6,2341,O,2,3,.,21,1
GBR_NIR,01,1984,1984,7,2374,O,2,3,.,21,1
GBR_NIR,01,1984,1984,8,2418,O,2,3,.,21,1
GBR_NIR,01,1984,1984,9,2201,O,2,3,.,21,1
GBR_NIR,01,1984,1984,10,2543,O,2,3,.,21,1
GBR_NIR,01,1984,1984,11,2260,O,2,3,.,21,1
GBR_NIR,01,1984,1984,12,1890,O,2,3,.,21,1
GBR_NIR,01,1984,1984,TOT,27477,O,2,3,.,21,1
GBR_NIR,01,1985,1985,1,2577,O,2,3,.,21,1
GBR_NIR,01,1985,1985,2,2084,O,2,3,.,21,1
GBR_NIR,01,1985,1985,3,2216,O,2,3,.,21,1
GBR_NIR,01,1985,1985,4,2401,O,2,3,.,21,1
GBR_NIR,01,1985,1985,5,2426,O,2,3,.,21,1
GBR_NIR,01,1985,1985,6,2209,O,2,3,.,21,1
GBR_NIR,01,1985,1985,7,2503,O,2,3,.,21,1
GBR_NIR,01,1985,1985,8,2208,O,2,3,.,21,1
GBR_NIR,01,1985,1985,9,2436,O,2,3,.,21,1
GBR_NIR,01,1985,1985,10,2427,O,2,3,.,21,1
GBR_NIR,01,1985,1985,11,2147,O,2,3,.,21,1
GBR_NIR,01,1985,1985,12,1793,O,2,3,.,21,1
GBR_NIR,01,1985,1985,TOT,27427,O,2,3,.,21,1
GBR_NIR,01,1986,1986,1,2640,O,2,3,.,21,1
GBR_NIR,01,1986,1986,2,2051,O,2,3,.,21,1
GBR_NIR,01,1986,1986,3,2177,O,2,3,.,21,1
GBR_NIR,01,1986,1986,4,2626,O,2,3,.,21,1
GBR_NIR,01,1986,1986,5,2460,O,2,3,.,21,1
GBR_NIR,01,1986,1986,6,2353,O,2,3,.,21,1
GBR_NIR,01,1986,1986,7,2602,O,2,3,.,21,1
GBR_NIR,01,1986,1986,8,2031,O,2,3,.,21,1
GBR_NIR,01,1986,1986,9,2434,O,2,3,.,21,1
GBR_NIR,01,1986,1986,10,2433,O,2,3,.,21,1
GBR_NIR,01,1986,1986,11,2014,O,2,3,.,21,1
GBR_NIR,01,1986,1986,12,2154,O,2,3,.,21,1
GBR_NIR,01,1986,1986,TOT,27975,O,2,3,.,21,1
GBR_NIR,01,1987,1987,1,2523,O,2,3,.,21,1
GBR_NIR,01,1987,1987,2,2134,O,2,3,.,21,1
GBR_NIR,01,1987,1987,3,2297,O,2,3,.,21,1
GBR_NIR,01,1987,1987,4,2366,O,2,3,.,21,1
GBR_NIR,01,1987,1987,5,2426,O,2,3,.,21,1
GBR_NIR,01,1987,1987,6,2563,O,2,3,.,21,1
GBR_NIR,01,1987,1987,7,2384,O,2,3,.,21,1
GBR_NIR,01,1987,1987,8,2233,O,2,3,.,21,1
GBR_NIR,01,1987,1987,9,2476,O,2,3,.,21,1
GBR_NIR,01,1987,1987,10,2186,O,2,3,.,21,1
GBR_NIR,01,1987,1987,11,2140,O,2,3,.,21,1
GBR_NIR,01,1987,1987,12,1925,O,2,3,.,21,1
GBR_NIR,01,1987,1987,TOT,27653,O,2,3,.,21,1
GBR_NIR,01,1988,1988,1,2474,O,2,3,.,21,1
GBR_NIR,01,1988,1988,2,2226,O,2,3,.,21,1
GBR_NIR,01,1988,1988,3,2395,O,2,3,.,21,1
GBR_NIR,01,1988,1988,4,2298,O,2,3,.,21,1
GBR_NIR,01,1988,1988,5,2510,O,2,3,.,21,1
GBR_NIR,01,1988,1988,6,2324,O,2,3,.,21,1
GBR_NIR,01,1988,1988,7,2326,O,2,3,.,21,1
GBR_NIR,01,1988,1988,8,2478,O,2,3,.,21,1
GBR_NIR,01,1988,1988,9,2272,O,2,3,.,21,1
GBR_NIR,01,1988,1988,10,2258,O,2,3,.,21,1
GBR_NIR,01,1988,1988,11,2237,O,2,3,.,21,1
GBR_NIR,01,1988,1988,12,1716,O,2,3,.,21,1
GBR_NIR,01,1988,1988,TOT,27514,O,2,3,.,21,1
GBR_NIR,01,1989,1989,1,2324,O,2,3,.,21,1
GBR_NIR,01,1989,1989,2,1979,O,2,3,.,21,1
GBR_NIR,01,1989,1989,3,2141,O,2,3,.,21,1
GBR_NIR,01,1989,1989,4,2221,O,2,3,.,21,1
GBR_NIR,01,1989,1989,5,2250,O,2,3,.,21,1
GBR_NIR,01,1989,1989,6,2316,O,2,3,.,21,1
GBR_NIR,01,1989,1989,7,2256,O,2,3,.,21,1
GBR_NIR,01,1989,1989,8,2358,O,2,3,.,21,1
GBR_NIR,01,1989,1989,9,2097,O,2,3,.,21,1
GBR_NIR,01,1989,1989,10,2180,O,2,3,.,21,1
GBR_NIR,01,1989,1989,11,2052,O,2,3,.,21,1
GBR_NIR,01,1989,1989,12,1657,O,2,3,.,21,1
GBR_NIR,01,1989,1989,TOT,25831,O,2,3,.,21,1
GBR_NIR,01,1990,1990,1,2593,O,2,3,.,21,1
GBR_NIR,01,1990,1990,2,1946,O,2,3,.,21,1
GBR_NIR,01,1990,1990,3,2232,O,2,3,.,21,1
GBR_NIR,01,1990,1990,4,2151,O,2,3,.,21,1
GBR_NIR,01,1990,1990,5,2349,O,2,3,.,21,1
GBR_NIR,01,1990,1990,6,2214,O,2,3,.,21,1
GBR_NIR,01,1990,1990,7,2315,O,2,3,.,21,1
GBR_NIR,01,1990,1990,8,2167,O,2,3,.,21,1
GBR_NIR,01,1990,1990,9,2060,O,2,3,.,21,1
GBR_NIR,01,1990,1990,10,2421,O,2,3,.,21,1
GBR_NIR,01,1990,1990,11,2130,O,2,3,.,21,1
GBR_NIR,01,1990,1990,12,1673,O,2,3,.,21,1
GBR_NIR,01,1990,1990,TOT,26251,O,2,3,.,21,1
GBR_NIR,01,1991,1991,1,2699,O,2,3,.,21,1
GBR_NIR,01,1991,1991,2,1901,O,2,3,.,21,1
GBR_NIR,01,1991,1991,3,2006,O,2,3,.,21,1
GBR_NIR,01,1991,1991,4,2319,O,2,3,.,21,1
GBR_NIR,01,1991,1991,5,2246,O,2,3,.,21,1
GBR_NIR,01,1991,1991,6,2128,O,2,3,.,21,1
GBR_NIR,01,1991,1991,7,2303,O,2,3,.,21,1
GBR_NIR,01,1991,1991,8,2213,O,2,3,.,21,1
GBR_NIR,01,1991,1991,9,2255,O,2,3,.,21,1
GBR_NIR,01,1991,1991,10,2126,O,2,3,.,21,1
GBR_NIR,01,1991,1991,11,2016,O,2,3,.,21,1
GBR_NIR,01,1991,1991,12,1816,O,2,3,.,21,1
GBR_NIR,01,1991,1991,TOT,26028,O,2,3,.,21,1
GBR_NIR,01,1992,1992,1,2463,O,2,3,.,21,1
GBR_NIR,01,1992,1992,2,1915,O,2,3,.,21,1
GBR_NIR,01,1992,1992,3,2181,O,2,3,.,21,1
GBR_NIR,01,1992,1992,4,2177,O,2,3,.,21,1
GBR_NIR,01,1992,1992,5,2100,O,2,3,.,21,1
GBR_NIR,01,1992,1992,6,2314,O,2,3,.,21,1
GBR_NIR,01,1992,1992,7,2171,O,2,3,.,21,1
GBR_NIR,01,1992,1992,8,2001,O,2,3,.,21,1
GBR_NIR,01,1992,1992,9,2332,O,2,3,.,21,1
GBR_NIR,01,1992,1992,10,2094,O,2,3,.,21,1
GBR_NIR,01,1992,1992,11,1942,O,2,3,.,21,1
GBR_NIR,01,1992,1992,12,1664,O,2,3,.,21,1
GBR_NIR,01,1992,1992,TOT,25354,O,2,3,.,21,1
GBR_NIR,01,1993,1993,1,2172,O,2,3,.,21,1
GBR_NIR,01,1993,1993,2,1830,O,2,3,.,21,1
GBR_NIR,01,1993,1993,3,2192,O,2,3,.,21,1
GBR_NIR,01,1993,1993,4,2112,O,2,3,.,21,1
GBR_NIR,01,1993,1993,5,1925,O,2,3,.,21,1
GBR_NIR,01,1993,1993,6,2296,O,2,3,.,21,1
GBR_NIR,01,1993,1993,7,2103,O,2,3,.,21,1
GBR_NIR,01,1993,1993,8,2055,O,2,3,.,21,1
GBR_NIR,01,1993,1993,9,2162,O,2,3,.,21,1
GBR_NIR,01,1993,1993,10,2018,O,2,3,.,21,1
GBR_NIR,01,1993,1993,11,2108,O,2,3,.,21,1
GBR_NIR,01,1993,1993,12,1749,O,2,3,.,21,1
GBR_NIR,01,1993,1993,TOT,24722,O,2,3,.,21,1
GBR_NIR,01,1994,1994,1,2300,O,2,3,.,21,1
GBR_NIR,01,1994,1994,2,1708,O,2,3,.,21,1
GBR_NIR,01,1994,1994,3,2024,O,2,3,.,21,1
GBR_NIR,01,1994,1994,4,2073,O,2,3,.,21,1
GBR_NIR,01,1994,1994,5,1985,O,2,3,.,21,1
GBR_NIR,01,1994,1994,6,2206,O,2,3,.,21,1
GBR_NIR,01,1994,1994,7,1939,O,2,3,.,21,1
GBR_NIR,01,1994,1994,8,2103,O,2,3,.,21,1
GBR_NIR,01,1994,1994,9,2138,O,2,3,.,21,1
GBR_NIR,01,1994,1994,10,1980,O,2,3,.,21,1
GBR_NIR,01,1994,1994,11,1969,O,2,3,.,21,1
GBR_NIR,01,1994,1994,12,1673,O,2,3,.,21,1
GBR_NIR,01,1994,1994,TOT,24098,O,2,3,.,21,1
GBR_NIR,01,1995,1995,1,2230,O,2,3,.,21,1
GBR_NIR,01,1995,1995,2,1832,O,2,3,.,21,1
GBR_NIR,01,1995,1995,3,2056,O,2,3,.,21,1
GBR_NIR,01,1995,1995,4,1835,O,2,3,.,21,1
GBR_NIR,01,1995,1995,5,2103,O,2,3,.,21,1
GBR_NIR,01,1995,1995,6,2143,O,2,3,.,21,1
GBR_NIR,01,1995,1995,7,2040,O,2,3,.,21,1
GBR_NIR,01,1995,1995,8,2009,O,2,3,.,21,1
GBR_NIR,01,1995,1995,9,2006,O,2,3,.,21,1
GBR_NIR,01,1995,1995,10,2064,O,2,3,.,21,1
GBR_NIR,01,1995,1995,11,1922,O,2,3,.,21,1
GBR_NIR,01,1995,1995,12,1453,O,2,3,.,21,1
GBR_NIR,01,1995,1995,TOT,23693,O,2,3,.,21,1
GBR_NIR,01,1996,1996,1,2488,O,2,3,.,21,1
GBR_NIR,01,1996,1996,2,1858,O,2,3,.,21,1
GBR_NIR,01,1996,1996,3,1815,O,2,3,.,21,1
GBR_NIR,01,1996,1996,4,2071,O,2,3,.,21,1
GBR_NIR,01,1996,1996,5,2021,O,2,3,.,21,1
GBR_NIR,01,1996,1996,6,1844,O,2,3,.,21,1
GBR_NIR,01,1996,1996,7,2105,O,2,3,.,21,1
GBR_NIR,01,1996,1996,8,2100,O,2,3,.,21,1
GBR_NIR,01,1996,1996,9,2091,O,2,3,.,21,1
GBR_NIR,01,1996,1996,10,2248,O,2,3,.,21,1
GBR_NIR,01,1996,1996,11,2027,O,2,3,.,21,1
GBR_NIR,01,1996,1996,12,1714,O,2,3,.,21,1
GBR_NIR,01,1996,1996,TOT,24382,O,2,3,.,21,1
GBR_NIR,01,1997,1997,1,2362,O,2,3,.,21,1
GBR_NIR,01,1997,1997,2,1824,O,2,3,.,21,1
GBR_NIR,01,1997,1997,3,1844,O,2,3,.,21,1
GBR_NIR,01,1997,1997,4,2250,O,2,3,.,21,1
GBR_NIR,01,1997,1997,5,1982,O,2,3,.,21,1
GBR_NIR,01,1997,1997,6,2050,O,2,3,.,21,1
GBR_NIR,01,1997,1997,7,2146,O,2,3,.,21,1
GBR_NIR,01,1997,1997,8,1908,O,2,3,.,21,1
GBR_NIR,01,1997,1997,9,2150,O,2,3,.,21,1
GBR_NIR,01,1997,1997,10,2006,O,2,3,.,21,1
GBR_NIR,01,1997,1997,11,1811,O,2,3,.,21,1
GBR_NIR,01,1997,1997,12,1754,O,2,3,.,21,1
GBR_NIR,01,1997,1997,TOT,24087,O,2,3,.,21,1
GBR_NIR,01,1998,1998,1,2149,O,2,3,.,21,1
GBR_NIR,01,1998,1998,2,1836,O,2,3,.,21,1
GBR_NIR,01,1998,1998,3,2018,O,2,3,.,21,1
GBR_NIR,01,1998,1998,4,2043,O,2,3,.,21,1
GBR_NIR,01,1998,1998,5,1911,O,2,3,.,21,1
GBR_NIR,01,1998,1998,6,2089,O,2,3,.,21,1
GBR_NIR,01,1998,1998,7,2170,O,2,3,.,21,1
GBR_NIR,01,1998,1998,8,1873,O,2,3,.,21,1
GBR_NIR,01,1998,1998,9,2136,O,2,3,.,21,1
GBR_NIR,01,1998,1998,10,2074,O,2,3,.,21,1
GBR_NIR,01,1998,1998,11,1771,O,2,3,.,21,1
GBR_NIR,01,1998,1998,12,1598,O,2,3,.,21,1
GBR_NIR,01,1998,1998,TOT,23668,O,2,3,.,21,1
GBR_NIR,01,1999,1999,1,2055,O,2,3,.,21,1
GBR_NIR,01,1999,1999,2,1794,O,2,3,.,21,1
GBR_NIR,01,1999,1999,3,2073,O,2,3,.,21,1
GBR_NIR,01,1999,1999,4,1990,O,2,3,.,21,1
GBR_NIR,01,1999,1999,5,1800,O,2,3,.,21,1
GBR_NIR,01,1999,1999,6,2072,O,2,3,.,21,1
GBR_NIR,01,1999,1999,7,1936,O,2,3,.,21,1
GBR_NIR,01,1999,1999,8,2021,O,2,3,.,21,1
GBR_NIR,01,1999,1999,9,2072,O,2,3,.,21,1
GBR_NIR,01,1999,1999,10,1832,O,2,3,.,21,1
GBR_NIR,01,1999,1999,11,1874,O,2,3,.,21,1
GBR_NIR,01,1999,1999,12,1438,O,2,3,.,21,1
GBR_NIR,01,1999,1999,TOT,22957,O,2,3,.,21,1
GBR_NIR,01,2000,2000,1,2203,O,2,3,.,21,1
GBR_NIR,01,2000,2000,2,1704,O,2,3,.,21,1
GBR_NIR,01,2000,2000,3,1879,O,2,3,.,21,1
GBR_NIR,01,2000,2000,4,1532,O,2,3,.,21,1
GBR_NIR,01,2000,2000,5,1941,O,2,3,.,21,1
GBR_NIR,01,2000,2000,6,1842,O,2,3,.,21,1
GBR_NIR,01,2000,2000,7,1761,O,2,3,.,21,1
GBR_NIR,01,2000,2000,8,1920,O,2,3,.,21,1
GBR_NIR,01,2000,2000,9,1772,O,2,3,.,21,1
GBR_NIR,01,2000,2000,10,1913,O,2,3,.,21,1
GBR_NIR,01,2000,2000,11,1730,O,2,3,.,21,1
GBR_NIR,01,2000,2000,12,1315,O,2,3,.,21,1
GBR_NIR,01,2000,2000,TOT,21512,O,2,3,.,21,1
GBR_NIR,01,2001,2001,1,2360,O,2,3,.,21,1
GBR_NIR,01,2001,2001,2,1592,O,2,3,.,21,1
GBR_NIR,01,2001,2001,3,1844,O,2,3,.,21,1
GBR_NIR,01,2001,2001,4,1751,O,2,3,.,21,1
GBR_NIR,01,2001,2001,5,1787,O,2,3,.,21,1
GBR_NIR,01,2001,2001,6,1810,O,2,3,.,21,1
GBR_NIR,01,2001,2001,7,1888,O,2,3,.,21,1
GBR_NIR,01,2001,2001,8,1885,O,2,3,.,21,1
GBR_NIR,01,2001,2001,9,1784,O,2,3,.,21,1
GBR_NIR,01,2001,2001,10,2021,O,2,3,.,21,1
GBR_NIR,01,2001,2001,11,1895,O,2,3,.,21,1
GBR_NIR,01,2001,2001,12,1345,O,2,3,.,21,1
GBR_NIR,01,2001,2001,TOT,21962,O,2,3,.,21,1
GBR_NIR,01,2002,2002,1,2103,O,2,3,.,21,1
GBR_NIR,01,2002,2002,2,1524,O,2,3,.,21,1
GBR_NIR,01,2002,2002,3,1677,O,2,3,.,21,1
GBR_NIR,01,2002,2002,4,1817,O,2,3,.,21,1
GBR_NIR,01,2002,2002,5,1898,O,2,3,.,21,1
GBR_NIR,01,2002,2002,6,1619,O,2,3,.,21,1
GBR_NIR,01,2002,2002,7,1850,O,2,3,.,21,1
GBR_NIR,01,2002,2002,8,1821,O,2,3,.,21,1
GBR_NIR,01,2002,2002,9,1871,O,2,3,.,21,1
GBR_NIR,01,2002,2002,10,1943,O,2,3,.,21,1
GBR_NIR,01,2002,2002,11,1733,O,2,3,.,21,1
GBR_NIR,01,2002,2002,12,1529,O,2,3,.,21,1
GBR_NIR,01,2002,2002,TOT,21385,O,2,3,.,21,1
GBR_NIR,01,2003,2003,1,2109,O,2,3,.,21,1
GBR_NIR,01,2003,2003,2,1546,O,2,3,.,21,1
GBR_NIR,01,2003,2003,3,1695,O,2,3,.,21,1
GBR_NIR,01,2003,2003,4,1799,O,2,3,.,21,1
GBR_NIR,01,2003,2003,5,1795,O,2,3,.,21,1
GBR_NIR,01,2003,2003,6,1798,O,2,3,.,21,1
GBR_NIR,01,2003,2003,7,1982,O,2,3,.,21,1
GBR_NIR,01,2003,2003,8,1729,O,2,3,.,21,1
GBR_NIR,01,2003,2003,9,1879,O,2,3,.,21,1
GBR_NIR,01,2003,2003,10,2032,O,2,3,.,21,1
GBR_NIR,01,2003,2003,11,1705,O,2,3,.,21,1
GBR_NIR,01,2003,2003,12,1579,O,2,3,.,21,1
GBR_NIR,01,2003,2003,TOT,21648,O,2,3,.,21,1
GBR_NIR,01,2004,2004,1,2145,O,2,3,.,21,1
GBR_NIR,01,2004,2004,2,1614,O,2,3,.,21,1
GBR_NIR,01,2004,2004,3,1918,O,2,3,.,21,1
GBR_NIR,01,2004,2004,4,1827,O,2,3,.,21,1
GBR_NIR,01,2004,2004,5,1719,O,2,3,.,21,1
GBR_NIR,01,2004,2004,6,1889,O,2,3,.,21,1
GBR_NIR,01,2004,2004,7,1846,O,2,3,.,21,1
GBR_NIR,01,2004,2004,8,1885,O,2,3,.,21,1
GBR_NIR,01,2004,2004,9,2055,O,2,3,.,21,1
GBR_NIR,01,2004,2004,10,1884,O,2,3,.,21,1
GBR_NIR,01,2004,2004,11,1978,O,2,3,.,21,1
GBR_NIR,01,2004,2004,12,1558,O,2,3,.,21,1
GBR_NIR,01,2004,2004,TOT,22318,O,2,3,.,21,1
GBR_NIR,01,2005,2005,1,2162,O,2,3,.,21,1
GBR_NIR,01,2005,2005,2,1654,O,2,3,.,21,1
GBR_NIR,01,2005,2005,3,1714,O,2,3,.,21,1
GBR_NIR,01,2005,2005,4,1972,O,2,3,.,21,1
GBR_NIR,01,2005,2005,5,1830,O,2,3,.,21,1
GBR_NIR,01,2005,2005,6,1898,O,2,3,.,21,1
GBR_NIR,01,2005,2005,7,1833,O,2,3,.,21,1
GBR_NIR,01,2005,2005,8,2041,O,2,3,.,21,1
GBR_NIR,01,2005,2005,9,2044,O,2,3,.,21,1
GBR_NIR,01,2005,2005,10,1841,O,2,3,.,21,1
GBR_NIR,01,2005,2005,11,1861,O,2,3,.,21,1
GBR_NIR,01,2005,2005,12,1478,O,2,3,.,21,1
GBR_NIR,01,2005,2005,TOT,22328,O,2,3,.,21,1
GBR_NIR,01,2006,2006,1,2169,O,2,3,.,22,1
GBR_NIR,01,2006,2006,2,1714,O,2,3,.,22,1
GBR_NIR,01,2006,2006,3,1939,O,2,3,.,22,1
GBR_NIR,01,2006,2006,4,1762,O,2,3,.,22,1
GBR_NIR,01,2006,2006,5,2028,O,2,3,.,22,1
GBR_NIR,01,2006,2006,6,1975,O,2,3,.,22,1
GBR_NIR,01,2006,2006,7,1981,O,2,3,.,22,1
GBR_NIR,01,2006,2006,8,2086,O,2,3,.,22,1
GBR_NIR,01,2006,2006,9,2023,O,2,3,.,22,1
GBR_NIR,01,2006,2006,10,2094,O,2,3,.,22,1
GBR_NIR,01,2006,2006,11,1966,O,2,3,.,22,1
GBR_NIR,01,2006,2006,12,1535,O,2,3,.,22,1
GBR_NIR,01,2006,2006,TOT,23272,O,2,3,.,22,1
GBR_NIR,01,2007,2007,1,2402,O,2,3,.,22,1
GBR_NIR,01,2007,2007,2,1807,O,2,3,.,22,1
GBR_NIR,01,2007,2007,3,1935,O,2,3,.,22,1
GBR_NIR,01,2007,2007,4,1958,O,2,3,.,22,1
GBR_NIR,01,2007,2007,5,2071,O,2,3,.,22,1
GBR_NIR,01,2007,2007,6,1965,O,2,3,.,22,1
GBR_NIR,01,2007,2007,7,2141,O,2,3,.,22,1
GBR_NIR,01,2007,2007,8,2219,O,2,3,.,22,1
GBR_NIR,01,2007,2007,9,2090,O,2,3,.,22,1
GBR_NIR,01,2007,2007,10,2277,O,2,3,.,22,1
GBR_NIR,01,2007,2007,11,1962,O,2,3,.,22,1
GBR_NIR,01,2007,2007,12,1624,O,2,3,.,22,1
GBR_NIR,01,2007,2007,TOT,24451,O,2,3,.,22,1
GBR_NIR,01,2008,2008,1,2660,O,2,3,.,22,1
GBR_NIR,01,2008,2008,2,1981,O,2,3,.,22,1
GBR_NIR,01,2008,2008,3,1893,O,2,3,.,22,1
GBR_NIR,01,2008,2008,4,2281,O,2,3,.,22,1
GBR_NIR,01,2008,2008,5,1984,O,2,3,.,22,1
GBR_NIR,01,2008,2008,6,2068,O,2,3,.,22,1
GBR_NIR,01,2008,2008,7,2228,O,2,3,.,22,1
GBR_NIR,01,2008,2008,8,2069,O,2,3,.,22,1
GBR_NIR,01,2008,2008,9,2153,O,2,3,.,22,1
GBR_NIR,01,2008,2008,10,2399,O,2,3,.,22,1
GBR_NIR,01,2008,2008,11,1998,O,2,3,.,22,1
GBR_NIR,01,2008,2008,12,1917,O,2,3,.,22,1
GBR_NIR,01,2008,2008,TOT,25631,O,2,3,.,22,1
GBR_NIR,01,2009,2009,1,2335,O,2,3,.,22,1
GBR_NIR,01,2009,2009,2,1901,O,2,3,.,22,1
GBR_NIR,01,2009,2009,3,2086,O,2,3,.,22,1
GBR_NIR,01,2009,2009,4,2122,O,2,3,.,22,1
GBR_NIR,01,2009,2009,5,1976,O,2,3,.,22,1
GBR_NIR,01,2009,2009,6,2193,O,2,3,.,22,1
GBR_NIR,01,2009,2009,7,2166,O,2,3,.,22,1
GBR_NIR,01,2009,2009,8,1977,O,2,3,.,22,1
GBR_NIR,01,2009,2009,9,2187,O,2,3,.,22,1
GBR_NIR,01,2009,2009,10,2082,O,2,3,.,22,1
GBR_NIR,01,2009,2009,11,2017,O,2,3,.,22,1
GBR_NIR,01,2009,2009,12,1868,O,2,3,.,22,1
GBR_NIR,01,2009,2009,TOT,24910,O,2,3,.,22,1
GBR_NIR,01,2010,2010,1,2385,O,2,3,.,22,1
GBR_NIR,01,2010,2010,2,1908,O,2,3,.,22,1
GBR_NIR,01,2010,2010,3,2150,O,2,3,.,22,1
GBR_NIR,01,2010,2010,4,2121,O,2,3,.,22,1
GBR_NIR,01,2010,2010,5,1948,O,2,3,.,22,1
GBR_NIR,01,2010,2010,6,2223,O,2,3,.,22,1
GBR_NIR,01,2010,2010,7,2142,O,2,3,.,22,1
GBR_NIR,01,2010,2010,8,2102,O,2,3,.,22,1
GBR_NIR,01,2010,2010,9,2168,O,2,3,.,22,1
GBR_NIR,01,2010,2010,10,2149,O,2,3,.,22,1
GBR_NIR,01,2010,2010,11,2221,O,2,3,.,22,1
GBR_NIR,01,2010,2010,12,1798,O,2,3,.,22,1
GBR_NIR,01,2010,2010,TOT,25315,O,2,3,.,22,1
GBR_NIR,01,2011,2011,1,2574,O,2,3,.,22,1
GBR_NIR,01,2011,2011,2,1946,O,2,3,.,22,1
GBR_NIR,01,2011,2011,3,2181,O,2,3,.,22,1
GBR_NIR,01,2011,2011,4,1767,O,2,3,.,22,1
GBR_NIR,01,2011,2011,5,2215,O,2,3,.,22,1
GBR_NIR,01,2011,2011,6,2174,O,2,3,.,22,1
GBR_NIR,01,2011,2011,7,2059,O,2,3,.,22,1
GBR_NIR,01,2011,2011,8,2196,O,2,3,.,22,1
GBR_NIR,01,2011,2011,9,2227,O,2,3,.,22,1
GBR_NIR,01,2011,2011,10,2055,O,2,3,.,22,1
GBR_NIR,01,2011,2011,11,2132,O,2,3,.,22,1
GBR_NIR,01,2011,2011,12,1747,O,2,3,.,22,1
GBR_NIR,01,2011,2011,TOT,25273,O,2,3,.,22,1
GBR_NIR,01,2012,2012,1,2507,O,2,3,.,22,1
GBR_NIR,01,2012,2012,2,2030,O,2,3,.,22,1
GBR_NIR,01,2012,2012,3,2078,O,2,3,.,22,1
GBR_NIR,01,2012,2012,4,2086,O,2,3,.,22,1
GBR_NIR,01,2012,2012,5,2160,O,2,3,.,22,1
GBR_NIR,01,2012,2012,6,1963,O,2,3,.,22,1
GBR_NIR,01,2012,2012,7,2114,O,2,3,.,22,1
GBR_NIR,01,2012,2012,8,2149,O,2,3,.,22,1
GBR_NIR,01,2012,2012,9,2022,O,2,3,.,22,1
GBR_NIR,01,2012,2012,10,2370,O,2,3,.,22,1
GBR_NIR,01,2012,2012,11,2166,O,2,3,.,22,1
GBR_NIR,01,2012,2012,12,1624,O,2,3,.,22,1
GBR_NIR,01,2012,2012,TOT,25269,O,2,3,.,22,1
GBR_NIR,01,2013,2013,1,2541,O,2,3,.,22,1
GBR_NIR,01,2013,2013,2,1825,O,2,3,.,22,1
GBR_NIR,01,2013,2013,3,1780,O,2,3,.,22,1
GBR_NIR,01,2013,2013,4,2105,O,2,3,.,22,1
GBR_NIR,01,2013,2013,5,2130,O,2,3,.,22,1
GBR_NIR,01,2013,2013,6,1729,O,2,3,.,22,1
GBR_NIR,01,2013,2013,7,2225,O,2,3,.,22,1
GBR_NIR,01,2013,2013,8,2075,O,2,3,.,22,1
GBR_NIR,01,2013,2013,9,2067,O,2,3,.,22,1
GBR_NIR,01,2013,2013,10,2187,O,2,3,.,22,1
GBR_NIR,01,2013,2013,11,1892,O,2,3,.,22,1
GBR_NIR,01,2013,2013,12,1721,O,2,3,.,22,1
GBR_NIR,01,2013,2013,TOT,24277,O,2,3,.,22,1
GBR_NIR,01,2014,2014,1,2362,O,2,3,.,28,1
GBR_NIR,01,2014,2014,2,1857,O,2,3,.,28,1
GBR_NIR,01,2014,2014,3,1837,O,2,3,.,28,1
GBR_NIR,01,2014,2014,4,2043,O,2,3,.,28,1
GBR_NIR,01,2014,2014,5,2009,O,2,3,.,28,1
GBR_NIR,01,2014,2014,6,1948,O,2,3,.,28,1
GBR_NIR,01,2014,2014,7,2139,O,2,3,.,28,1
GBR_NIR,01,2014,2014,8,1964,O,2,3,.,28,1
GBR_NIR,01,2014,2014,9,2246,O,2,3,.,28,1
GBR_NIR,01,2014,2014,10,2269,O,2,3,.,28,1
GBR_NIR,01,2014,2014,11,1914,O,2,3,.,28,1
GBR_NIR,01,2014,2014,12,1806,O,2,3,.,28,1
GBR_NIR,01,2014,2014,TOT,24394,O,2,3,.,28,1
GBR_NIR,01,2015,2015,1,2198,O,2,3,.,33,1
GBR_NIR,01,2015,2015,2,1784,O,2,3,.,33,1
GBR_NIR,01,2015,2015,3,1966,O,2,3,.,33,1
GBR_NIR,01,2015,2015,4,1963,O,2,3,.,33,1
GBR_NIR,01,2015,2015,5,1919,O,2,3,.,33,1
GBR_NIR,01,2015,2015,6,2012,O,2,3,.,33,1
GBR_NIR,01,2015,2015,7,2140,O,2,3,.,33,1
GBR_NIR,01,2015,2015,8,1984,O,2,3,.,33,1
GBR_NIR,01,2015,2015,9,2289,O,2,3,.,33,1
GBR_NIR,01,2015,2015,10,2125,O,2,3,.,33,1
GBR_NIR,01,2015,2015,11,2033,O,2,3,.,33,1
GBR_NIR,01,2015,2015,12,1802,O,2,3,.,33,1
GBR_NIR,01,2015,2015,TOT,24215,O,2,3,.,33,1
GBR_NIR,01,2016,2016,1,2145,O,2,3,.,33,1
GBR_NIR,01,2016,2016,2,1833,O,2,3,.,33,1
GBR_NIR,01,2016,2016,3,1919,O,2,3,.,33,1
GBR_NIR,01,2016,2016,4,2040,O,2,3,.,33,1
GBR_NIR,01,2016,2016,5,1974,O,2,3,.,33,1
GBR_NIR,01,2016,2016,6,2079,O,2,3,.,33,1
GBR_NIR,01,2016,2016,7,1953,O,2,3,.,33,1
GBR_NIR,01,2016,2016,8,2157,O,2,3,.,33,1
GBR_NIR,01,2016,2016,9,2173,O,2,3,.,33,1
GBR_NIR,01,2016,2016,10,2032,O,2,3,.,33,1
GBR_NIR,01,2016,2016,11,2072,O,2,3,.,33,1
GBR_NIR,01,2016,2016,12,1699,O,2,3,.,33,1
GBR_NIR,01,2016,2016,TOT,24076,O,2,3,.,33,1
GBR_NIR,01,2017,2017,1,2245,O,2,3,.,39,1
GBR_NIR,01,2017,2017,2,1686,O,2,3,.,39,1
GBR_NIR,01,2017,2017,3,2113,O,2,3,.,39,1
GBR_NIR,01,2017,2017,4,1630,O,2,3,.,39,1
GBR_NIR,01,2017,2017,5,1983,O,2,3,.,39,1
GBR_NIR,01,2017,2017,6,1912,O,2,3,.,39,1
GBR_NIR,01,2017,2017,7,1888,O,2,3,.,39,1
GBR_NIR,01,2017,2017,8,2078,O,2,3,.,39,1
GBR_NIR,01,2017,2017,9,1977,O,2,3,.,39,1
GBR_NIR,01,2017,2017,10,1972,O,2,3,.,39,1
GBR_NIR,01,2017,2017,11,2016,O,2,3,.,39,1
GBR_NIR,01,2017,2017,12,1575,O,2,3,.,39,1
GBR_NIR,01,2017,2017,TOT,23075,O,2,3,.,39,1
GBR_NIR,01,2018,2018,1,2234,O,2,3,.,41,1
GBR_NIR,01,2018,2018,2,1734,O,2,3,.,41,1
GBR_NIR,01,2018,2018,3,1751,O,2,3,.,41,1
GBR_NIR,01,2018,2018,4,1834,O,2,3,.,41,1
GBR_NIR,01,2018,2018,5,1908,O,2,3,.,41,1
GBR_NIR,01,2018,2018,6,1949,O,2,3,.,41,1
GBR_NIR,01,2018,2018,7,1926,O,2,3,.,41,1
GBR_NIR,01,2018,2018,8,2036,O,2,3,.,41,1
GBR_NIR,01,2018,2018,9,1898,O,2,3,.,41,1
GBR_NIR,01,2018,2018,10,2201,O,2,3,.,41,1
GBR_NIR,01,2018,2018,11,1880,O,2,3,.,41,1
GBR_NIR,01,2018,2018,12,1478,O,2,3,.,41,1
GBR_NIR,01,2018,2018,TOT,22829,O,2,3,.,41,1
