Denmark, Life tables (cohort 1x10), Total	Last modified: 04 Jun 2021;  Methods Protocol: v6 (2017)

  Year          Age         mx       qx    ax      lx      dx      Lx       Tx     ex
1835-1839        0      0.20532  0.17970  0.31  100000   17970   87524  4420951  44.21
1835-1839        1      0.04375  0.04276  0.47   82030    3508   80169  4333427  52.83
1835-1839        2      0.02990  0.02946  0.50   78522    2313   77359  4253257  54.17
1835-1839        3      0.01743  0.01728  0.49   76209    1317   75544  4175898  54.80
1835-1839        4      0.00990  0.00985  0.49   74893     738   74520  4100354  54.75
1835-1839        5      0.00815  0.00812  0.50   74155     602   73853  4025835  54.29
1835-1839        6      0.00769  0.00766  0.50   73553     563   73273  3951981  53.73
1835-1839        7      0.00749  0.00746  0.51   72990     545   72720  3878708  53.14
1835-1839        8      0.00727  0.00725  0.51   72445     525   72187  3805988  52.54
1835-1839        9      0.00702  0.00699  0.51   71920     503   71673  3733801  51.92
1835-1839       10      0.00653  0.00651  0.51   71417     465   71188  3662128  51.28
1835-1839       11      0.00578  0.00576  0.50   70952     409   70749  3590940  50.61
1835-1839       12      0.00513  0.00512  0.50   70543     361   70364  3520190  49.90
1835-1839       13      0.00475  0.00474  0.51   70182     332   70019  3449826  49.16
1835-1839       14      0.00466  0.00465  0.51   69850     325   69690  3379808  48.39
1835-1839       15      0.00482  0.00481  0.51   69525     334   69361  3310118  47.61
1835-1839       16      0.00504  0.00502  0.51   69191     348   69020  3240757  46.84
1835-1839       17      0.00530  0.00529  0.51   68843     364   68664  3171737  46.07
1835-1839       18      0.00564  0.00562  0.51   68479     385   68289  3103072  45.31
1835-1839       19      0.00604  0.00603  0.51   68094     410   67892  3034783  44.57
1835-1839       20      0.00655  0.00653  0.50   67684     442   67463  2966891  43.83
1835-1839       21      0.00696  0.00694  0.50   67242     466   67010  2899428  43.12
1835-1839       22      0.00707  0.00705  0.50   66775     471   66539  2832418  42.42
1835-1839       23      0.00693  0.00690  0.50   66305     458   66076  2765879  41.71
1835-1839       24      0.00736  0.00733  0.51   65847     483   65612  2699803  41.00
1835-1839       25      0.00796  0.00793  0.50   65364     518   65107  2634191  40.30
1835-1839       26      0.00811  0.00807  0.50   64846     524   64586  2569085  39.62
1835-1839       27      0.00813  0.00809  0.50   64323     521   64062  2504499  38.94
1835-1839       28      0.00804  0.00801  0.50   63802     511   63547  2440437  38.25
1835-1839       29      0.00781  0.00777  0.50   63291     492   63042  2376890  37.56
1835-1839       30      0.00767  0.00764  0.50   62799     480   62558  2313847  36.85
1835-1839       31      0.00778  0.00775  0.50   62319     483   62078  2251289  36.13
1835-1839       32      0.00802  0.00799  0.50   61836     494   61590  2189211  35.40
1835-1839       33      0.00831  0.00828  0.50   61342     508   61089  2127621  34.68
1835-1839       34      0.00879  0.00875  0.50   60834     532   60570  2066533  33.97
1835-1839       35      0.00942  0.00937  0.51   60302     565   60022  2005963  33.27
1835-1839       36      0.00969  0.00965  0.50   59737     576   59450  1945940  32.58
1835-1839       37      0.00961  0.00957  0.50   59161     566   58878  1886490  31.89
1835-1839       38      0.00954  0.00950  0.50   58595     557   58317  1827612  31.19
1835-1839       39      0.00965  0.00960  0.50   58038     557   57761  1769295  30.49
1835-1839       40      0.00974  0.00970  0.50   57481     557   57203  1711534  29.78
1835-1839       41      0.00975  0.00970  0.50   56923     552   56649  1654330  29.06
1835-1839       42      0.00987  0.00982  0.50   56371     554   56096  1597681  28.34
1835-1839       43      0.01005  0.01000  0.50   55817     558   55541  1541585  27.62
1835-1839       44      0.01042  0.01037  0.50   55259     573   54975  1486044  26.89
1835-1839       45      0.01070  0.01064  0.50   54686     582   54397  1431069  26.17
1835-1839       46      0.01092  0.01086  0.50   54104     588   53813  1376672  25.44
1835-1839       47      0.01120  0.01114  0.50   53516     596   53221  1322859  24.72
1835-1839       48      0.01158  0.01152  0.50   52920     609   52619  1269638  23.99
1835-1839       49      0.01212  0.01205  0.51   52311     630   51999  1217020  23.27
1835-1839       50      0.01292  0.01283  0.51   51680     663   51353  1165020  22.54
1835-1839       51      0.01376  0.01367  0.51   51017     697   50673  1113668  21.83
1835-1839       52      0.01467  0.01456  0.51   50320     733   49959  1062995  21.12
1835-1839       53      0.01557  0.01545  0.51   49587     766   49208  1013036  20.43
1835-1839       54      0.01641  0.01628  0.50   48821     795   48427   963828  19.74
1835-1839       55      0.01727  0.01713  0.50   48027     822   47619   915400  19.06
1835-1839       56      0.01788  0.01772  0.50   47204     836   46788   867782  18.38
1835-1839       57      0.01851  0.01835  0.50   46368     851   45946   820993  17.71
1835-1839       58      0.01916  0.01898  0.50   45517     864   45087   775047  17.03
1835-1839       59      0.02042  0.02021  0.51   44653     903   44208   729960  16.35
1835-1839       60      0.02265  0.02240  0.51   43751     980   43268   685752  15.67
1835-1839       61      0.02465  0.02435  0.51   42771    1042   42256   642484  15.02
1835-1839       62      0.02608  0.02575  0.50   41729    1074   41196   600228  14.38
1835-1839       63      0.02773  0.02736  0.51   40655    1112   40105   559031  13.75
1835-1839       64      0.03030  0.02985  0.51   39542    1180   38959   518926  13.12
1835-1839       65      0.03342  0.03288  0.51   38362    1261   37739   479967  12.51
1835-1839       66      0.03634  0.03570  0.51   37101    1324   36447   442228  11.92
1835-1839       67      0.03945  0.03870  0.51   35776    1384   35094   405781  11.34
1835-1839       68      0.04272  0.04184  0.51   34392    1439   33681   370687  10.78
1835-1839       69      0.04663  0.04558  0.51   32953    1502   32213   337006  10.23
1835-1839       70      0.05119  0.04993  0.51   31451    1570   30676   304793   9.69
1835-1839       71      0.05587  0.05438  0.51   29880    1625   29081   274117   9.17
1835-1839       72      0.06065  0.05889  0.51   28256    1664   27435   245036   8.67
1835-1839       73      0.06520  0.06317  0.51   26592    1680   25762   217601   8.18
1835-1839       74      0.07139  0.06897  0.51   24912    1718   24065   191839   7.70
1835-1839       75      0.08054  0.07748  0.51   23194    1797   22313   167774   7.23
1835-1839       76      0.09082  0.08694  0.51   21397    1860   20483   145461   6.80
1835-1839       77      0.10097  0.09620  0.51   19536    1879   18613   124978   6.40
1835-1839       78      0.10732  0.10188  0.50   17657    1799   16762   106366   6.02
1835-1839       79      0.11768  0.11120  0.51   15858    1763   14985    89603   5.65
1835-1839       80      0.12785  0.12022  0.50   14095    1694   13254    74618   5.29
1835-1839       81      0.13546  0.12690  0.50   12400    1574   11616    61364   4.95
1835-1839       82      0.15317  0.14237  0.50   10827    1541   10064    49748   4.59
1835-1839       83      0.17872  0.16434  0.51    9285    1526    8539    39684   4.27
1835-1839       84      0.18750  0.17169  0.51    7759    1332    7105    31146   4.01
1835-1839       85      0.21337  0.19284  0.50    6427    1239    5809    24041   3.74
1835-1839       86      0.22656  0.20361  0.50    5188    1056    4662    18232   3.51
1835-1839       87      0.24709  0.22046  0.51    4131     911    3686    13570   3.28
1835-1839       88      0.27661  0.24326  0.50    3221     783    2832     9884   3.07
1835-1839       89      0.30320  0.26370  0.51    2437     643    2120     7052   2.89
1835-1839       90      0.30843  0.26735  0.50    1795     480    1555     4932   2.75
1835-1839       91      0.33816  0.29025  0.51    1315     382    1128     3376   2.57
1835-1839       92      0.38046  0.31987  0.50     933     298     785     2248   2.41
1835-1839       93      0.39027  0.32563  0.49     635     207     530     1463   2.31
1835-1839       94      0.41181  0.34400  0.52     428     147     358      934   2.18
1835-1839       95      0.44169  0.36096  0.49     281     101     229      576   2.05
1835-1839       96      0.45896  0.37380  0.50     179      67     146      347   1.93
1835-1839       97      0.48787  0.39079  0.49     112      44      90      201   1.79
1835-1839       98      0.55024  0.43000  0.49      68      29      53      111   1.62
1835-1839       99      0.60774  0.46995  0.52      39      18      30       57   1.47
1835-1839      100      0.72578  0.52613  0.48      21      11      15       27   1.32
1835-1839      101      0.93351  0.62678  0.48      10       6       7       12   1.25
1835-1839      102      0.91727  0.60950  0.45       4       2       2        6   1.54
1835-1839      103      0.98658  0.66216  0.50       1       1       1        3   2.25
1835-1839      104      0.00000  0.00000  0.50       0       0       0        2   4.67
1835-1839      105      0.00000  0.00000  0.50       0       0       0        2   3.67
1835-1839      106      0.00000  0.00000  0.50       0       0       0        1   2.67
1835-1839      107      0.00000  0.00000  0.50       0       0       0        1   1.67
1835-1839      108      1.50000  1.00000  0.67       0       0       0        0   0.67
1835-1839      109            .        .     .       0       0       0        0      .
1835-1839      110+           .        .     .       0       0       0        0      .
1840-1849        0      0.21460  0.18678  0.31  100000   18678   87033  4408979  44.09
1840-1849        1      0.03960  0.03879  0.47   81322    3154   79657  4321946  53.15
1840-1849        2      0.02709  0.02672  0.50   78168    2089   77120  4242289  54.27
1840-1849        3      0.01828  0.01811  0.50   76079    1378   75394  4165169  54.75
1840-1849        4      0.01333  0.01324  0.50   74701     989   74207  4089775  54.75
1840-1849        5      0.01126  0.01120  0.50   73712     825   73301  4015568  54.48
1840-1849        6      0.00982  0.00977  0.50   72887     712   72532  3942267  54.09
1840-1849        7      0.00857  0.00853  0.50   72174     616   71869  3869736  53.62
1840-1849        8      0.00769  0.00766  0.51   71559     548   71288  3797867  53.07
1840-1849        9      0.00696  0.00693  0.50   71010     492   70765  3726579  52.48
1840-1849       10      0.00625  0.00623  0.51   70518     440   70301  3655814  51.84
1840-1849       11      0.00580  0.00578  0.51   70079     405   69879  3585514  51.16
1840-1849       12      0.00548  0.00547  0.51   69673     381   69485  3515635  50.46
1840-1849       13      0.00515  0.00513  0.50   69293     356   69116  3446150  49.73
1840-1849       14      0.00504  0.00503  0.51   68937     347   68766  3377034  48.99
1840-1849       15      0.00517  0.00516  0.51   68590     354   68417  3308268  48.23
1840-1849       16      0.00543  0.00542  0.51   68237     370   68055  3239851  47.48
1840-1849       17      0.00568  0.00567  0.51   67867     385   67677  3171796  46.74
1840-1849       18      0.00595  0.00593  0.51   67483     400   67285  3104118  46.00
1840-1849       19      0.00632  0.00631  0.51   67082     423   66873  3036834  45.27
1840-1849       20      0.00681  0.00679  0.50   66659     453   66434  2969961  44.55
1840-1849       21      0.00727  0.00725  0.50   66207     480   65968  2903527  43.86
1840-1849       22      0.00764  0.00761  0.50   65727     500   65478  2837560  43.17
1840-1849       23      0.00785  0.00782  0.50   65227     510   64972  2772082  42.50
1840-1849       24      0.00766  0.00763  0.50   64716     494   64468  2707110  41.83
1840-1849       25      0.00732  0.00730  0.50   64223     469   63988  2642642  41.15
1840-1849       26      0.00722  0.00720  0.50   63754     459   63524  2578654  40.45
1840-1849       27      0.00720  0.00717  0.50   63295     454   63068  2515129  39.74
1840-1849       28      0.00727  0.00724  0.50   62841     455   62614  2452061  39.02
1840-1849       29      0.00738  0.00735  0.50   62386     459   62157  2389447  38.30
1840-1849       30      0.00756  0.00753  0.50   61928     466   61695  2327290  37.58
1840-1849       31      0.00775  0.00772  0.50   61461     475   61224  2265595  36.86
1840-1849       32      0.00790  0.00787  0.50   60987     480   60747  2204370  36.15
1840-1849       33      0.00805  0.00801  0.50   60507     485   60265  2143624  35.43
1840-1849       34      0.00815  0.00811  0.50   60022     487   59778  2083359  34.71
1840-1849       35      0.00817  0.00814  0.50   59535     485   59293  2023581  33.99
1840-1849       36      0.00825  0.00821  0.50   59050     485   58809  1964287  33.26
1840-1849       37      0.00838  0.00834  0.50   58565     488   58322  1905479  32.54
1840-1849       38      0.00857  0.00854  0.50   58077     496   57830  1847156  31.81
1840-1849       39      0.00876  0.00872  0.50   57581     502   57331  1789326  31.07
1840-1849       40      0.00893  0.00889  0.50   57079     507   56826  1731995  30.34
1840-1849       41      0.00911  0.00907  0.50   56571     513   56317  1675169  29.61
1840-1849       42      0.00934  0.00930  0.50   56058     521   55799  1618852  28.88
1840-1849       43      0.00959  0.00954  0.50   55537     530   55273  1563053  28.14
1840-1849       44      0.00979  0.00974  0.50   55007     536   54740  1507779  27.41
1840-1849       45      0.01002  0.00997  0.50   54471     543   54201  1453039  26.68
1840-1849       46      0.01031  0.01025  0.50   53928     553   53653  1398838  25.94
1840-1849       47      0.01067  0.01061  0.50   53375     566   53094  1345184  25.20
1840-1849       48      0.01106  0.01100  0.50   52808     581   52520  1292091  24.47
1840-1849       49      0.01160  0.01154  0.50   52228     602   51929  1239571  23.73
1840-1849       50      0.01225  0.01218  0.50   51625     629   51313  1187642  23.01
1840-1849       51      0.01288  0.01280  0.50   50996     653   50672  1136329  22.28
1840-1849       52      0.01344  0.01335  0.50   50344     672   50010  1085657  21.56
1840-1849       53      0.01407  0.01397  0.50   49672     694   49327  1035647  20.85
1840-1849       54      0.01475  0.01464  0.50   48978     717   48622   986320  20.14
1840-1849       55      0.01557  0.01545  0.50   48260     746   47891   937698  19.43
1840-1849       56      0.01650  0.01637  0.50   47515     778   47129   889808  18.73
1840-1849       57      0.01753  0.01737  0.50   46737     812   46334   842679  18.03
1840-1849       58      0.01875  0.01858  0.50   45925     853   45502   796345  17.34
1840-1849       59      0.01997  0.01978  0.50   45072     891   44629   750843  16.66
1840-1849       60      0.02106  0.02084  0.50   44180     921   43723   706214  15.98
1840-1849       61      0.02255  0.02230  0.50   43260     965   42782   662490  15.31
1840-1849       62      0.02448  0.02419  0.51   42295    1023   41789   619708  14.65
1840-1849       63      0.02661  0.02627  0.50   41272    1084   40735   577919  14.00
1840-1849       64      0.02887  0.02847  0.50   40188    1144   39621   537185  13.37
1840-1849       65      0.03126  0.03079  0.50   39044    1202   38449   497564  12.74
1840-1849       66      0.03400  0.03344  0.51   37842    1265   37217   459115  12.13
1840-1849       67      0.03721  0.03654  0.51   36576    1336   35915   421899  11.53
1840-1849       68      0.03999  0.03921  0.50   35240    1382   34553   385984  10.95
1840-1849       69      0.04362  0.04269  0.50   33858    1445   33139   351431  10.38
1840-1849       70      0.04762  0.04652  0.50   32413    1508   31666   318291   9.82
1840-1849       71      0.05228  0.05096  0.50   30905    1575   30125   286626   9.27
1840-1849       72      0.05766  0.05607  0.51   29330    1644   28518   256501   8.75
1840-1849       73      0.06367  0.06173  0.51   27686    1709   26842   227983   8.23
1840-1849       74      0.07142  0.06899  0.51   25977    1792   25093   201141   7.74
1840-1849       75      0.07929  0.07630  0.51   24185    1845   23273   176048   7.28
1840-1849       76      0.08472  0.08130  0.50   22339    1816   21438   152775   6.84
1840-1849       77      0.09510  0.09084  0.51   20523    1864   19605   131337   6.40
1840-1849       78      0.10490  0.09974  0.51   18659    1861   17742   111732   5.99
1840-1849       79      0.12028  0.11361  0.51   16798    1908   15866    93991   5.60
1840-1849       80      0.13159  0.12355  0.51   14890    1840   13980    78125   5.25
1840-1849       81      0.14213  0.13285  0.51   13050    1734   12198    64145   4.92
1840-1849       82      0.16131  0.14943  0.51   11316    1691   10482    51947   4.59
1840-1849       83      0.17530  0.16138  0.51    9625    1553    8861    41464   4.31
1840-1849       84      0.18869  0.17261  0.51    8072    1393    7384    32603   4.04
1840-1849       85      0.20832  0.18888  0.51    6679    1261    6056    25219   3.78
1840-1849       86      0.23052  0.20706  0.51    5417    1122    4866    19164   3.54
1840-1849       87      0.24195  0.21624  0.51    4295     929    3839    14298   3.33
1840-1849       88      0.26973  0.23766  0.50    3367     800    2966    10459   3.11
1840-1849       89      0.28650  0.25065  0.50    2567     643    2245     7492   2.92
1840-1849       90      0.31762  0.27408  0.50    1923     527    1660     5247   2.73
1840-1849       91      0.34188  0.29205  0.50    1396     408    1193     3588   2.57
1840-1849       92      0.37279  0.31495  0.51     988     311     835     2395   2.42
1840-1849       93      0.38300  0.32143  0.50     677     218     568     1560   2.30
1840-1849       94      0.42567  0.35159  0.51     459     162     379      992   2.16
1840-1849       95      0.43507  0.35631  0.49     298     106     244      612   2.05
1840-1849       96      0.47090  0.37947  0.49     192      73     155      368   1.92
1840-1849       97      0.53761  0.42069  0.48     119      50      93      214   1.80
1840-1849       98      0.45970  0.37316  0.50      69      26      56      121   1.75
1840-1849       99      0.60795  0.46122  0.48      43      20      33       65   1.50
1840-1849      100      0.72729  0.52847  0.48      23      12      17       32   1.37
1840-1849      101      0.55739  0.43741  0.51      11       5       9       15   1.36
1840-1849      102      0.91400  0.62477  0.49       6       4       4        6   1.02
1840-1849      103      0.85714  0.60000  0.50       2       1       2        2   0.90
1840-1849      104      2.00000  1.00000  0.50       1       1       0        0   0.50
1840-1849      105            .        .     .       0       0       0        0      .
1840-1849      106            .        .     .       0       0       0        0      .
1840-1849      107            .        .     .       0       0       0        0      .
1840-1849      108            .        .     .       0       0       0        0      .
1840-1849      109            .        .     .       0       0       0        0      .
1840-1849      110+           .        .     .       0       0       0        0      .
1850-1859        0      0.17451  0.15565  0.31  100000   15565   89194  4570564  45.71
1850-1859        1      0.04068  0.03983  0.47   84435    3363   82669  4481370  53.08
1850-1859        2      0.02616  0.02582  0.50   81072    2093   80016  4398702  54.26
1850-1859        3      0.02004  0.01984  0.50   78979    1567   78189  4318685  54.68
1850-1859        4      0.01579  0.01567  0.50   77412    1213   76808  4240496  54.78
1850-1859        5      0.01399  0.01390  0.51   76199    1059   75678  4163688  54.64
1850-1859        6      0.01277  0.01269  0.50   75140     953   74667  4088010  54.41
1850-1859        7      0.01101  0.01095  0.50   74186     812   73780  4013343  54.10
1850-1859        8      0.00901  0.00897  0.49   73374     658   73041  3939563  53.69
1850-1859        9      0.00764  0.00761  0.50   72716     554   72439  3866522  53.17
1850-1859       10      0.00692  0.00690  0.50   72162     498   71915  3794083  52.58
1850-1859       11      0.00638  0.00636  0.51   71664     456   71439  3722167  51.94
1850-1859       12      0.00600  0.00598  0.51   71209     426   70998  3650729  51.27
1850-1859       13      0.00571  0.00570  0.50   70783     403   70583  3579731  50.57
1850-1859       14      0.00548  0.00546  0.50   70380     384   70188  3509148  49.86
1850-1859       15      0.00534  0.00532  0.50   69995     373   69810  3438960  49.13
1850-1859       16      0.00534  0.00533  0.50   69623     371   69439  3369150  48.39
1850-1859       17      0.00553  0.00551  0.51   69252     382   69063  3299711  47.65
1850-1859       18      0.00579  0.00578  0.51   68870     398   68673  3230648  46.91
1850-1859       19      0.00613  0.00611  0.51   68472     418   68265  3161975  46.18
1850-1859       20      0.00651  0.00649  0.50   68053     442   67833  3093710  45.46
1850-1859       21      0.00681  0.00679  0.50   67612     459   67382  3025877  44.75
1850-1859       22      0.00700  0.00698  0.50   67153     468   66919  2958495  44.06
1850-1859       23      0.00709  0.00707  0.50   66684     471   66449  2891576  43.36
1850-1859       24      0.00707  0.00705  0.50   66213     466   65980  2825127  42.67
1850-1859       25      0.00692  0.00689  0.50   65747     453   65519  2759147  41.97
1850-1859       26      0.00679  0.00677  0.50   65293     442   65072  2693627  41.25
1850-1859       27      0.00677  0.00675  0.50   64851     438   64633  2628555  40.53
1850-1859       28      0.00679  0.00677  0.50   64414     436   64196  2563923  39.80
1850-1859       29      0.00684  0.00682  0.50   63978     436   63759  2499727  39.07
1850-1859       30      0.00690  0.00688  0.50   63541     437   63323  2435967  38.34
1850-1859       31      0.00705  0.00703  0.50   63104     443   62883  2372645  37.60
1850-1859       32      0.00722  0.00720  0.50   62661     451   62435  2309762  36.86
1850-1859       33      0.00736  0.00733  0.50   62210     456   61982  2247326  36.13
1850-1859       34      0.00748  0.00745  0.50   61753     460   61523  2185344  35.39
1850-1859       35      0.00759  0.00756  0.50   61293     464   61062  2123821  34.65
1850-1859       36      0.00769  0.00766  0.50   60830     466   60598  2062759  33.91
1850-1859       37      0.00782  0.00779  0.50   60364     470   60130  2002161  33.17
1850-1859       38      0.00790  0.00787  0.50   59893     471   59658  1942032  32.42
1850-1859       39      0.00794  0.00791  0.50   59422     470   59188  1882373  31.68
1850-1859       40      0.00811  0.00807  0.50   58952     476   58716  1823186  30.93
1850-1859       41      0.00834  0.00831  0.50   58476     486   58234  1764470  30.17
1850-1859       42      0.00853  0.00849  0.50   57990     492   57745  1706236  29.42
1850-1859       43      0.00870  0.00867  0.50   57498     498   57250  1648491  28.67
1850-1859       44      0.00890  0.00886  0.50   56999     505   56748  1591241  27.92
1850-1859       45      0.00912  0.00908  0.50   56494     513   56240  1534493  27.16
1850-1859       46      0.00941  0.00936  0.50   55982     524   55721  1478253  26.41
1850-1859       47      0.00973  0.00969  0.50   55457     537   55191  1422531  25.65
1850-1859       48      0.01012  0.01007  0.50   54920     553   54646  1367341  24.90
1850-1859       49      0.01052  0.01046  0.50   54367     569   54084  1312695  24.15
1850-1859       50      0.01092  0.01086  0.50   53798     584   53508  1258611  23.40
1850-1859       51      0.01143  0.01136  0.50   53214     605   52914  1205103  22.65
1850-1859       52      0.01203  0.01195  0.50   52609     629   52297  1152190  21.90
1850-1859       53      0.01263  0.01255  0.50   51980     653   51656  1099893  21.16
1850-1859       54      0.01334  0.01325  0.50   51328     680   50990  1048237  20.42
1850-1859       55      0.01414  0.01404  0.50   50648     711   50295   997247  19.69
1850-1859       56      0.01511  0.01500  0.50   49937     749   49565   946952  18.96
1850-1859       57      0.01610  0.01597  0.50   49188     786   48798   897386  18.24
1850-1859       58      0.01716  0.01702  0.50   48402     824   47991   848589  17.53
1850-1859       59      0.01880  0.01862  0.50   47578     886   47136   800598  16.83
1850-1859       60      0.01967  0.01948  0.50   46692     910   46240   753462  16.14
1850-1859       61      0.02093  0.02072  0.50   45783     949   45310   707222  15.45
1850-1859       62      0.02313  0.02287  0.50   44834    1025   44327   661911  14.76
1850-1859       63      0.02530  0.02498  0.50   43809    1094   43265   617585  14.10
1850-1859       64      0.02786  0.02748  0.51   42715    1174   42135   574320  13.45
1850-1859       65      0.02997  0.02953  0.51   41541    1227   40936   532185  12.81
1850-1859       66      0.03265  0.03213  0.51   40314    1295   39674   491249  12.19
1850-1859       67      0.03509  0.03449  0.51   39019    1346   38353   451575  11.57
1850-1859       68      0.03864  0.03792  0.51   37673    1429   36972   413221  10.97
1850-1859       69      0.04260  0.04172  0.51   36244    1512   35497   376250  10.38
1850-1859       70      0.04679  0.04573  0.51   34732    1588   33948   340753   9.81
1850-1859       71      0.05254  0.05121  0.51   33143    1697   32306   306805   9.26
1850-1859       72      0.05849  0.05685  0.51   31446    1788   30567   274499   8.73
1850-1859       73      0.06549  0.06344  0.51   29658    1881   28728   243931   8.22
1850-1859       74      0.07274  0.07022  0.51   27777    1950   26814   215204   7.75
1850-1859       75      0.08033  0.07725  0.50   25826    1995   24837   188389   7.29
1850-1859       76      0.09012  0.08630  0.51   23831    2057   22821   163552   6.86
1850-1859       77      0.09789  0.09341  0.51   21775    2034   20779   140731   6.46
1850-1859       78      0.10804  0.10258  0.51   19741    2025   18743   119952   6.08
1850-1859       79      0.11509  0.10891  0.51   17716    1929   16764   101209   5.71
1850-1859       80      0.12900  0.12127  0.51   15786    1914   14841    84445   5.35
1850-1859       81      0.14546  0.13570  0.51   13872    1882   12941    69604   5.02
1850-1859       82      0.15833  0.14680  0.50   11990    1760   11116    56663   4.73
1850-1859       83      0.17020  0.15696  0.50   10229    1606    9434    45547   4.45
1850-1859       84      0.18455  0.16916  0.51    8624    1459    7905    36113   4.19
1850-1859       85      0.19970  0.18181  0.51    7165    1303    6523    28209   3.94
1850-1859       86      0.21884  0.19738  0.50    5862    1157    5288    21685   3.70
1850-1859       87      0.23846  0.21345  0.51    4705    1004    4212    16398   3.48
1850-1859       88      0.24737  0.22028  0.50    3701     815    3296    12186   3.29
1850-1859       89      0.27986  0.24599  0.51    2886     710    2536     8890   3.08
1850-1859       90      0.29067  0.25422  0.51    2176     553    1903     6354   2.92
1850-1859       91      0.31256  0.27023  0.50    1623     439    1403     4451   2.74
1850-1859       92      0.34173  0.29126  0.49    1184     345    1009     3048   2.57
1850-1859       93      0.36392  0.30852  0.51     839     259     712     2039   2.43
1850-1859       94      0.39441  0.32931  0.50     580     191     485     1327   2.29
1850-1859       95      0.43546  0.35858  0.51     389     140     321      843   2.16
1850-1859       96      0.41956  0.34600  0.49     250      86     206      522   2.09
1850-1859       97      0.46142  0.37500  0.50     163      61     133      316   1.94
1850-1859       98      0.48070  0.38586  0.49     102      39      82      184   1.80
1850-1859       99      0.47951  0.38487  0.49      63      24      50      102   1.62
1850-1859      100      0.73902  0.54011  0.50      39      21      28       51   1.33
1850-1859      101      0.83799  0.58140  0.47      18      10      12       23   1.31
1850-1859      102      0.57831  0.44444  0.48       7       3       6       11   1.46
1850-1859      103      0.87805  0.60000  0.47       4       2       3        5   1.25
1850-1859      104      0.70588  0.50000  0.42       2       1       1        2   1.42
1850-1859      105      0.66667  0.50000  0.50       1       0       1        1   1.42
1850-1859      106      0.75000  0.50000  0.33       0       0       0        1   1.33
1850-1859      107      0.00000  0.00000  0.50       0       0       0        0   1.33
1850-1859      108      3.00000  1.00000  0.33       0       0       0        0   0.33
1850-1859      109            .        .     .       0       0       0        0      .
1850-1859      110+           .        .     .       0       0       0        0      .
1860-1869        0      0.14912  0.13513  0.31  100000   13513   90619  4821968  48.22
1860-1869        1      0.04273  0.04179  0.48   86487    3615   84589  4731349  54.71
1860-1869        2      0.02649  0.02614  0.50   82872    2166   81781  4646759  56.07
1860-1869        3      0.02118  0.02095  0.50   80706    1691   79853  4564978  56.56
1860-1869        4      0.01613  0.01600  0.49   79015    1264   78371  4485125  56.76
1860-1869        5      0.01231  0.01223  0.49   77750     951   77268  4406753  56.68
1860-1869        6      0.00965  0.00961  0.49   76799     738   76426  4329486  56.37
1860-1869        7      0.00800  0.00797  0.50   76061     606   75758  4253059  55.92
1860-1869        8      0.00699  0.00697  0.50   75455     526   75193  4177301  55.36
1860-1869        9      0.00624  0.00622  0.50   74930     466   74696  4102108  54.75
1860-1869       10      0.00579  0.00577  0.51   74463     430   74252  4027412  54.09
1860-1869       11      0.00547  0.00546  0.50   74034     404   73833  3953160  53.40
1860-1869       12      0.00516  0.00514  0.50   73629     379   73442  3879327  52.69
1860-1869       13      0.00498  0.00497  0.51   73251     364   73071  3805885  51.96
1860-1869       14      0.00495  0.00494  0.50   72886     360   72708  3732815  51.21
1860-1869       15      0.00501  0.00500  0.51   72527     363   72348  3660106  50.47
1860-1869       16      0.00513  0.00512  0.51   72164     370   71981  3587759  49.72
1860-1869       17      0.00530  0.00529  0.51   71795     380   71607  3515777  48.97
1860-1869       18      0.00559  0.00557  0.51   71415     398   71219  3444170  48.23
1860-1869       19      0.00593  0.00591  0.51   71017     420   70810  3372951  47.49
1860-1869       20      0.00625  0.00623  0.50   70597     440   70378  3302141  46.77
1860-1869       21      0.00644  0.00642  0.50   70158     451   69933  3231763  46.06
1860-1869       22      0.00650  0.00648  0.50   69707     452   69482  3161831  45.36
1860-1869       23      0.00647  0.00645  0.50   69255     447   69032  3092349  44.65
1860-1869       24      0.00635  0.00633  0.50   68809     436   68591  3023317  43.94
1860-1869       25      0.00620  0.00618  0.50   68373     423   68161  2954726  43.21
1860-1869       26      0.00603  0.00601  0.50   67951     409   67746  2886564  42.48
1860-1869       27      0.00590  0.00588  0.50   67542     397   67343  2818819  41.73
1860-1869       28      0.00584  0.00582  0.50   67145     391   66949  2751476  40.98
1860-1869       29      0.00588  0.00586  0.50   66754     391   66558  2684526  40.22
1860-1869       30      0.00602  0.00600  0.50   66363     398   66164  2617968  39.45
1860-1869       31      0.00614  0.00613  0.50   65964     404   65762  2551804  38.68
1860-1869       32      0.00623  0.00621  0.50   65560     407   65357  2486042  37.92
1860-1869       33      0.00630  0.00628  0.50   65153     409   64948  2420686  37.15
1860-1869       34      0.00632  0.00630  0.50   64743     408   64539  2355738  36.39
1860-1869       35      0.00635  0.00633  0.50   64335     407   64133  2291198  35.61
1860-1869       36      0.00643  0.00641  0.50   63928     410   63724  2227066  34.84
1860-1869       37      0.00648  0.00646  0.50   63518     410   63314  2163342  34.06
1860-1869       38      0.00658  0.00656  0.50   63108     414   62902  2100028  33.28
1860-1869       39      0.00681  0.00679  0.50   62694     426   62482  2037126  32.49
1860-1869       40      0.00703  0.00701  0.50   62268     437   62051  1974644  31.71
1860-1869       41      0.00719  0.00717  0.50   61832     443   61611  1912593  30.93
1860-1869       42      0.00736  0.00733  0.50   61389     450   61165  1850982  30.15
1860-1869       43      0.00753  0.00750  0.50   60939     457   60711  1789817  29.37
1860-1869       44      0.00771  0.00768  0.50   60481     464   60250  1729106  28.59
1860-1869       45      0.00798  0.00795  0.50   60017     477   59780  1668856  27.81
1860-1869       46      0.00831  0.00828  0.50   59540     493   59295  1609075  27.03
1860-1869       47      0.00865  0.00861  0.50   59047     509   58794  1549780  26.25
1860-1869       48      0.00908  0.00904  0.50   58538     529   58275  1490986  25.47
1860-1869       49      0.00963  0.00958  0.50   58009     556   57733  1432711  24.70
1860-1869       50      0.01012  0.01007  0.50   57454     579   57165  1374979  23.93
1860-1869       51      0.01033  0.01028  0.50   56875     585   56584  1317813  23.17
1860-1869       52      0.01121  0.01115  0.50   56291     628   55977  1261230  22.41
1860-1869       53      0.01146  0.01140  0.50   55663     634   55346  1205252  21.65
1860-1869       54      0.01205  0.01198  0.50   55029     659   54700  1149906  20.90
1860-1869       55      0.01292  0.01283  0.50   54370     698   54021  1095207  20.14
1860-1869       56      0.01362  0.01353  0.50   53672     726   53312  1041186  19.40
1860-1869       57      0.01460  0.01449  0.50   52946     767   52563   987874  18.66
1860-1869       58      0.01565  0.01553  0.50   52179     810   51776   935312  17.93
1860-1869       59      0.01685  0.01671  0.51   51368     859   50945   883535  17.20
1860-1869       60      0.01867  0.01850  0.50   50510     934   50044   832591  16.48
1860-1869       61      0.02036  0.02016  0.50   49575     999   49077   782547  15.79
1860-1869       62      0.02190  0.02167  0.50   48576    1053   48053   733469  15.10
1860-1869       63      0.02407  0.02379  0.51   47523    1131   46965   685416  14.42
1860-1869       64      0.02650  0.02616  0.50   46393    1214   45789   638451  13.76
1860-1869       65      0.02962  0.02919  0.50   45179    1319   44523   592662  13.12
1860-1869       66      0.03251  0.03200  0.50   43860    1404   43165   548138  12.50
1860-1869       67      0.03572  0.03510  0.51   42457    1490   41722   504973  11.89
1860-1869       68      0.03916  0.03841  0.50   40966    1574   40185   463251  11.31
1860-1869       69      0.04253  0.04165  0.50   39393    1641   38580   423066  10.74
1860-1869       70      0.04794  0.04683  0.51   37752    1768   36878   384487  10.18
1860-1869       71      0.05139  0.05011  0.50   35984    1803   35090   347609   9.66
1860-1869       72      0.05771  0.05610  0.50   34181    1918   33230   312518   9.14
1860-1869       73      0.06261  0.06071  0.50   32264    1959   31287   279289   8.66
1860-1869       74      0.06885  0.06656  0.50   30305    2017   29300   248001   8.18
1860-1869       75      0.07580  0.07305  0.50   28288    2066   27261   218701   7.73
1860-1869       76      0.08282  0.07955  0.50   26221    2086   25187   191441   7.30
1860-1869       77      0.09105  0.08710  0.50   24135    2102   23089   166253   6.89
1860-1869       78      0.09730  0.09284  0.51   22033    2046   21023   143165   6.50
1860-1869       79      0.10611  0.10084  0.51   19988    2016   18996   122142   6.11
1860-1869       80      0.11816  0.11164  0.51   17972    2006   16980   103146   5.74
1860-1869       81      0.13006  0.12216  0.50   15966    1950   14996    86166   5.40
1860-1869       82      0.14050  0.13139  0.51   14015    1841   13106    71170   5.08
1860-1869       83      0.15272  0.14194  0.50   12174    1728   11314    58063   4.77
1860-1869       84      0.16744  0.15456  0.50   10446    1614    9642    46749   4.48
1860-1869       85      0.18035  0.16556  0.50    8831    1462    8107    37107   4.20
1860-1869       86      0.19193  0.17527  0.50    7369    1292    6729    29000   3.94
1860-1869       87      0.21279  0.19251  0.50    6078    1170    5498    22270   3.66
1860-1869       88      0.23565  0.21093  0.50    4908    1035    4393    16772   3.42
1860-1869       89      0.25701  0.22776  0.50    3872     882    3432    12379   3.20
1860-1869       90      0.27804  0.24419  0.50    2990     730    2626     8947   2.99
1860-1869       91      0.30768  0.26658  0.50    2260     603    1958     6321   2.80
1860-1869       92      0.33274  0.28522  0.50    1658     473    1421     4363   2.63
1860-1869       93      0.35190  0.29833  0.49    1185     353    1005     2942   2.48
1860-1869       94      0.38379  0.32139  0.49     831     267     696     1937   2.33
1860-1869       95      0.39763  0.33116  0.50     564     187     470     1241   2.20
1860-1869       96      0.45580  0.36973  0.49     377     140     306      771   2.04
1860-1869       97      0.46048  0.37307  0.49     238      89     193      465   1.96
1860-1869       98      0.51199  0.40903  0.51     149      61     119      272   1.83
1860-1869       99      0.52187  0.41435  0.50      88      37      70      153   1.74
1860-1869      100      0.58163  0.45059  0.50      52      23      40       83   1.61
1860-1869      101      0.69536  0.50360  0.45      28      14      21       43   1.53
1860-1869      102      0.61111  0.47826  0.55      14       7      11       23   1.61
1860-1869      103      0.65854  0.50000  0.52       7       4       6       12   1.59
1860-1869      104      0.67500  0.50000  0.48       4       2       3        6   1.67
1860-1869      105      0.40909  0.33333  0.44       2       1       1        3   1.85
1860-1869      106      0.60000  0.50000  0.67       1       1       1        2   1.56
1860-1869      107      0.37500  0.33333  0.67       1       0       1        1   1.44
1860-1869      108      0.75000  0.50000  0.33       0       0       0        0   0.83
1860-1869      109      3.00000  1.00000  0.33       0       0       0        0   0.33
1860-1869      110+           .        .     .       0       0       0        0      .
1870-1879        0      0.15320  0.13847  0.31  100000   13847   90387  5069736  50.70
1870-1879        1      0.03664  0.03595  0.47   86153    3097   84522  4979349  57.80
1870-1879        2      0.01916  0.01898  0.50   83056    1576   82265  4894827  58.93
1870-1879        3      0.01502  0.01490  0.50   81480    1214   80868  4812562  59.06
1870-1879        4      0.01214  0.01206  0.50   80265     968   79778  4731694  58.95
1870-1879        5      0.01007  0.01002  0.50   79297     794   78898  4651916  58.66
1870-1879        6      0.00857  0.00854  0.50   78502     670   78166  4573018  58.25
1870-1879        7      0.00730  0.00728  0.50   77832     566   77548  4494852  57.75
1870-1879        8      0.00644  0.00642  0.50   77266     496   77019  4417304  57.17
1870-1879        9      0.00586  0.00584  0.50   76770     449   76545  4340285  56.54
1870-1879       10      0.00541  0.00540  0.50   76321     412   76117  4263740  55.87
1870-1879       11      0.00511  0.00510  0.51   75909     387   75718  4187623  55.17
1870-1879       12      0.00495  0.00494  0.51   75522     373   75338  4111905  54.45
1870-1879       13      0.00492  0.00490  0.51   75149     369   74967  4036568  53.71
1870-1879       14      0.00497  0.00496  0.51   74780     371   74597  3961601  52.98
1870-1879       15      0.00503  0.00502  0.50   74410     374   74225  3887004  52.24
1870-1879       16      0.00504  0.00503  0.50   74036     372   73851  3812780  51.50
1870-1879       17      0.00507  0.00506  0.51   73664     373   73479  3738928  50.76
1870-1879       18      0.00510  0.00509  0.50   73291     373   73106  3665449  50.01
1870-1879       19      0.00514  0.00512  0.50   72918     374   72733  3592343  49.27
1870-1879       20      0.00521  0.00520  0.50   72545     377   72356  3519610  48.52
1870-1879       21      0.00529  0.00528  0.50   72167     381   71977  3447254  47.77
1870-1879       22      0.00529  0.00527  0.50   71787     378   71597  3375277  47.02
1870-1879       23      0.00520  0.00518  0.50   71408     370   71223  3303680  46.26
1870-1879       24      0.00507  0.00506  0.50   71038     359   70858  3232457  45.50
1870-1879       25      0.00493  0.00492  0.50   70679     348   70505  3161599  44.73
1870-1879       26      0.00487  0.00485  0.50   70331     341   70160  3091094  43.95
1870-1879       27      0.00485  0.00484  0.50   69990     339   69820  3020933  43.16
1870-1879       28      0.00489  0.00488  0.50   69651     340   69481  2951113  42.37
1870-1879       29      0.00495  0.00494  0.50   69311     343   69139  2881633  41.58
1870-1879       30      0.00501  0.00500  0.50   68969     345   68796  2812493  40.78
1870-1879       31      0.00506  0.00505  0.50   68624     346   68451  2743697  39.98
1870-1879       32      0.00512  0.00510  0.50   68277     348   68103  2675247  39.18
1870-1879       33      0.00516  0.00514  0.50   67929     349   67754  2607144  38.38
1870-1879       34      0.00524  0.00522  0.50   67580     353   67403  2539390  37.58
1870-1879       35      0.00537  0.00535  0.50   67227     360   67048  2471987  36.77
1870-1879       36      0.00552  0.00551  0.50   66867     368   66684  2404939  35.97
1870-1879       37      0.00570  0.00569  0.50   66499     378   66310  2338255  35.16
1870-1879       38      0.00604  0.00602  0.50   66121     398   65923  2271945  34.36
1870-1879       39      0.00645  0.00643  0.50   65722     423   65511  2206022  33.57
1870-1879       40      0.00644  0.00642  0.50   65300     419   65090  2140511  32.78
1870-1879       41      0.00622  0.00620  0.50   64881     402   64679  2075421  31.99
1870-1879       42      0.00634  0.00632  0.50   64479     408   64273  2010742  31.18
1870-1879       43      0.00650  0.00648  0.50   64071     415   63863  1946469  30.38
1870-1879       44      0.00678  0.00676  0.50   63656     430   63441  1882606  29.57
1870-1879       45      0.00695  0.00693  0.50   63225     438   63006  1819164  28.77
1870-1879       46      0.00718  0.00715  0.50   62787     449   62563  1756158  27.97
1870-1879       47      0.00699  0.00697  0.51   62338     434   62124  1693596  27.17
1870-1879       48      0.00766  0.00763  0.50   61904     473   61668  1631472  26.35
1870-1879       49      0.00825  0.00821  0.50   61431     505   61180  1569803  25.55
1870-1879       50      0.00855  0.00851  0.50   60926     519   60669  1508623  24.76
1870-1879       51      0.00864  0.00861  0.50   60408     520   60150  1447955  23.97
1870-1879       52      0.00952  0.00948  0.50   59888     568   59606  1387804  23.17
1870-1879       53      0.01040  0.01035  0.51   59320     614   59017  1328198  22.39
1870-1879       54      0.01136  0.01130  0.50   58706     663   58378  1269181  21.62
1870-1879       55      0.01199  0.01192  0.50   58043     692   57699  1210804  20.86
1870-1879       56      0.01289  0.01281  0.50   57351     735   56984  1153105  20.11
1870-1879       57      0.01403  0.01393  0.50   56617     789   56225  1096121  19.36
1870-1879       58      0.01540  0.01528  0.50   55828     853   55405  1039896  18.63
1870-1879       59      0.01651  0.01638  0.50   54974     900   54525   984491  17.91
1870-1879       60      0.01839  0.01822  0.51   54074     985   53588   929966  17.20
1870-1879       61      0.01920  0.01902  0.50   53089    1010   52586   876378  16.51
1870-1879       62      0.02109  0.02087  0.50   52079    1087   51539   823792  15.82
1870-1879       63      0.02309  0.02283  0.50   50992    1164   50411   772253  15.14
1870-1879       64      0.02551  0.02519  0.50   49828    1255   49203   721842  14.49
1870-1879       65      0.02698  0.02662  0.50   48573    1293   47929   672639  13.85
1870-1879       66      0.02987  0.02943  0.50   47280    1391   46590   624710  13.21
1870-1879       67      0.03280  0.03228  0.50   45889    1481   45155   578119  12.60
1870-1879       68      0.03504  0.03444  0.50   44408    1529   43647   532965  12.00
1870-1879       69      0.03854  0.03782  0.51   42878    1621   42076   489318  11.41
1870-1879       70      0.04177  0.04092  0.50   41257    1688   40421   447242  10.84
1870-1879       71      0.04527  0.04428  0.50   39568    1752   38699   406821  10.28
1870-1879       72      0.04968  0.04848  0.50   37817    1833   36905   368122   9.73
1870-1879       73      0.05578  0.05428  0.50   35983    1953   35013   331217   9.20
1870-1879       74      0.06000  0.05826  0.50   34030    1983   33048   296203   8.70
1870-1879       75      0.06619  0.06407  0.50   32047    2053   31025   263155   8.21
1870-1879       76      0.07192  0.06943  0.50   29994    2083   28958   232131   7.74
1870-1879       77      0.08011  0.07706  0.51   27911    2151   26850   203173   7.28
1870-1879       78      0.08589  0.08237  0.50   25760    2122   24702   176323   6.84
1870-1879       79      0.09781  0.09325  0.50   23639    2204   22537   151621   6.41
1870-1879       80      0.10654  0.10116  0.50   21434    2168   20353   129084   6.02
1870-1879       81      0.11618  0.10985  0.50   19266    2116   18216   108731   5.64
1870-1879       82      0.13311  0.12485  0.50   17150    2141   16085    90515   5.28
1870-1879       83      0.14284  0.13330  0.50   15008    2001   14006    74429   4.96
1870-1879       84      0.15804  0.14645  0.50   13008    1905   12054    60423   4.65
1870-1879       85      0.17318  0.15942  0.50   11103    1770   10220    48369   4.36
1870-1879       86      0.19159  0.17487  0.50    9333    1632    8519    38149   4.09
1870-1879       87      0.20880  0.18908  0.50    7701    1456    6973    29631   3.85
1870-1879       88      0.22836  0.20489  0.50    6245    1279    5603    22657   3.63
1870-1879       89      0.24691  0.21948  0.49    4965    1090    4414    17055   3.43
1870-1879       90      0.26368  0.23275  0.50    3875     902    3421    12641   3.26
1870-1879       91      0.27746  0.24344  0.50    2973     724    2609     9220   3.10
1870-1879       92      0.29124  0.25400  0.50    2250     571    1962     6611   2.94
1870-1879       93      0.32172  0.27694  0.50    1678     465    1445     4650   2.77
1870-1879       94      0.33136  0.28415  0.50    1213     345    1041     3205   2.64
1870-1879       95      0.36262  0.30664  0.50     869     266     735     2164   2.49
1870-1879       96      0.38370  0.32174  0.50     602     194     505     1430   2.37
1870-1879       97      0.39865  0.33232  0.50     409     136     341      925   2.26
1870-1879       98      0.43644  0.35589  0.48     273      97     222      584   2.14
1870-1879       99      0.41724  0.34545  0.50     176      61     145      362   2.06
1870-1879      100      0.47228  0.38117  0.49     115      44      93      216   1.88
1870-1879      101      0.52904  0.41646  0.49      71      30      56      124   1.74
1870-1879      102      0.52973  0.41880  0.50      42      17      33       68   1.63
1870-1879      103      0.64495  0.48529  0.49      24      12      18       35   1.44
1870-1879      104      0.73077  0.54286  0.53      12       7       9       17   1.33
1870-1879      105      0.73913  0.53125  0.47       6       3       4        7   1.29
1870-1879      106      0.87097  0.60000  0.48       3       2       2        3   1.22
1870-1879      107      0.40000  0.33333  0.50       1       0       1        1   1.33
1870-1879      108      1.28571  0.75000  0.44       1       1       0        1   0.75
1870-1879      109      1.50000  1.00000  0.67       0       0       0        0   0.67
1870-1879      110+           .        .     .       0       0       0        0      .
1880-1889        0      0.15138  0.13699  0.31  100000   13699   90490  5296720  52.97
1880-1889        1      0.03366  0.03308  0.48   86301    2855   84806  5206230  60.33
1880-1889        2      0.01817  0.01801  0.50   83446    1502   82692  5121424  61.37
1880-1889        3      0.01429  0.01418  0.50   81944    1162   81363  5038732  61.49
1880-1889        4      0.01171  0.01164  0.50   80781     940   80310  4957368  61.37
1880-1889        5      0.00973  0.00968  0.50   79841     773   79454  4877058  61.08
1880-1889        6      0.00814  0.00811  0.50   79068     641   78746  4797605  60.68
1880-1889        7      0.00677  0.00675  0.50   78427     529   78161  4718859  60.17
1880-1889        8      0.00560  0.00558  0.49   77898     435   77678  4640698  59.57
1880-1889        9      0.00471  0.00470  0.49   77463     364   77279  4563020  58.91
1880-1889       10      0.00419  0.00418  0.50   77099     322   76938  4485741  58.18
1880-1889       11      0.00382  0.00381  0.50   76777     292   76631  4408803  57.42
1880-1889       12      0.00354  0.00354  0.50   76485     271   76349  4332173  56.64
1880-1889       13      0.00336  0.00336  0.50   76214     256   76086  4255824  55.84
1880-1889       14      0.00332  0.00331  0.50   75958     252   75833  4179738  55.03
1880-1889       15      0.00344  0.00343  0.50   75707     260   75578  4103905  54.21
1880-1889       16      0.00361  0.00361  0.50   75447     272   75312  4028327  53.39
1880-1889       17      0.00376  0.00376  0.50   75175     282   75035  3953015  52.58
1880-1889       18      0.00392  0.00392  0.50   74892     293   74747  3877981  51.78
1880-1889       19      0.00408  0.00407  0.50   74599     304   74449  3803234  50.98
1880-1889       20      0.00416  0.00415  0.50   74295     308   74140  3728785  50.19
1880-1889       21      0.00417  0.00416  0.50   73987     308   73832  3654645  49.40
1880-1889       22      0.00422  0.00421  0.50   73679     310   73524  3580812  48.60
1880-1889       23      0.00426  0.00425  0.50   73369     312   73213  3507288  47.80
1880-1889       24      0.00426  0.00425  0.50   73057     310   72901  3434076  47.01
1880-1889       25      0.00421  0.00421  0.50   72746     306   72593  3361174  46.20
1880-1889       26      0.00418  0.00417  0.50   72440     302   72289  3288581  45.40
1880-1889       27      0.00425  0.00424  0.50   72138     306   71985  3216292  44.59
1880-1889       28      0.00451  0.00450  0.51   71832     323   71673  3144307  43.77
1880-1889       29      0.00520  0.00519  0.50   71509     371   71323  3072634  42.97
1880-1889       30      0.00546  0.00545  0.50   71137     387   70943  3001312  42.19
1880-1889       31      0.00527  0.00526  0.49   70750     372   70562  2930369  41.42
1880-1889       32      0.00537  0.00535  0.50   70378     377   70189  2859807  40.63
1880-1889       33      0.00533  0.00532  0.50   70001     372   69814  2789619  39.85
1880-1889       34      0.00527  0.00526  0.50   69629     366   69445  2719805  39.06
1880-1889       35      0.00513  0.00511  0.49   69263     354   69084  2650360  38.27
1880-1889       36      0.00503  0.00502  0.50   68909     346   68736  2581276  37.46
1880-1889       37      0.00501  0.00500  0.50   68563     342   68392  2512541  36.65
1880-1889       38      0.00510  0.00509  0.50   68221     347   68047  2444149  35.83
1880-1889       39      0.00465  0.00464  0.50   67873     315   67716  2376102  35.01
1880-1889       40      0.00469  0.00468  0.50   67558     316   67401  2308386  34.17
1880-1889       41      0.00487  0.00485  0.50   67242     326   67078  2240985  33.33
1880-1889       42      0.00500  0.00499  0.50   66916     334   66748  2173907  32.49
1880-1889       43      0.00526  0.00525  0.51   66582     349   66410  2107158  31.65
1880-1889       44      0.00540  0.00539  0.50   66232     357   66055  2040749  30.81
1880-1889       45      0.00572  0.00571  0.51   65876     376   65691  1974694  29.98
1880-1889       46      0.00616  0.00615  0.50   65500     402   65300  1909003  29.15
1880-1889       47      0.00648  0.00646  0.50   65097     421   64888  1843703  28.32
1880-1889       48      0.00682  0.00680  0.51   64677     440   64459  1778815  27.50
1880-1889       49      0.00736  0.00734  0.50   64237     471   64002  1714356  26.69
1880-1889       50      0.00785  0.00782  0.51   63765     499   63520  1650354  25.88
1880-1889       51      0.00822  0.00818  0.50   63267     518   63009  1586834  25.08
1880-1889       52      0.00909  0.00905  0.50   62749     568   62465  1523825  24.28
1880-1889       53      0.00974  0.00970  0.51   62181     603   61884  1461360  23.50
1880-1889       54      0.01000  0.00995  0.50   61578     613   61271  1399476  22.73
1880-1889       55      0.01068  0.01062  0.50   60965     648   60641  1338205  21.95
1880-1889       56      0.01179  0.01172  0.51   60318     707   59969  1277564  21.18
1880-1889       57      0.01247  0.01239  0.51   59611     739   59247  1217595  20.43
1880-1889       58      0.01331  0.01322  0.50   58872     778   58483  1158348  19.68
1880-1889       59      0.01430  0.01420  0.50   58094     825   57684  1099865  18.93
1880-1889       60      0.01532  0.01521  0.50   57269     871   56837  1042181  18.20
1880-1889       61      0.01683  0.01669  0.50   56399     941   55927   985344  17.47
1880-1889       62      0.01816  0.01800  0.50   55457     998   54963   929417  16.76
1880-1889       63      0.01944  0.01925  0.50   54459    1048   53935   874454  16.06
1880-1889       64      0.02098  0.02076  0.50   53411    1109   52857   820519  15.36
1880-1889       65      0.02289  0.02264  0.50   52302    1184   51713   767662  14.68
1880-1889       66      0.02505  0.02474  0.50   51118    1265   50486   715948  14.01
1880-1889       67      0.02689  0.02653  0.50   49853    1323   49196   665463  13.35
1880-1889       68      0.02980  0.02937  0.50   48530    1425   47821   616267  12.70
1880-1889       69      0.03291  0.03238  0.50   47105    1525   46348   568446  12.07
1880-1889       70      0.03696  0.03629  0.50   45580    1654   44753   522097  11.45
1880-1889       71      0.04039  0.03959  0.50   43926    1739   43061   477344  10.87
1880-1889       72      0.04417  0.04322  0.50   42187    1823   41279   434283  10.29
1880-1889       73      0.05014  0.04892  0.50   40363    1975   39379   393004   9.74
1880-1889       74      0.05442  0.05299  0.50   38389    2034   37380   353626   9.21
1880-1889       75      0.06088  0.05909  0.50   36355    2148   35285   316245   8.70
1880-1889       76      0.06871  0.06644  0.50   34206    2273   33079   280960   8.21
1880-1889       77      0.07516  0.07245  0.50   31934    2314   30784   247881   7.76
1880-1889       78      0.08333  0.08001  0.50   29620    2370   28439   217097   7.33
1880-1889       79      0.09206  0.08802  0.50   27250    2398   26053   188658   6.92
1880-1889       80      0.10118  0.09632  0.50   24852    2394   23658   162605   6.54
1880-1889       81      0.10863  0.10304  0.50   22458    2314   21302   138946   6.19
1880-1889       82      0.11782  0.11125  0.50   20144    2241   19020   117645   5.84
1880-1889       83      0.12921  0.12133  0.50   17903    2172   16812    98625   5.51
1880-1889       84      0.13765  0.12881  0.50   15731    2026   14721    81812   5.20
1880-1889       85      0.14696  0.13685  0.50   13705    1876   12762    67091   4.90
1880-1889       86      0.16680  0.15400  0.50   11829    1822   10921    54329   4.59
1880-1889       87      0.17631  0.16201  0.50   10007    1621    9196    43408   4.34
1880-1889       88      0.18709  0.17103  0.50    8386    1434    7666    34212   4.08
1880-1889       89      0.20621  0.18689  0.50    6952    1299    6301    26546   3.82
1880-1889       90      0.22517  0.20230  0.50    5653    1144    5078    20245   3.58
1880-1889       91      0.24420  0.21760  0.50    4509     981    4018    15167   3.36
1880-1889       92      0.26669  0.23533  0.50    3528     830    3113    11149   3.16
1880-1889       93      0.28502  0.24927  0.50    2698     672    2359     8036   2.98
1880-1889       94      0.30114  0.26170  0.50    2025     530    1760     5677   2.80
1880-1889       95      0.34155  0.29161  0.50    1495     436    1277     3917   2.62
1880-1889       96      0.35772  0.30371  0.50    1059     322     899     2640   2.49
1880-1889       97      0.37033  0.31199  0.50     738     230     621     1741   2.36
1880-1889       98      0.39771  0.33178  0.50     507     168     423     1120   2.21
1880-1889       99      0.42614  0.35026  0.49     339     119     279      696   2.05
1880-1889      100      0.49212  0.39570  0.50     220      87     177      418   1.90
1880-1889      101      0.48720  0.39146  0.50     133      52     107      241   1.81
1880-1889      102      0.57357  0.44834  0.51      81      36      63      134   1.65
1880-1889      103      0.56079  0.43463  0.48      45      19      35       70   1.57
1880-1889      104      0.65000  0.48750  0.49      25      12      19       36   1.41
1880-1889      105      0.93293  0.62195  0.46      13       8       9       17   1.28
1880-1889      106      0.52000  0.41935  0.54       5       2       4        8   1.63
1880-1889      107      0.72973  0.50000  0.37       3       1       2        4   1.43
1880-1889      108      0.60000  0.44444  0.42       1       1       1        2   1.48
1880-1889      109      0.81818  0.60000  0.56       1       0       1        1   1.33
1880-1889      110+     0.66667  1.00000  1.50       0       0       0        0   1.50
1890-1899        0      0.15039  0.13617  0.31  100000   13617   90545  5683674  56.84
1890-1899        1      0.02775  0.02735  0.47   86383    2362   85134  5593128  64.75
1890-1899        2      0.01324  0.01315  0.49   84021    1105   83457  5507995  65.56
1890-1899        3      0.00845  0.00842  0.49   82916     698   82558  5424537  65.42
1890-1899        4      0.00595  0.00593  0.49   82218     488   81968  5341979  64.97
1890-1899        5      0.00450  0.00449  0.49   81730     367   81545  5260011  64.36
1890-1899        6      0.00375  0.00374  0.50   81363     304   81210  5178466  63.65
1890-1899        7      0.00319  0.00318  0.50   81059     258   80928  5097256  62.88
1890-1899        8      0.00277  0.00277  0.50   80801     224   80688  5016328  62.08
1890-1899        9      0.00252  0.00251  0.50   80577     203   80475  4935640  61.25
1890-1899       10      0.00228  0.00228  0.50   80374     183   80282  4855165  60.41
1890-1899       11      0.00213  0.00212  0.50   80191     170   80106  4774882  59.54
1890-1899       12      0.00209  0.00209  0.50   80020     167   79937  4694776  58.67
1890-1899       13      0.00217  0.00217  0.50   79853     173   79767  4614839  57.79
1890-1899       14      0.00233  0.00232  0.50   79680     185   79588  4535072  56.92
1890-1899       15      0.00255  0.00255  0.50   79495     203   79394  4455485  56.05
1890-1899       16      0.00282  0.00282  0.51   79292     223   79182  4376091  55.19
1890-1899       17      0.00307  0.00306  0.51   79069     242   78950  4296909  54.34
1890-1899       18      0.00346  0.00345  0.51   78827     272   78694  4217960  53.51
1890-1899       19      0.00417  0.00416  0.50   78555     327   78393  4139266  52.69
1890-1899       20      0.00468  0.00467  0.50   78228     365   78044  4060873  51.91
1890-1899       21      0.00479  0.00478  0.49   77863     372   77675  3982829  51.15
1890-1899       22      0.00479  0.00478  0.50   77491     370   77304  3905154  50.40
1890-1899       23      0.00469  0.00468  0.50   77121     361   76939  3827850  49.63
1890-1899       24      0.00441  0.00440  0.50   76760     338   76590  3750911  48.87
1890-1899       25      0.00482  0.00481  0.49   76422     368   76236  3674322  48.08
1890-1899       26      0.00449  0.00448  0.50   76054     341   75882  3598086  47.31
1890-1899       27      0.00431  0.00430  0.50   75713     326   75550  3522204  46.52
1890-1899       28      0.00410  0.00410  0.49   75387     309   75231  3446654  45.72
1890-1899       29      0.00361  0.00361  0.49   75079     271   74942  3371423  44.91
1890-1899       30      0.00341  0.00340  0.50   74808     255   74679  3296481  44.07
1890-1899       31      0.00320  0.00319  0.50   74553     238   74435  3221802  43.21
1890-1899       32      0.00321  0.00321  0.51   74315     239   74198  3147367  42.35
1890-1899       33      0.00323  0.00322  0.51   74077     239   73960  3073168  41.49
1890-1899       34      0.00331  0.00330  0.50   73838     244   73717  2999208  40.62
1890-1899       35      0.00359  0.00358  0.51   73594     264   73464  2925491  39.75
1890-1899       36      0.00364  0.00363  0.50   73330     267   73198  2852027  38.89
1890-1899       37      0.00361  0.00360  0.51   73064     263   72934  2778829  38.03
1890-1899       38      0.00399  0.00398  0.50   72801     290   72656  2705896  37.17
1890-1899       39      0.00395  0.00394  0.50   72511     286   72369  2633240  36.32
1890-1899       40      0.00400  0.00399  0.50   72225     288   72081  2560870  35.46
1890-1899       41      0.00409  0.00408  0.50   71937     293   71791  2488789  34.60
1890-1899       42      0.00424  0.00423  0.50   71644     303   71492  2416998  33.74
1890-1899       43      0.00419  0.00418  0.50   71341     298   71192  2345506  32.88
1890-1899       44      0.00460  0.00459  0.50   71043     326   70881  2274313  32.01
1890-1899       45      0.00496  0.00495  0.50   70717     350   70544  2203432  31.16
1890-1899       46      0.00514  0.00512  0.50   70367     360   70186  2132889  30.31
1890-1899       47      0.00557  0.00555  0.50   70006     389   69813  2062702  29.46
1890-1899       48      0.00584  0.00583  0.50   69618     406   69416  1992889  28.63
1890-1899       49      0.00613  0.00611  0.50   69212     423   69003  1923473  27.79
1890-1899       50      0.00653  0.00650  0.50   68789     447   68566  1854471  26.96
1890-1899       51      0.00702  0.00700  0.50   68342     478   68103  1785904  26.13
1890-1899       52      0.00724  0.00722  0.50   67863     490   67619  1717802  25.31
1890-1899       53      0.00790  0.00787  0.51   67374     531   67112  1650182  24.49
1890-1899       54      0.00825  0.00822  0.50   66843     549   66570  1583071  23.68
1890-1899       55      0.00914  0.00910  0.50   66294     603   65994  1516501  22.88
1890-1899       56      0.00966  0.00961  0.50   65690     631   65377  1450506  22.08
1890-1899       57      0.01009  0.01004  0.50   65059     653   64733  1385129  21.29
1890-1899       58      0.01111  0.01105  0.50   64405     712   64053  1320396  20.50
1890-1899       59      0.01247  0.01239  0.50   63694     789   63299  1256344  19.72
1890-1899       60      0.01359  0.01349  0.50   62904     849   62481  1193045  18.97
1890-1899       61      0.01467  0.01456  0.50   62055     904   61606  1130563  18.22
1890-1899       62      0.01619  0.01606  0.50   61152     982   60661  1068958  17.48
1890-1899       63      0.01743  0.01728  0.50   60170    1040   59650  1008297  16.76
1890-1899       64      0.01947  0.01928  0.50   59130    1140   58565   948647  16.04
1890-1899       65      0.02167  0.02143  0.50   57989    1243   57367   890082  15.35
1890-1899       66      0.02421  0.02393  0.50   56746    1358   56070   832715  14.67
1890-1899       67      0.02659  0.02624  0.50   55389    1453   54664   776644  14.02
1890-1899       68      0.02932  0.02890  0.50   53935    1559   53153   721980  13.39
1890-1899       69      0.03219  0.03169  0.50   52377    1660   51549   668827  12.77
1890-1899       70      0.03581  0.03518  0.50   50717    1784   49827   617278  12.17
1890-1899       71      0.03986  0.03908  0.50   48933    1912   47975   567451  11.60
1890-1899       72      0.04387  0.04293  0.50   47021    2019   46010   519476  11.05
1890-1899       73      0.04641  0.04536  0.50   45002    2041   43982   473466  10.52
1890-1899       74      0.05116  0.04989  0.50   42961    2143   41893   429483  10.00
1890-1899       75      0.05432  0.05288  0.50   40817    2159   39738   387590   9.50
1890-1899       76      0.05958  0.05787  0.50   38659    2237   37546   347852   9.00
1890-1899       77      0.06555  0.06348  0.50   36422    2312   35271   310306   8.52
1890-1899       78      0.07051  0.06812  0.50   34110    2324   32953   275035   8.06
1890-1899       79      0.07701  0.07416  0.50   31786    2357   30609   242082   7.62
1890-1899       80      0.08372  0.08036  0.50   29429    2365   28251   211473   7.19
1890-1899       81      0.09196  0.08794  0.50   27064    2380   25882   183222   6.77
1890-1899       82      0.09922  0.09458  0.51   24684    2335   23530   157340   6.37
1890-1899       83      0.10936  0.10371  0.50   22349    2318   21194   133810   5.99
1890-1899       84      0.11903  0.11236  0.50   20032    2251   18910   112616   5.62
1890-1899       85      0.13123  0.12319  0.50   17781    2190   16691    93706   5.27
1890-1899       86      0.14325  0.13368  0.50   15591    2084   14549    77015   4.94
1890-1899       87      0.15551  0.14435  0.50   13506    1950   12537    62466   4.62
1890-1899       88      0.17009  0.15678  0.50   11557    1812   10652    49929   4.32
1890-1899       89      0.18702  0.17102  0.50    9745    1667    8911    39277   4.03
1890-1899       90      0.20375  0.18486  0.50    8078    1493    7329    30366   3.76
1890-1899       91      0.22294  0.20062  0.50    6585    1321    5926    23036   3.50
1890-1899       92      0.25198  0.22360  0.50    5264    1177    4671    17111   3.25
1890-1899       93      0.27136  0.23881  0.50    4087     976    3597    12440   3.04
1890-1899       94      0.29213  0.25499  0.50    3111     793    2715     8843   2.84
1890-1899       95      0.31926  0.27497  0.50    2318     637    1996     6128   2.64
1890-1899       96      0.35996  0.30499  0.50    1680     512    1424     4132   2.46
1890-1899       97      0.38879  0.32489  0.49    1168     379     976     2708   2.32
1890-1899       98      0.40205  0.33327  0.49     788     263     654     1732   2.20
1890-1899       99      0.42421  0.34877  0.49     526     183     432     1078   2.05
1890-1899      100      0.49698  0.39500  0.48     342     135     272      646   1.89
1890-1899      101      0.51529  0.40868  0.49     207      85     164      374   1.81
1890-1899      102      0.54832  0.43195  0.51     122      53      96      210   1.71
1890-1899      103      0.57105  0.44375  0.50      70      31      54      113   1.63
1890-1899      104      0.59709  0.46067  0.50      39      18      30       59   1.53
1890-1899      105      0.67385  0.50694  0.51      21      11      16       30   1.41
1890-1899      106      0.59639  0.46479  0.53      10       5       8       14   1.34
1890-1899      107      0.78750  0.55263  0.46       6       3       4        6   1.05
1890-1899      108      1.21875  0.76471  0.51       2       2       2        2   0.78
1890-1899      109      1.50000  0.75000  0.33       1       0       0        0   0.67
1890-1899      110+     1.50000  1.00000  0.67       0       0       0        0   0.67
1900-1909        0      0.12584  0.11573  0.31  100000   11573   91964  6149530  61.50
1900-1909        1      0.01787  0.01771  0.48   88427    1566   87607  6057566  68.50
1900-1909        2      0.00673  0.00670  0.50   86861     582   86568  5969959  68.73
1900-1909        3      0.00459  0.00458  0.50   86279     395   86080  5883391  68.19
1900-1909        4      0.00336  0.00335  0.50   85884     288   85739  5797311  67.50
1900-1909        5      0.00267  0.00267  0.50   85596     228   85482  5711573  66.73
1900-1909        6      0.00239  0.00239  0.50   85368     204   85266  5626091  65.90
1900-1909        7      0.00216  0.00216  0.50   85164     184   85072  5540824  65.06
1900-1909        8      0.00202  0.00202  0.50   84980     172   84894  5455752  64.20
1900-1909        9      0.00189  0.00188  0.50   84808     160   84728  5370859  63.33
1900-1909       10      0.00181  0.00181  0.50   84648     153   84572  5286131  62.45
1900-1909       11      0.00175  0.00175  0.50   84495     147   84421  5201559  61.56
1900-1909       12      0.00176  0.00176  0.50   84347     148   84274  5117137  60.67
1900-1909       13      0.00189  0.00188  0.50   84199     159   84120  5032864  59.77
1900-1909       14      0.00208  0.00207  0.50   84041     174   83954  4948743  58.89
1900-1909       15      0.00227  0.00227  0.50   83866     191   83771  4864789  58.01
1900-1909       16      0.00254  0.00254  0.50   83676     212   83571  4781018  57.14
1900-1909       17      0.00300  0.00300  0.50   83463     250   83339  4697447  56.28
1900-1909       18      0.00308  0.00308  0.50   83213     256   83085  4614108  55.45
1900-1909       19      0.00310  0.00310  0.51   82957     257   82830  4531023  54.62
1900-1909       20      0.00306  0.00306  0.50   82700     253   82574  4448193  53.79
1900-1909       21      0.00290  0.00289  0.50   82447     239   82329  4365619  52.95
1900-1909       22      0.00305  0.00304  0.51   82209     250   82086  4283290  52.10
1900-1909       23      0.00289  0.00289  0.51   81959     237   81842  4201205  51.26
1900-1909       24      0.00276  0.00275  0.51   81722     225   81612  4119363  50.41
1900-1909       25      0.00281  0.00280  0.50   81497     228   81383  4037751  49.54
1900-1909       26      0.00268  0.00268  0.51   81268     218   81161  3956368  48.68
1900-1909       27      0.00271  0.00271  0.51   81051     220   80943  3875207  47.81
1900-1909       28      0.00262  0.00262  0.51   80831     212   80726  3794264  46.94
1900-1909       29      0.00273  0.00272  0.50   80619     220   80510  3713537  46.06
1900-1909       30      0.00269  0.00269  0.50   80400     216   80292  3633027  45.19
1900-1909       31      0.00256  0.00255  0.50   80183     205   80082  3552736  44.31
1900-1909       32      0.00249  0.00249  0.51   79979     199   79880  3472654  43.42
1900-1909       33      0.00257  0.00256  0.50   79780     204   79678  3392773  42.53
1900-1909       34      0.00265  0.00265  0.51   79575     210   79473  3313095  41.63
1900-1909       35      0.00272  0.00271  0.51   79365     215   79258  3233622  40.74
1900-1909       36      0.00285  0.00285  0.51   79149     225   79038  3154364  39.85
1900-1909       37      0.00280  0.00279  0.50   78924     220   78814  3075326  38.97
1900-1909       38      0.00301  0.00301  0.50   78704     237   78584  2996512  38.07
1900-1909       39      0.00307  0.00306  0.51   78467     240   78349  2917927  37.19
1900-1909       40      0.00303  0.00302  0.50   78227     236   78108  2839578  36.30
1900-1909       41      0.00320  0.00319  0.50   77990     249   77866  2761471  35.41
1900-1909       42      0.00324  0.00324  0.51   77741     252   77617  2683604  34.52
1900-1909       43      0.00340  0.00339  0.51   77490     263   77361  2605987  33.63
1900-1909       44      0.00351  0.00351  0.50   77227     271   77093  2528626  32.74
1900-1909       45      0.00391  0.00390  0.50   76956     300   76806  2451534  31.86
1900-1909       46      0.00406  0.00405  0.50   76656     311   76499  2374728  30.98
1900-1909       47      0.00426  0.00425  0.50   76345     324   76183  2298229  30.10
1900-1909       48      0.00474  0.00473  0.50   76021     359   75840  2222045  29.23
1900-1909       49      0.00494  0.00493  0.51   75661     373   75477  2146205  28.37
1900-1909       50      0.00538  0.00537  0.50   75288     404   75085  2070729  27.50
1900-1909       51      0.00583  0.00582  0.50   74884     435   74668  1995644  26.65
1900-1909       52      0.00631  0.00629  0.51   74449     468   74217  1920976  25.80
1900-1909       53      0.00696  0.00694  0.51   73980     513   73728  1846758  24.96
1900-1909       54      0.00759  0.00756  0.50   73467     556   73191  1773030  24.13
1900-1909       55      0.00861  0.00858  0.50   72911     625   72599  1699839  23.31
1900-1909       56      0.00907  0.00903  0.50   72286     653   71962  1627240  22.51
1900-1909       57      0.01025  0.01020  0.50   71633     731   71269  1555278  21.71
1900-1909       58      0.01122  0.01115  0.50   70903     791   70509  1484009  20.93
1900-1909       59      0.01222  0.01215  0.50   70112     852   69687  1413500  20.16
1900-1909       60      0.01332  0.01323  0.50   69260     916   68805  1343813  19.40
1900-1909       61      0.01494  0.01483  0.50   68344    1013   67840  1275008  18.66
1900-1909       62      0.01662  0.01648  0.50   67331    1110   66777  1207168  17.93
1900-1909       63      0.01813  0.01797  0.50   66221    1190   65628  1140391  17.22
1900-1909       64      0.01969  0.01950  0.50   65031    1268   64400  1074763  16.53
1900-1909       65      0.02209  0.02185  0.50   63763    1393   63068  1010363  15.85
1900-1909       66      0.02333  0.02306  0.50   62370    1439   61653   947295  15.19
1900-1909       67      0.02509  0.02478  0.50   60931    1510   60178   885642  14.54
1900-1909       68      0.02756  0.02719  0.50   59421    1616   58619   825464  13.89
1900-1909       69      0.03022  0.02977  0.50   57805    1721   56948   766845  13.27
1900-1909       70      0.03370  0.03314  0.50   56085    1859   55157   709897  12.66
1900-1909       71      0.03649  0.03584  0.50   54226    1944   53261   654740  12.07
1900-1909       72      0.03907  0.03833  0.50   52282    2004   51286   601479  11.50
1900-1909       73      0.04266  0.04177  0.50   50278    2100   49231   550193  10.94
1900-1909       74      0.04646  0.04541  0.50   48178    2188   47093   500962  10.40
1900-1909       75      0.05077  0.04952  0.50   45990    2278   44857   453870   9.87
1900-1909       76      0.05541  0.05392  0.50   43713    2357   42541   409013   9.36
1900-1909       77      0.06055  0.05878  0.50   41355    2431   40150   366471   8.86
1900-1909       78      0.06544  0.06338  0.50   38925    2467   37694   326322   8.38
1900-1909       79      0.07204  0.06955  0.50   36458    2536   35198   288628   7.92
1900-1909       80      0.07878  0.07582  0.50   33922    2572   32646   253430   7.47
1900-1909       81      0.08446  0.08104  0.50   31350    2541   30083   220784   7.04
1900-1909       82      0.09255  0.08849  0.50   28809    2549   27545   190701   6.62
1900-1909       83      0.10160  0.09671  0.50   26260    2540   24998   163155   6.21
1900-1909       84      0.11111  0.10530  0.50   23720    2498   22480   138157   5.82
1900-1909       85      0.12252  0.11545  0.50   21222    2450   19998   115678   5.45
1900-1909       86      0.13357  0.12525  0.50   18772    2351   17603    95680   5.10
1900-1909       87      0.14926  0.13893  0.50   16421    2281   15285    78077   4.75
1900-1909       88      0.16548  0.15292  0.50   14140    2162   13066    62792   4.44
1900-1909       89      0.18002  0.16519  0.50   11977    1979   10990    49725   4.15
1900-1909       90      0.19833  0.18042  0.50    9999    1804    9096    38735   3.87
1900-1909       91      0.21682  0.19581  0.51    8195    1605    7401    29639   3.62
1900-1909       92      0.23906  0.21345  0.50    6590    1407    5884    22238   3.37
1900-1909       93      0.25754  0.22809  0.50    5184    1182    4591    16354   3.15
1900-1909       94      0.28904  0.25265  0.50    4001    1011    3497    11763   2.94
1900-1909       95      0.30762  0.26678  0.50    2990     798    2593     8265   2.76
1900-1909       96      0.33506  0.28704  0.50    2193     629    1878     5672   2.59
1900-1909       97      0.35792  0.30361  0.50    1563     475    1326     3794   2.43
1900-1909       98      0.39704  0.33078  0.50    1089     360     907     2468   2.27
1900-1909       99      0.42303  0.34908  0.50     729     254     601     1561   2.14
1900-1909      100      0.44517  0.36320  0.49     474     172     387      960   2.02
1900-1909      101      0.48568  0.39062  0.50     302     118     243      573   1.90
1900-1909      102      0.51294  0.40719  0.49     184      75     146      330   1.79
1900-1909      103      0.55865  0.43568  0.49     109      48      85      184   1.68
1900-1909      104      0.55100  0.42796  0.48      62      26      48       99   1.60
1900-1909      105      0.70799  0.52632  0.51      35      19      26       51   1.44
1900-1909      106      0.62845  0.47619  0.49      17       8      13       25   1.48
1900-1909      107      0.72258  0.53030  0.50       9       5       6       12   1.38
1900-1909      108      0.60791  0.45161  0.43       4       2       3        6   1.37
1900-1909      109      0.83180  0.58824  0.50       2       1       2        3   1.15
1900-1909      110+     0.92677  1.00000  1.08       1       1       1        1   1.08
1910-1919        0      0.10108  0.09445  0.31  100000    9445   93441  6500715  65.01
1910-1919        1      0.01428  0.01417  0.47   90555    1284   89881  6407274  70.76
1910-1919        2      0.00602  0.00600  0.50   89272     536   89002  6317392  70.77
1910-1919        3      0.00359  0.00358  0.49   88736     318   88575  6228391  70.19
1910-1919        4      0.00290  0.00289  0.50   88418     256   88290  6139816  69.44
1910-1919        5      0.00239  0.00239  0.50   88162     210   88056  6051526  68.64
1910-1919        6      0.00197  0.00197  0.50   87952     173   87866  5963470  67.80
1910-1919        7      0.00185  0.00185  0.50   87779     162   87698  5875604  66.94
1910-1919        8      0.00163  0.00162  0.49   87617     142   87545  5787906  66.06
1910-1919        9      0.00134  0.00134  0.50   87474     117   87416  5700361  65.17
1910-1919       10      0.00113  0.00113  0.50   87357      99   87308  5612945  64.25
1910-1919       11      0.00110  0.00110  0.51   87259      96   87212  5525638  63.32
1910-1919       12      0.00102  0.00102  0.51   87163      89   87120  5438426  62.39
1910-1919       13      0.00108  0.00108  0.51   87074      94   87028  5351306  61.46
1910-1919       14      0.00122  0.00122  0.51   86980     106   86928  5264279  60.52
1910-1919       15      0.00148  0.00147  0.51   86874     128   86811  5177351  59.60
1910-1919       16      0.00166  0.00166  0.50   86746     144   86674  5090540  58.68
1910-1919       17      0.00192  0.00192  0.50   86602     166   86519  5003866  57.78
1910-1919       18      0.00209  0.00209  0.50   86435     181   86345  4917346  56.89
1910-1919       19      0.00207  0.00206  0.50   86255     178   86166  4831002  56.01
1910-1919       20      0.00226  0.00226  0.50   86076     195   85979  4744836  55.12
1910-1919       21      0.00216  0.00216  0.50   85882     185   85790  4658857  54.25
1910-1919       22      0.00192  0.00192  0.50   85697     165   85614  4573067  53.36
1910-1919       23      0.00192  0.00192  0.49   85532     164   85449  4487453  52.47
1910-1919       24      0.00203  0.00203  0.50   85368     173   85282  4402004  51.57
1910-1919       25      0.00207  0.00207  0.51   85195     176   85108  4316722  50.67
1910-1919       26      0.00209  0.00208  0.50   85019     177   84931  4231614  49.77
1910-1919       27      0.00208  0.00207  0.51   84842     176   84755  4146683  48.88
1910-1919       28      0.00206  0.00205  0.51   84666     174   84580  4061928  47.98
1910-1919       29      0.00194  0.00194  0.50   84492     164   84410  3977348  47.07
1910-1919       30      0.00199  0.00199  0.50   84327     168   84244  3892938  46.16
1910-1919       31      0.00199  0.00199  0.50   84160     168   84076  3808694  45.26
1910-1919       32      0.00192  0.00191  0.51   83992     161   83914  3724618  44.34
1910-1919       33      0.00203  0.00203  0.50   83832     170   83747  3640705  43.43
1910-1919       34      0.00179  0.00178  0.50   83662     149   83587  3556958  42.52
1910-1919       35      0.00199  0.00199  0.50   83512     166   83428  3473371  41.59
1910-1919       36      0.00183  0.00183  0.50   83346     152   83270  3389943  40.67
1910-1919       37      0.00181  0.00181  0.50   83194     150   83119  3306673  39.75
1910-1919       38      0.00191  0.00191  0.50   83044     158   82965  3223554  38.82
1910-1919       39      0.00195  0.00195  0.50   82885     162   82805  3140589  37.89
1910-1919       40      0.00214  0.00214  0.50   82724     177   82636  3057784  36.96
1910-1919       41      0.00222  0.00222  0.50   82547     183   82456  2975149  36.04
1910-1919       42      0.00250  0.00249  0.50   82364     205   82261  2892693  35.12
1910-1919       43      0.00267  0.00267  0.50   82158     219   82050  2810432  34.21
1910-1919       44      0.00279  0.00279  0.50   81939     229   81825  2728382  33.30
1910-1919       45      0.00315  0.00314  0.50   81710     257   81582  2646557  32.39
1910-1919       46      0.00336  0.00336  0.51   81454     273   81319  2564975  31.49
1910-1919       47      0.00385  0.00385  0.51   81180     312   81026  2483656  30.59
1910-1919       48      0.00414  0.00414  0.50   80868     335   80702  2402630  29.71
1910-1919       49      0.00450  0.00449  0.51   80534     361   80356  2321928  28.83
1910-1919       50      0.00505  0.00504  0.50   80172     404   79970  2241572  27.96
1910-1919       51      0.00577  0.00575  0.51   79768     459   79543  2161602  27.10
1910-1919       52      0.00622  0.00621  0.51   79309     492   79066  2082060  26.25
1910-1919       53      0.00676  0.00674  0.50   78817     531   78552  2002993  25.41
1910-1919       54      0.00757  0.00754  0.50   78286     590   77993  1924442  24.58
1910-1919       55      0.00832  0.00829  0.50   77696     644   77372  1846449  23.77
1910-1919       56      0.00920  0.00916  0.50   77052     706   76702  1769077  22.96
1910-1919       57      0.01020  0.01015  0.50   76346     775   75961  1692375  22.17
1910-1919       58      0.01096  0.01091  0.51   75571     824   75164  1616414  21.39
1910-1919       59      0.01204  0.01196  0.50   74747     894   74304  1541250  20.62
1910-1919       60      0.01322  0.01313  0.51   73853     970   73373  1466946  19.86
1910-1919       61      0.01465  0.01454  0.50   72883    1060   72357  1393573  19.12
1910-1919       62      0.01579  0.01567  0.50   71823    1125   71261  1321216  18.40
1910-1919       63      0.01745  0.01730  0.50   70698    1223   70087  1249955  17.68
1910-1919       64      0.01900  0.01883  0.50   69474    1308   68824  1179868  16.98
1910-1919       65      0.02022  0.02002  0.50   68166    1365   67487  1111044  16.30
1910-1919       66      0.02253  0.02228  0.50   66802    1489   66063  1043557  15.62
1910-1919       67      0.02412  0.02383  0.50   65313    1556   64537   977494  14.97
1910-1919       68      0.02635  0.02601  0.50   63757    1658   62929   912957  14.32
1910-1919       69      0.02846  0.02806  0.50   62098    1743   61231   850028  13.69
1910-1919       70      0.03147  0.03098  0.50   60355    1870   59420   788797  13.07
1910-1919       71      0.03447  0.03389  0.50   58486    1982   57500   729378  12.47
1910-1919       72      0.03691  0.03624  0.50   56504    2048   55485   671877  11.89
1910-1919       73      0.04047  0.03967  0.50   54456    2160   53377   616392  11.32
1910-1919       74      0.04386  0.04292  0.50   52296    2245   51176   563016  10.77
1910-1919       75      0.04829  0.04716  0.50   50051    2360   48880   511840  10.23
1910-1919       76      0.05279  0.05144  0.50   47691    2453   46466   462960   9.71
1910-1919       77      0.05760  0.05599  0.50   45238    2533   43972   416494   9.21
1910-1919       78      0.06259  0.06069  0.50   42705    2592   41412   372522   8.72
1910-1919       79      0.06834  0.06609  0.50   40113    2651   38793   331111   8.25
1910-1919       80      0.07383  0.07121  0.50   37462    2668   36132   292318   7.80
1910-1919       81      0.08078  0.07766  0.50   34794    2702   33451   256186   7.36
1910-1919       82      0.08902  0.08525  0.50   32092    2736   30732   222735   6.94
1910-1919       83      0.09671  0.09226  0.50   29356    2708   28005   192004   6.54
1910-1919       84      0.10481  0.09961  0.50   26648    2654   25327   163999   6.15
1910-1919       85      0.11362  0.10754  0.50   23993    2580   22709   138672   5.78
1910-1919       86      0.12338  0.11625  0.50   21413    2489   20176   115964   5.42
1910-1919       87      0.13580  0.12721  0.50   18924    2407   17726    95788   5.06
1910-1919       88      0.14860  0.13839  0.50   16517    2286   15382    78062   4.73
1910-1919       89      0.16750  0.15459  0.50   14231    2200   13134    62680   4.40
1910-1919       90      0.18350  0.16812  0.50   12031    2023   11023    49546   4.12
1910-1919       91      0.19930  0.18120  0.50   10008    1813    9099    38523   3.85
1910-1919       92      0.22318  0.20087  0.50    8195    1646    7376    29424   3.59
1910-1919       93      0.23845  0.21306  0.50    6549    1395    5852    22049   3.37
1910-1919       94      0.25735  0.22804  0.50    5153    1175    4566    16197   3.14
1910-1919       95      0.28137  0.24680  0.50    3978     982    3489    11631   2.92
1910-1919       96      0.31382  0.27126  0.50    2996     813    2590     8141   2.72
1910-1919       97      0.33556  0.28756  0.50    2184     628    1871     5551   2.54
1910-1919       98      0.35889  0.30467  0.50    1556     474    1321     3680   2.37
1910-1919       99      0.39917  0.33300  0.50    1082     360     902     2359   2.18
1910-1919      100      0.44020  0.36079  0.50     722     260     591     1457   2.02
1910-1919      101      0.50734  0.40348  0.49     461     186     367      865   1.88
1910-1919      102      0.52239  0.41336  0.50     275     114     218      499   1.81
1910-1919      103      0.54124  0.42451  0.49     161      69     127      281   1.74
1910-1919      104      0.55665  0.43724  0.51      93      41      73      154   1.66
1910-1919      105      0.59474  0.46237  0.52      52      24      41       81   1.56
1910-1919      106      0.67139  0.50360  0.50      28      14      21       41   1.45
1910-1919      107      0.68142  0.51039  0.51      14       7      10       20   1.40
1910-1919      108      0.72500  0.51534  0.44       7       4       5        9   1.34
1910-1919      109      0.79504  0.56140  0.48       3       2       2        4   1.29
1910-1919      110+     0.74808  1.00000  1.34       1       1       2        2   1.34
1920-1929        0      0.08770  0.08266  0.31  100000    8266   94259  6755234  67.55
1920-1929        1      0.01010  0.01005  0.49   91734     922   91262  6660975  72.61
1920-1929        2      0.00391  0.00390  0.50   90812     355   90636  6569713  72.34
1920-1929        3      0.00238  0.00238  0.51   90458     215   90351  6479077  71.63
1920-1929        4      0.00181  0.00181  0.50   90243     163   90162  6388726  70.80
1920-1929        5      0.00142  0.00142  0.50   90079     128   90016  6298564  69.92
1920-1929        6      0.00143  0.00143  0.51   89952     128   89889  6208548  69.02
1920-1929        7      0.00125  0.00125  0.51   89824     112   89768  6118660  68.12
1920-1929        8      0.00108  0.00108  0.50   89711      97   89662  6028891  67.20
1920-1929        9      0.00106  0.00106  0.50   89614      95   89567  5939229  66.28
1920-1929       10      0.00094  0.00094  0.51   89519      84   89478  5849662  65.35
1920-1929       11      0.00078  0.00078  0.50   89435      69   89401  5760184  64.41
1920-1929       12      0.00078  0.00078  0.50   89366      70   89331  5670783  63.46
1920-1929       13      0.00077  0.00077  0.50   89296      69   89261  5581452  62.51
1920-1929       14      0.00089  0.00089  0.50   89227      80   89187  5492191  61.55
1920-1929       15      0.00103  0.00103  0.51   89147      92   89102  5403004  60.61
1920-1929       16      0.00112  0.00112  0.51   89056     100   89006  5313902  59.67
1920-1929       17      0.00125  0.00125  0.51   88956     111   88901  5224895  58.74
1920-1929       18      0.00146  0.00146  0.51   88844     129   88781  5135995  57.81
1920-1929       19      0.00150  0.00150  0.51   88715     133   88649  5047214  56.89
1920-1929       20      0.00160  0.00159  0.51   88582     141   88512  4958565  55.98
1920-1929       21      0.00166  0.00166  0.51   88440     147   88368  4870053  55.07
1920-1929       22      0.00164  0.00164  0.50   88294     145   88222  4781684  54.16
1920-1929       23      0.00157  0.00157  0.50   88149     138   88080  4693462  53.24
1920-1929       24      0.00156  0.00156  0.50   88011     137   87942  4605382  52.33
1920-1929       25      0.00132  0.00132  0.49   87873     116   87814  4517441  51.41
1920-1929       26      0.00116  0.00116  0.48   87757     102   87704  4429627  50.48
1920-1929       27      0.00111  0.00111  0.49   87656      97   87606  4341923  49.53
1920-1929       28      0.00121  0.00121  0.50   87558     106   87505  4254317  48.59
1920-1929       29      0.00122  0.00122  0.50   87453     106   87399  4166812  47.65
1920-1929       30      0.00115  0.00115  0.50   87346     100   87296  4079412  46.70
1920-1929       31      0.00113  0.00113  0.49   87246      99   87196  3992116  45.76
1920-1929       32      0.00111  0.00111  0.49   87147      97   87098  3904920  44.81
1920-1929       33      0.00127  0.00126  0.50   87050     110   86995  3817822  43.86
1920-1929       34      0.00136  0.00135  0.50   86940     118   86881  3730827  42.91
1920-1929       35      0.00131  0.00131  0.51   86823     114   86766  3643946  41.97
1920-1929       36      0.00141  0.00140  0.51   86709     122   86649  3557180  41.02
1920-1929       37      0.00158  0.00158  0.50   86587     137   86519  3470531  40.08
1920-1929       38      0.00173  0.00173  0.50   86450     150   86374  3384012  39.14
1920-1929       39      0.00192  0.00192  0.50   86300     166   86218  3297638  38.21
1920-1929       40      0.00213  0.00212  0.50   86135     183   86044  3211420  37.28
1920-1929       41      0.00216  0.00216  0.50   85952     185   85859  3125376  36.36
1920-1929       42      0.00249  0.00249  0.51   85766     214   85661  3039517  35.44
1920-1929       43      0.00279  0.00278  0.50   85553     238   85434  2953856  34.53
1920-1929       44      0.00302  0.00302  0.50   85314     257   85186  2868422  33.62
1920-1929       45      0.00331  0.00331  0.50   85057     281   84917  2783236  32.72
1920-1929       46      0.00371  0.00370  0.50   84776     314   84618  2698319  31.83
1920-1929       47      0.00415  0.00414  0.50   84462     350   84287  2613700  30.95
1920-1929       48      0.00445  0.00444  0.50   84112     374   83926  2529414  30.07
1920-1929       49      0.00496  0.00495  0.50   83738     414   83533  2445487  29.20
1920-1929       50      0.00551  0.00550  0.50   83324     458   83096  2361954  28.35
1920-1929       51      0.00609  0.00607  0.50   82866     503   82614  2278858  27.50
1920-1929       52      0.00653  0.00651  0.50   82363     536   82097  2196244  26.67
1920-1929       53      0.00735  0.00732  0.50   81827     599   81530  2114147  25.84
1920-1929       54      0.00786  0.00783  0.50   81228     636   80909  2032617  25.02
1920-1929       55      0.00867  0.00863  0.50   80592     696   80245  1951708  24.22
1920-1929       56      0.00929  0.00925  0.50   79896     739   79528  1871463  23.42
1920-1929       57      0.01040  0.01035  0.50   79157     819   78750  1791935  22.64
1920-1929       58      0.01139  0.01133  0.50   78338     887   77897  1713185  21.87
1920-1929       59      0.01262  0.01254  0.50   77450     971   76967  1635288  21.11
1920-1929       60      0.01362  0.01352  0.50   76479    1034   75962  1558322  20.38
1920-1929       61      0.01468  0.01457  0.50   75445    1100   74899  1482360  19.65
1920-1929       62      0.01587  0.01575  0.50   74345    1171   73760  1407460  18.93
1920-1929       63      0.01730  0.01715  0.50   73174    1255   72550  1333700  18.23
1920-1929       64      0.01891  0.01873  0.50   71919    1347   71248  1261151  17.54
1920-1929       65      0.02081  0.02060  0.50   70572    1454   69848  1189902  16.86
1920-1929       66      0.02206  0.02182  0.50   69119    1508   68367  1120054  16.20
1920-1929       67      0.02464  0.02434  0.50   67610    1646   66788  1051687  15.56
1920-1929       68      0.02597  0.02564  0.50   65964    1691   65124   984899  14.93
1920-1929       69      0.02891  0.02850  0.50   64273    1832   63363   919775  14.31
1920-1929       70      0.03080  0.03034  0.50   62442    1894   61496   856412  13.72
1920-1929       71      0.03311  0.03257  0.50   60547    1972   59568   794915  13.13
1920-1929       72      0.03589  0.03525  0.50   58575    2065   57544   735348  12.55
1920-1929       73      0.03877  0.03804  0.50   56510    2149   55439   677804  11.99
1920-1929       74      0.04111  0.04028  0.50   54361    2190   53266   622366  11.45
1920-1929       75      0.04456  0.04359  0.50   52171    2274   51032   569099  10.91
1920-1929       76      0.04788  0.04676  0.50   49897    2333   48737   518067  10.38
1920-1929       77      0.05123  0.04996  0.50   47564    2376   46384   469330   9.87
1920-1929       78      0.05592  0.05442  0.50   45188    2459   43969   422946   9.36
1920-1929       79      0.06011  0.05837  0.50   42729    2494   41492   378976   8.87
1920-1929       80      0.06517  0.06313  0.50   40234    2540   38974   337484   8.39
1920-1929       81      0.07075  0.06835  0.50   37695    2576   36416   298511   7.92
1920-1929       82      0.07710  0.07425  0.50   35118    2608   33821   262095   7.46
1920-1929       83      0.08439  0.08099  0.50   32511    2633   31200   228274   7.02
1920-1929       84      0.09054  0.08665  0.50   29878    2589   28592   197073   6.60
1920-1929       85      0.09917  0.09451  0.50   27289    2579   26005   168481   6.17
1920-1929       86      0.10858  0.10301  0.50   24710    2545   23443   142476   5.77
1920-1929       87      0.12137  0.11449  0.50   22165    2538   20908   119033   5.37
1920-1929       88      0.13333  0.12504  0.50   19627    2454   18407    98125   5.00
1920-1929       89      0.14754  0.13754  0.51   17173    2362   16009    79718   4.64
1920-1929       90      0.16400  0.15162  0.50   14811    2246   13693    63709   4.30
1920-1929       91      0.18272  0.16750  0.50   12565    2105   11519    50016   3.98
1920-1929       92      0.20422  0.18540  0.50   10460    1939    9497    38497   3.68
1920-1929       93      0.22808  0.20493  0.50    8521    1746    7656    29001   3.40
1920-1929       94      0.25515  0.22633  0.50    6775    1533    6010    21344   3.15
1920-1929       95      0.27782  0.24404  0.50    5241    1279    4604    15335   2.93
1920-1929       96      0.30960  0.26800  0.50    3962    1062    3430    10731   2.71
1920-1929       97      0.33607  0.28778  0.50    2900     835    2484     7301   2.52
1920-1929       98      0.37175  0.31340  0.50    2066     647    1742     4817   2.33
1920-1929       99      0.40274  0.33550  0.50    1418     476    1182     3075   2.17
1920-1929      100      0.43568  0.35765  0.50     942     337     774     1894   2.01
1920-1929      101      0.51706  0.41087  0.50     605     249     481     1120   1.85
1920-1929      102      0.53622  0.42224  0.50     357     151     281      639   1.79
1920-1929      103      0.54455  0.42720  0.50     206      88     162      358   1.74
1920-1929      104      0.55051  0.43275  0.51     118      51      93      197   1.67
1920-1929      105      0.59474  0.46237  0.52      67      31      52      104   1.55
1920-1929      106      0.67927  0.51042  0.51      36      18      27       52   1.44
1920-1929      107      0.70256  0.52273  0.51      18       9      13       25   1.40
1920-1929      108      0.70482  0.50000  0.42       8       4       6       12   1.38
1920-1929      109      0.74851  0.54545  0.50       4       2       3        6   1.34
1920-1929      110+     0.74808  1.00000  1.34       2       2       3        3   1.34
