New Zealand, Life tables (period 5x10), Males	Last modified: 26 Sep 2017;  Methods Protocol: v6 (2017)

  Year          Age         mx       qx    ax      lx      dx      Lx       Tx     ex
1948-1949        0      0.03297  0.03205  0.14  100000    3205   97230  6711666  67.12
1948-1949      1-4      0.00251  0.00999  1.48   96795     967  384737  6614436  68.33
1948-1949      5-9      0.00086  0.00430  2.08   95828     412  477934  6229699  65.01
1948-1949     10-14     0.00100  0.00498  2.54   95415     475  475905  5751765  60.28
1948-1949     15-19     0.00159  0.00791  2.79   94940     751  473040  5275861  55.57
1948-1949     20-24     0.00198  0.00985  2.45   94189     928  468579  4802820  50.99
1948-1949     25-29     0.00163  0.00814  2.43   93262     759  464355  4334242  46.47
1948-1949     30-34     0.00187  0.00932  2.51   92503     862  460368  3869886  41.84
1948-1949     35-39     0.00244  0.01211  2.60   91640    1110  455537  3409518  37.21
1948-1949     40-44     0.00335  0.01660  2.59   90531    1502  449036  2953981  32.63
1948-1949     45-49     0.00592  0.02921  2.77   89028    2600  439346  2504945  28.14
1948-1949     50-54     0.00966  0.04724  2.71   86428    4082  422771  2065599  23.90
1948-1949     55-59     0.01449  0.07014  2.73   82345    5776  398598  1642828  19.95
1948-1949     60-64     0.02420  0.11456  2.68   76570    8772  362465  1244230  16.25
1948-1949     65-69     0.03731  0.17076  2.52   67798   11577  310274   881765  13.01
1948-1949     70-74     0.05967  0.26212  2.68   56221   14737  246955   571491  10.17
1948-1949     75-79     0.09104  0.37252  2.56   41484   15454  169751   324536   7.82
1948-1949     80-84     0.12889  0.48518  2.45   26030   12629   97989   154785   5.95
1948-1949     85-89     0.20954  0.66303  2.23   13401    8885   42403    56796   4.24
1948-1949     90-94     0.29364  0.78693  2.05    4516    3554   12102    14393   3.19
1948-1949     95-99     0.40841  0.88684  1.81     962     853    2089     2291   2.38
1948-1949    100-104    0.53432  0.94384  1.57     109     103     192      202   1.85
1948-1949    105-109    0.65694  0.97167  1.38       6       6       9        9   1.52
1948-1949    110+       0.74927  1.00000  1.33       0       0       0        0   1.33
1950-1959        0      0.02903  0.02831  0.12  100000    2831   97517  6789551  67.90
1950-1959      1-4      0.00171  0.00680  1.50   97169     661  387027  6692034  68.87
1950-1959      5-9      0.00068  0.00340  2.32   96508     328  481664  6305007  65.33
1950-1959     10-14     0.00062  0.00309  2.59   96180     297  480186  5823343  60.55
1950-1959     15-19     0.00139  0.00694  2.82   95883     665  477964  5343157  55.73
1950-1959     20-24     0.00189  0.00940  2.40   95218     895  473765  4865193  51.10
1950-1959     25-29     0.00166  0.00828  2.47   94322     781  469637  4391427  46.56
1950-1959     30-34     0.00178  0.00885  2.51   93542     828  465648  3921791  41.93
1950-1959     35-39     0.00230  0.01144  2.64   92714    1061  461067  3456143  37.28
1950-1959     40-44     0.00316  0.01567  2.67   91653    1437  454918  2995076  32.68
1950-1959     45-49     0.00546  0.02695  2.74   90216    2431  445581  2540158  28.16
1950-1959     50-54     0.00896  0.04391  2.73   87785    3855  430165  2094577  23.86
1950-1959     55-59     0.01521  0.07348  2.70   83930    6168  405438  1664412  19.83
1950-1959     60-64     0.02424  0.11473  2.67   77763    8922  368007  1258974  16.19
1950-1959     65-69     0.03816  0.17449  2.55   68841   12012  314821   890967  12.94
1950-1959     70-74     0.05870  0.25733  2.61   56828   14624  249141   576146  10.14
1950-1959     75-79     0.09265  0.37611  2.50   42205   15874  171323   327005   7.75
1950-1959     80-84     0.13256  0.49493  2.44   26331   13032   98309   155682   5.91
1950-1959     85-89     0.20731  0.65761  2.22   13299    8746   42186    57373   4.31
1950-1959     90-94     0.27689  0.76672  2.09    4553    3491   12609    15187   3.34
1950-1959     95-99     0.40031  0.88107  1.82    1062     936    2338     2578   2.43
1950-1959    100-104    0.52062  0.93901  1.60     126     119     228      240   1.90
1950-1959    105-109    0.63935  0.96854  1.40       8       7      12       12   1.56
1950-1959    110+       0.73018  1.00000  1.37       0       0       0        0   1.37
1960-1969        0      0.02276  0.02231  0.10  100000    2231   98001  6837087  68.37
1960-1969      1-4      0.00125  0.00500  1.54   97769     489  389875  6739086  68.93
1960-1969      5-9      0.00052  0.00258  2.31   97280     251  485726  6349211  65.27
1960-1969     10-14     0.00048  0.00238  2.60   97029     231  484591  5863485  60.43
1960-1969     15-19     0.00126  0.00627  2.88   96798     607  482707  5378894  55.57
1960-1969     20-24     0.00156  0.00776  2.41   96191     746  479024  4896188  50.90
1960-1969     25-29     0.00139  0.00693  2.57   95445     662  475616  4417164  46.28
1960-1969     30-34     0.00159  0.00794  2.61   94784     752  472123  3941548  41.58
1960-1969     35-39     0.00218  0.01083  2.64   94031    1019  467754  3469425  36.90
1960-1969     40-44     0.00327  0.01620  2.69   93013    1507  461578  3001671  32.27
1960-1969     45-49     0.00580  0.02862  2.72   91506    2619  451569  2540093  27.76
1960-1969     50-54     0.00931  0.04559  2.71   88887    4053  435154  2088524  23.50
1960-1969     55-59     0.01573  0.07593  2.72   84834    6442  409468  1653370  19.49
1960-1969     60-64     0.02548  0.12027  2.67   78392    9428  370030  1243902  15.87
1960-1969     65-69     0.03967  0.18108  2.59   68964   12488  314785   873872  12.67
1960-1969     70-74     0.06104  0.26593  2.58   56476   15019  246066   559087   9.90
1960-1969     75-79     0.09631  0.38698  2.46   41457   16043  166571   313021   7.55
1960-1969     80-84     0.13679  0.50556  2.42   25414   12848   93930   146450   5.76
1960-1969     85-89     0.21439  0.67249  2.23   12566    8450   39416    52520   4.18
1960-1969     90-94     0.29307  0.78942  2.08    4115    3249   11085    13104   3.18
1960-1969     95-99     0.41848  0.89278  1.79     867     774    1849     2018   2.33
1960-1969    100-104    0.54268  0.94627  1.56      93      88     162      170   1.82
1960-1969    105-109    0.66270  0.97250  1.37       5       5       7        8   1.50
1960-1969    110+       0.75283  1.00000  1.33       0       0       0        0   1.33
1970-1979        0      0.01752  0.01726  0.11  100000    1726   98472  6900030  69.00
1970-1979      1-4      0.00096  0.00385  1.62   98274     378  392198  6801558  69.21
1970-1979      5-9      0.00045  0.00224  2.34   97896     219  488899  6409360  65.47
1970-1979     10-14     0.00045  0.00224  2.86   97677     219  487916  5920462  60.61
1970-1979     15-19     0.00159  0.00794  2.92   97458     774  485677  5432545  55.74
1970-1979     20-24     0.00173  0.00861  2.33   96684     833  481194  4946868  51.17
1970-1979     25-29     0.00138  0.00687  2.45   95851     658  477575  4465673  46.59
1970-1979     30-34     0.00144  0.00717  2.58   95193     683  474314  3988098  41.89
1970-1979     35-39     0.00205  0.01019  2.66   94510     963  470294  3513784  37.18
1970-1979     40-44     0.00325  0.01611  2.70   93547    1507  464264  3043490  32.53
1970-1979     45-49     0.00563  0.02781  2.73   92040    2559  454378  2579225  28.02
1970-1979     50-54     0.00917  0.04491  2.71   89480    4018  438184  2124847  23.75
1970-1979     55-59     0.01530  0.07385  2.67   85462    6311  412628  1686663  19.74
1970-1979     60-64     0.02471  0.11678  2.66   79151    9243  374106  1274034  16.10
1970-1979     65-69     0.03841  0.17582  2.60   69908   12291  319993   899928  12.87
1970-1979     70-74     0.06048  0.26394  2.59   57617   15207  251438   579936  10.07
1970-1979     75-79     0.09209  0.37392  2.49   42410   15858  172198   328498   7.75
1970-1979     80-84     0.13450  0.49998  2.43   26552   13275   98704   156300   5.89
1970-1979     85-89     0.20357  0.65229  2.25   13276    8660   42541    57596   4.34
1970-1979     90-94     0.28469  0.77296  2.04    4616    3568   12534    15055   3.26
1970-1979     95-99     0.40414  0.88364  1.82    1048     926    2292     2521   2.41
1970-1979    100-104    0.52534  0.94064  1.59     122     115     218      230   1.88
1970-1979    105-109    0.64443  0.96945  1.39       7       7      11       11   1.55
1970-1979    110+       0.73518  1.00000  1.36       0       0       0        0   1.36
1980-1989        0      0.01276  0.01262  0.12  100000    1262   98894  7097806  70.98
1980-1989      1-4      0.00071  0.00282  1.63   98738     278  394292  6998912  70.88
1980-1989      5-9      0.00033  0.00166  2.35   98460     163  491867  6604620  67.08
1980-1989     10-14     0.00036  0.00180  2.86   98297     176  491106  6112753  62.19
1980-1989     15-19     0.00142  0.00709  2.93   98120     696  489159  5621647  57.29
1980-1989     20-24     0.00182  0.00905  2.42   97425     882  484844  5132488  52.68
1980-1989     25-29     0.00148  0.00737  2.40   96543     711  480865  4647644  48.14
1980-1989     30-34     0.00142  0.00709  2.49   95831     679  477456  4166779  43.48
1980-1989     35-39     0.00164  0.00819  2.63   95152     779  473915  3689324  38.77
1980-1989     40-44     0.00257  0.01278  2.70   94373    1206  469091  3215408  34.07
1980-1989     45-49     0.00425  0.02104  2.72   93167    1961  461372  2746317  29.48
1980-1989     50-54     0.00743  0.03652  2.69   91207    3330  448345  2284945  25.05
1980-1989     55-59     0.01265  0.06145  2.68   87876    5400  426842  1836600  20.90
1980-1989     60-64     0.02073  0.09884  2.65   82476    8152  393230  1409758  17.09
1980-1989     65-69     0.03326  0.15410  2.61   74325   11453  344303  1016528  13.68
1980-1989     70-74     0.05252  0.23318  2.60   62872   14661  279134   672226  10.69
1980-1989     75-79     0.08343  0.34513  2.50   48211   16639  199435   393092   8.15
1980-1989     80-84     0.12645  0.47486  2.38   31572   14992  118563   193657   6.13
1980-1989     85-89     0.19168  0.62816  2.26   16580   10415   54334    75094   4.53
1980-1989     90-94     0.27662  0.76691  2.10    6165    4728   17092    20760   3.37
1980-1989     95-99     0.37891  0.86580  1.86    1437    1244    3284     3668   2.55
1980-1989    100-104    0.49488  0.92937  1.64     193     179     362      384   1.99
1980-1989    105-109    0.61202  0.96321  1.44      14      13      21       22   1.63
1980-1989    110+       0.70334  1.00000  1.42       1       1       1        1   1.42
1990-1999        0      0.00772  0.00767  0.13  100000     767   99336  7406675  74.07
1990-1999      1-4      0.00048  0.00190  1.62   99233     188  396482  7307340  73.64
1990-1999      5-9      0.00021  0.00107  2.37   99044     106  494943  6910857  69.78
1990-1999     10-14     0.00028  0.00141  2.83   98938     140  494388  6415915  64.85
1990-1999     15-19     0.00117  0.00582  2.92   98799     575  492796  5921527  59.94
1990-1999     20-24     0.00160  0.00795  2.45   98224     781  489131  5428731  55.27
1990-1999     25-29     0.00146  0.00726  2.43   97443     708  485398  4939600  50.69
1990-1999     30-34     0.00130  0.00649  2.51   96735     628  482115  4454203  46.05
1990-1999     35-39     0.00155  0.00772  2.59   96108     742  478750  3972088  41.33
1990-1999     40-44     0.00204  0.01015  2.63   95366     968  474535  3493338  36.63
1990-1999     45-49     0.00312  0.01547  2.70   94398    1461  468635  3018802  31.98
1990-1999     50-54     0.00537  0.02654  2.76   92937    2466  459149  2550167  27.44
1990-1999     55-59     0.00908  0.04445  2.68   90471    4021  443038  2091018  23.11
1990-1999     60-64     0.01532  0.07398  2.69   86450    6395  417457  1647980  19.06
1990-1999     65-69     0.02512  0.11859  2.65   80054    9494  377967  1230523  15.37
1990-1999     70-74     0.04015  0.18316  2.61   70560   12924  321922   852556  12.08
1990-1999     75-79     0.06523  0.28144  2.56   57636   16221  248665   530634   9.21
1990-1999     80-84     0.10740  0.42219  2.47   41415   17485  162807   281968   6.81
1990-1999     85-89     0.16709  0.57645  2.31   23930   13794   82557   119161   4.98
1990-1999     90-94     0.25284  0.73505  2.15   10136    7450   29465    36605   3.61
1990-1999     95-99     0.36140  0.85332  1.91    2685    2292    6341     7140   2.66
1990-1999    100-104    0.48550  0.92636  1.66     394     365     752      799   2.03
1990-1999    105-109    0.61215  0.96367  1.45      29      28      46       47   1.63
1990-1999    110+       0.71061  1.00000  1.41       1       1       1        1   1.41
2000-2009        0      0.00577  0.00574  0.14  100000     574   99505  7740313  77.40
2000-2009      1-4      0.00034  0.00135  1.53   99426     134  397374  7640808  76.85
2000-2009      5-9      0.00014  0.00070  2.42   99292      70  496281  7243433  72.95
2000-2009     10-14     0.00021  0.00106  3.04   99222     105  495906  6747152  68.00
2000-2009     15-19     0.00085  0.00426  2.82   99117     422  494667  6251246  63.07
2000-2009     20-24     0.00104  0.00517  2.46   98695     511  492178  5756579  58.33
2000-2009     25-29     0.00101  0.00505  2.52   98184     496  489691  5264401  53.62
2000-2009     30-34     0.00111  0.00555  2.58   97688     542  487129  4774711  48.88
2000-2009     35-39     0.00130  0.00650  2.58   97146     631  484201  4287582  44.14
2000-2009     40-44     0.00174  0.00865  2.62   96515     835  480590  3803381  39.41
2000-2009     45-49     0.00256  0.01273  2.64   95680    1218  475523  3322791  34.73
2000-2009     50-54     0.00395  0.01957  2.66   94462    1849  467992  2847268  30.14
2000-2009     55-59     0.00626  0.03085  2.67   92613    2857  456419  2379276  25.69
2000-2009     60-64     0.01029  0.05023  2.68   89756    4508  438307  1922857  21.42
2000-2009     65-69     0.01720  0.08270  2.67   85248    7050  409785  1484550  17.41
2000-2009     70-74     0.02891  0.13531  2.64   78198   10581  366035  1074765  13.74
2000-2009     75-79     0.04820  0.21637  2.64   67616   14630  303527   708730  10.48
2000-2009     80-84     0.08413  0.34884  2.55   52986   18484  219692   405204   7.65
2000-2009     85-89     0.14617  0.53129  2.43   34502   18331  125404   185512   5.38
2000-2009     90-94     0.24114  0.71775  2.18   16171   11607   48135    60108   3.72
2000-2009     95-99     0.36525  0.85905  1.92    4564    3921   10735    11973   2.62
2000-2009    100-104    0.51238  0.93828  1.62     643     604    1178     1238   1.92
2000-2009    105-109    0.65884  0.97279  1.38      40      39      59       60   1.51
2000-2009    110+       0.76725  1.00000  1.30       1       1       1        1   1.30
2010-2013        0      0.00503  0.00501  0.14  100000     501   99569  7934257  79.34
2010-2013      1-4      0.00025  0.00101  1.53   99499     100  397748  7834689  78.74
2010-2013      5-9      0.00008  0.00041  2.40   99399      40  496889  7436940  74.82
2010-2013     10-14     0.00015  0.00075  2.62   99358      75  496614  6940051  69.85
2010-2013     15-19     0.00072  0.00358  2.84   99284     356  495649  6443437  64.90
2010-2013     20-24     0.00087  0.00434  2.35   98928     429  493501  5947789  60.12
2010-2013     25-29     0.00078  0.00390  2.39   98498     384  491489  5454288  55.37
2010-2013     30-34     0.00080  0.00397  2.50   98114     389  489599  4962798  50.58
2010-2013     35-39     0.00111  0.00552  2.65   97725     540  487354  4473200  45.77
2010-2013     40-44     0.00161  0.00801  2.59   97185     778  484055  3985845  41.01
2010-2013     45-49     0.00238  0.01184  2.65   96407    1141  479350  3501791  36.32
2010-2013     50-54     0.00354  0.01757  2.68   95266    1674  472441  3022441  31.73
2010-2013     55-59     0.00556  0.02744  2.66   93592    2568  461949  2549999  27.25
2010-2013     60-64     0.00820  0.04022  2.67   91024    3661  446584  2088050  22.94
2010-2013     65-69     0.01369  0.06635  2.70   87363    5797  423474  1641466  18.79
2010-2013     70-74     0.02306  0.10941  2.67   81566    8924  387005  1217992  14.93
2010-2013     75-79     0.03902  0.17865  2.64   72642   12977  332564   830987  11.44
2010-2013     80-84     0.07080  0.30269  2.60   59664   18060  255065   498424   8.35
2010-2013     85-89     0.12868  0.48634  2.49   41605   20234  157248   243359   5.85
2010-2013     90-94     0.21577  0.67358  2.21   21371   14395   66713    86111   4.03
2010-2013     95-99     0.34129  0.83957  1.97    6976    5857   17161    19398   2.78
2010-2013    100-104    0.49201  0.93127  1.66    1119    1042    2118     2237   2.00
2010-2013    105-109    0.64567  0.97094  1.40      77      75     116      119   1.54
2010-2013    110+       0.76046  1.00000  1.31       2       2       3        3   1.31
