New Zealand, Life tables (period 1x10), Males	Last modified: 26 Sep 2017;  Methods Protocol: v6 (2017)

  Year          Age         mx       qx    ax      lx      dx      Lx       Tx     ex
1948-1949        0      0.03297  0.03205  0.14  100000    3205   97230  6711666  67.12
1948-1949        1      0.00453  0.00452  0.50   96795     437   96576  6614436  68.33
1948-1949        2      0.00247  0.00246  0.50   96357     237   96239  6517860  67.64
1948-1949        3      0.00178  0.00178  0.50   96120     171   96034  6421621  66.81
1948-1949        4      0.00126  0.00126  0.50   95949     121   95888  6325587  65.93
1948-1949        5      0.00138  0.00138  0.50   95828     133   95761  6229699  65.01
1948-1949        6      0.00091  0.00091  0.50   95695      87   95652  6133938  64.10
1948-1949        7      0.00068  0.00068  0.50   95608      65   95576  6038286  63.16
1948-1949        8      0.00082  0.00082  0.50   95544      78   95505  5942710  62.20
1948-1949        9      0.00053  0.00053  0.50   95466      51   95440  5847206  61.25
1948-1949       10      0.00094  0.00093  0.50   95415      89   95371  5751765  60.28
1948-1949       11      0.00113  0.00112  0.50   95326     107   95272  5656395  59.34
1948-1949       12      0.00091  0.00091  0.50   95219      87   95175  5561123  58.40
1948-1949       13      0.00086  0.00086  0.50   95132      81   95091  5465947  57.46
1948-1949       14      0.00117  0.00116  0.50   95051     111   94995  5370856  56.51
1948-1949       15      0.00109  0.00109  0.50   94940     103   94888  5275861  55.57
1948-1949       16      0.00141  0.00141  0.50   94836     133   94770  5180973  54.63
1948-1949       17      0.00159  0.00159  0.50   94703     151   94628  5086203  53.71
1948-1949       18      0.00179  0.00178  0.50   94552     169   94468  4991575  52.79
1948-1949       19      0.00206  0.00206  0.50   94384     195   94287  4897107  51.89
1948-1949       20      0.00202  0.00202  0.50   94189     190   94094  4802820  50.99
1948-1949       21      0.00190  0.00190  0.50   93999     179   93910  4708726  50.09
1948-1949       22      0.00245  0.00245  0.50   93820     230   93705  4614817  49.19
1948-1949       23      0.00157  0.00157  0.50   93591     147   93517  4521111  48.31
1948-1949       24      0.00195  0.00195  0.50   93443     182   93352  4427594  47.38
1948-1949       25      0.00154  0.00154  0.50   93262     143   93190  4334242  46.47
1948-1949       26      0.00179  0.00179  0.50   93118     167   93035  4241052  45.54
1948-1949       27      0.00183  0.00183  0.50   92952     170   92867  4148017  44.63
1948-1949       28      0.00172  0.00172  0.50   92782     160   92702  4055150  43.71
1948-1949       29      0.00129  0.00129  0.50   92622     119   92562  3962449  42.78
1948-1949       30      0.00181  0.00180  0.50   92503     167   92419  3869886  41.84
1948-1949       31      0.00170  0.00170  0.50   92336     157   92257  3777467  40.91
1948-1949       32      0.00202  0.00202  0.50   92179     186   92086  3685210  39.98
1948-1949       33      0.00221  0.00221  0.50   91993     203   91891  3593124  39.06
1948-1949       34      0.00163  0.00162  0.50   91790     149   91715  3501233  38.14
1948-1949       35      0.00225  0.00225  0.50   91640     206   91537  3409518  37.21
1948-1949       36      0.00257  0.00257  0.50   91434     235   91317  3317981  36.29
1948-1949       37      0.00196  0.00196  0.50   91199     179   91110  3226664  35.38
1948-1949       38      0.00246  0.00245  0.50   91020     223   90909  3135554  34.45
1948-1949       39      0.00294  0.00293  0.50   90797     266   90664  3044645  33.53
1948-1949       40      0.00285  0.00284  0.50   90531     257   90402  2953981  32.63
1948-1949       41      0.00271  0.00270  0.50   90274     244   90152  2863579  31.72
1948-1949       42      0.00448  0.00447  0.50   90030     402   89829  2773427  30.81
1948-1949       43      0.00337  0.00337  0.50   89628     302   89477  2683599  29.94
1948-1949       44      0.00334  0.00333  0.50   89326     297   89177  2594122  29.04
1948-1949       45      0.00528  0.00527  0.50   89028     469   88794  2504945  28.14
1948-1949       46      0.00436  0.00435  0.50   88559     385   88366  2416151  27.28
1948-1949       47      0.00443  0.00442  0.50   88174     389   87979  2327785  26.40
1948-1949       48      0.00782  0.00779  0.50   87784     684   87442  2239806  25.51
1948-1949       49      0.00775  0.00772  0.50   87100     673   86764  2152363  24.71
1948-1949       50      0.00908  0.00904  0.50   86428     782   86037  2065599  23.90
1948-1949       51      0.00663  0.00661  0.50   85646     566   85363  1979562  23.11
1948-1949       52      0.01013  0.01008  0.50   85081     857   84652  1894198  22.26
1948-1949       53      0.00942  0.00938  0.50   84223     790   83829  1809546  21.49
1948-1949       54      0.01313  0.01304  0.50   83434    1088   82890  1725718  20.68
1948-1949       55      0.01037  0.01032  0.50   82345     850   81921  1642828  19.95
1948-1949       56      0.01340  0.01331  0.50   81496    1085   80953  1560908  19.15
1948-1949       57      0.01382  0.01372  0.50   80411    1104   79859  1479954  18.40
1948-1949       58      0.01757  0.01742  0.50   79308    1382   78617  1400095  17.65
1948-1949       59      0.01756  0.01741  0.50   77926    1356   77248  1321478  16.96
1948-1949       60      0.02125  0.02103  0.50   76570    1610   75764  1244230  16.25
1948-1949       61      0.01926  0.01908  0.50   74959    1430   74244  1168466  15.59
1948-1949       62      0.02227  0.02203  0.50   73529    1620   72719  1094222  14.88
1948-1949       63      0.02858  0.02817  0.50   71910    2026   70897  1021503  14.21
1948-1949       64      0.03030  0.02984  0.50   69884    2086   68841   950606  13.60
1948-1949       65      0.03734  0.03666  0.50   67798    2485   66555   881765  13.01
1948-1949       66      0.03263  0.03211  0.50   65313    2097   64264   815210  12.48
1948-1949       67      0.03438  0.03380  0.50   63215    2137   62147   750946  11.88
1948-1949       68      0.04043  0.03963  0.50   61079    2421   59869   688799  11.28
1948-1949       69      0.04244  0.04155  0.50   58658    2438   57439   628930  10.72
1948-1949       70      0.04817  0.04704  0.50   56221    2644   54898   571491  10.17
1948-1949       71      0.04487  0.04388  0.50   53576    2351   52401   516592   9.64
1948-1949       72      0.05808  0.05644  0.50   51225    2891   49780   464192   9.06
1948-1949       73      0.07217  0.06966  0.50   48334    3367   46650   414412   8.57
1948-1949       74      0.08058  0.07746  0.50   44967    3483   43226   367762   8.18
1948-1949       75      0.06881  0.06653  0.50   41484    2760   40104   324536   7.82
1948-1949       76      0.08997  0.08610  0.50   38724    3334   37057   284432   7.35
1948-1949       77      0.08056  0.07744  0.50   35390    2741   34020   247375   6.99
1948-1949       78      0.11049  0.10471  0.50   32649    3419   30940   213355   6.53
1948-1949       79      0.11582  0.10948  0.50   29231    3200   27631   182415   6.24
1948-1949       80      0.11087  0.10505  0.50   26030    2734   24663   154785   5.95
1948-1949       81      0.10946  0.10378  0.50   23296    2418   22087   130121   5.59
1948-1949       82      0.13045  0.12246  0.50   20878    2557   19600   108034   5.17
1948-1949       83      0.14924  0.13888  0.50   18322    2545   17049    88434   4.83
1948-1949       84      0.16287  0.15060  0.50   15777    2376   14589    71385   4.52
1948-1949       85      0.16454  0.15203  0.50   13401    2037   12382    56796   4.24
1948-1949       86      0.22925  0.20567  0.50   11364    2337   10195    44413   3.91
1948-1949       87      0.20455  0.18557  0.50    9026    1675    8189    34218   3.79
1948-1949       88      0.25257  0.22425  0.50    7351    1649    6527    26029   3.54
1948-1949       89      0.23233  0.20815  0.50    5703    1187    5109    19502   3.42
1948-1949       90      0.26256  0.23209  0.50    4516    1048    3992    14393   3.19
1948-1949       91      0.28367  0.24844  0.50    3468     861    3037    10401   3.00
1948-1949       92      0.30578  0.26523  0.50    2606     691    2261     7364   2.83
1948-1949       93      0.32881  0.28238  0.50    1915     541    1645     5104   2.67
1948-1949       94      0.35270  0.29982  0.50    1374     412    1168     3459   2.52
1948-1949       95      0.37735  0.31745  0.50     962     305     809     2291   2.38
1948-1949       96      0.40264  0.33517  0.50     657     220     547     1481   2.26
1948-1949       97      0.42847  0.35287  0.50     437     154     360      935   2.14
1948-1949       98      0.45470  0.37047  0.50     283     105     230      575   2.04
1948-1949       99      0.48117  0.38786  0.50     178      69     143      345   1.94
1948-1949      100      0.50776  0.40495  0.50     109      44      87      202   1.85
1948-1949      101      0.53430  0.42165  0.50      65      27      51      115   1.77
1948-1949      102      0.56064  0.43789  0.50      37      16      29       64   1.70
1948-1949      103      0.58665  0.45360  0.50      21      10      16       34   1.63
1948-1949      104      0.61219  0.46872  0.50      12       5       9       18   1.57
1948-1949      105      0.63712  0.48319  0.50       6       3       5        9   1.52
1948-1949      106      0.66134  0.49700  0.50       3       2       2        5   1.47
1948-1949      107      0.68474  0.51010  0.50       2       1       1        2   1.42
1948-1949      108      0.70724  0.52248  0.50       1       0       1        1   1.39
1948-1949      109      0.72877  0.53414  0.50       0       0       0        1   1.35
1948-1949      110+     0.74927  1.00000  1.33       0       0       0        0   1.33
1950-1959        0      0.02903  0.02831  0.12  100000    2831   97517  6789551  67.90
1950-1959        1      0.00298  0.00297  0.50   97169     289   97025  6692034  68.87
1950-1959        2      0.00172  0.00172  0.50   96880     167   96797  6595009  68.07
1950-1959        3      0.00124  0.00124  0.50   96714     120   96654  6498212  67.19
1950-1959        4      0.00089  0.00089  0.50   96594      86   96551  6401558  66.27
1950-1959        5      0.00080  0.00080  0.50   96508      77   96470  6305007  65.33
1950-1959        6      0.00073  0.00073  0.50   96432      71   96396  6208537  64.38
1950-1959        7      0.00069  0.00069  0.50   96361      66   96328  6112141  63.43
1950-1959        8      0.00064  0.00064  0.50   96294      62   96264  6015813  62.47
1950-1959        9      0.00054  0.00054  0.50   96233      52   96207  5919549  61.51
1950-1959       10      0.00057  0.00057  0.50   96180      55   96153  5823343  60.55
1950-1959       11      0.00059  0.00059  0.50   96125      57   96097  5727190  59.58
1950-1959       12      0.00063  0.00063  0.50   96068      60   96038  5631093  58.62
1950-1959       13      0.00059  0.00059  0.50   96008      56   95980  5535055  57.65
1950-1959       14      0.00071  0.00071  0.50   95952      69   95918  5439075  56.69
1950-1959       15      0.00108  0.00108  0.50   95883     104   95832  5343157  55.73
1950-1959       16      0.00102  0.00101  0.50   95780      97   95731  5247325  54.79
1950-1959       17      0.00131  0.00131  0.50   95683     125   95620  5151594  53.84
1950-1959       18      0.00172  0.00171  0.50   95558     164   95476  5055974  52.91
1950-1959       19      0.00185  0.00184  0.50   95394     176   95306  4960498  52.00
1950-1959       20      0.00213  0.00212  0.50   95218     202   95117  4865193  51.10
1950-1959       21      0.00180  0.00180  0.50   95016     171   94930  4770076  50.20
1950-1959       22      0.00196  0.00195  0.50   94844     185   94752  4675146  49.29
1950-1959       23      0.00193  0.00193  0.50   94659     183   94568  4580394  48.39
1950-1959       24      0.00163  0.00163  0.50   94476     154   94399  4485827  47.48
1950-1959       25      0.00174  0.00174  0.50   94322     164   94240  4391427  46.56
1950-1959       26      0.00163  0.00163  0.50   94158     154   94081  4297187  45.64
1950-1959       27      0.00158  0.00158  0.50   94005     148   93930  4203106  44.71
1950-1959       28      0.00182  0.00182  0.50   93856     171   93771  4109175  43.78
1950-1959       29      0.00153  0.00153  0.50   93686     144   93614  4015404  42.86
1950-1959       30      0.00191  0.00191  0.50   93542     178   93453  3921791  41.93
1950-1959       31      0.00151  0.00151  0.50   93363     141   93293  3828338  41.00
1950-1959       32      0.00183  0.00183  0.50   93223     171   93137  3735045  40.07
1950-1959       33      0.00183  0.00183  0.50   93052     170   92967  3641907  39.14
1950-1959       34      0.00181  0.00181  0.50   92882     168   92798  3548940  38.21
1950-1959       35      0.00196  0.00196  0.50   92714     182   92623  3456143  37.28
1950-1959       36      0.00227  0.00227  0.50   92532     210   92427  3363520  36.35
1950-1959       37      0.00207  0.00207  0.50   92322     191   92226  3271093  35.43
1950-1959       38      0.00252  0.00252  0.50   92131     232   92015  3178867  34.50
1950-1959       39      0.00268  0.00268  0.50   91899     246   91776  3086852  33.59
1950-1959       40      0.00270  0.00269  0.50   91653     247   91529  2995076  32.68
1950-1959       41      0.00261  0.00261  0.50   91406     238   91287  2903547  31.77
1950-1959       42      0.00343  0.00343  0.50   91168     313   91011  2812260  30.85
1950-1959       43      0.00331  0.00331  0.50   90855     301   90705  2721248  29.95
1950-1959       44      0.00374  0.00373  0.50   90554     338   90385  2630544  29.05
1950-1959       45      0.00436  0.00435  0.50   90216     392   90020  2540158  28.16
1950-1959       46      0.00465  0.00464  0.50   89824     416   89616  2450138  27.28
1950-1959       47      0.00525  0.00524  0.50   89408     468   89174  2360522  26.40
1950-1959       48      0.00598  0.00596  0.50   88939     530   88674  2271349  25.54
1950-1959       49      0.00709  0.00707  0.50   88410     625   88097  2182674  24.69
1950-1959       50      0.00711  0.00709  0.50   87785     622   87474  2094577  23.86
1950-1959       51      0.00718  0.00716  0.50   87163     624   86851  2007103  23.03
1950-1959       52      0.00941  0.00936  0.50   86539     810   86134  1920252  22.19
1950-1959       53      0.00999  0.00994  0.50   85729     852   85303  1834118  21.39
1950-1959       54      0.01121  0.01115  0.50   84877     946   84404  1748815  20.60
1950-1959       55      0.01177  0.01170  0.50   83930     982   83439  1664412  19.83
1950-1959       56      0.01381  0.01372  0.50   82948    1138   82379  1580972  19.06
1950-1959       57      0.01490  0.01479  0.50   81810    1210   81206  1498593  18.32
1950-1959       58      0.01713  0.01698  0.50   80601    1369   79916  1417388  17.59
1950-1959       59      0.01872  0.01855  0.50   79232    1469   78497  1337471  16.88
1950-1959       60      0.02035  0.02015  0.50   77763    1567   76979  1258974  16.19
1950-1959       61      0.01952  0.01934  0.50   76196    1473   75460  1181994  15.51
1950-1959       62      0.02522  0.02490  0.50   74723    1861   73792  1106535  14.81
1950-1959       63      0.02696  0.02660  0.50   72862    1938   71893  1032742  14.17
1950-1959       64      0.02981  0.02937  0.50   70924    2083   69882   960849  13.55
1950-1959       65      0.03527  0.03466  0.50   68841    2386   67648   890967  12.94
1950-1959       66      0.03365  0.03310  0.50   66455    2200   65355   823319  12.39
1950-1959       67      0.03810  0.03739  0.50   64255    2403   63054   757964  11.80
1950-1959       68      0.04005  0.03926  0.50   61853    2429   60638   694910  11.23
1950-1959       69      0.04465  0.04368  0.50   59424    2596   58126   634272  10.67
1950-1959       70      0.04995  0.04874  0.50   56828    2770   55444   576146  10.14
1950-1959       71      0.04740  0.04630  0.50   54059    2503   52807   520702   9.63
1950-1959       72      0.05994  0.05819  0.50   51556    3000   50056   467895   9.08
1950-1959       73      0.06598  0.06388  0.50   48556    3102   47005   417839   8.61
1950-1959       74      0.07413  0.07148  0.50   45454    3249   43830   370834   8.16
1950-1959       75      0.07757  0.07468  0.50   42205    3152   40629   327005   7.75
1950-1959       76      0.08874  0.08497  0.50   39053    3318   37394   286376   7.33
1950-1959       77      0.08734  0.08369  0.50   35735    2991   34240   248982   6.97
1950-1959       78      0.10351  0.09841  0.50   32745    3222   31133   214742   6.56
1950-1959       79      0.11425  0.10808  0.50   29522    3191   27927   183608   6.22
1950-1959       80      0.11605  0.10969  0.50   26331    2888   24887   155682   5.91
1950-1959       81      0.11327  0.10719  0.50   23443    2513   22187   130795   5.58
1950-1959       82      0.13330  0.12497  0.50   20930    2616   19622   108608   5.19
1950-1959       83      0.14705  0.13698  0.50   18315    2509   17060    88986   4.86
1950-1959       84      0.17224  0.15858  0.50   15806    2507   14552    71925   4.55
1950-1959       85      0.17899  0.16429  0.50   13299    2185   12207    57373   4.31
1950-1959       86      0.20395  0.18508  0.50   11114    2057   10086    45166   4.06
1950-1959       87      0.22100  0.19901  0.50    9057    1803    8156    35080   3.87
1950-1959       88      0.21720  0.19592  0.50    7255    1421    6544    26924   3.71
1950-1959       89      0.24645  0.21942  0.50    5833    1280    5193    20380   3.49
1950-1959       90      0.24791  0.22057  0.50    4553    1004    4051    15187   3.34
1950-1959       91      0.24869  0.22119  0.50    3549     785    3157    11135   3.14
1950-1959       92      0.30867  0.26740  0.50    2764     739    2395     7979   2.89
1950-1959       93      0.32242  0.27766  0.50    2025     562    1744     5584   2.76
1950-1959       94      0.31721  0.27379  0.50    1463     400    1262     3840   2.63
1950-1959       95      0.37042  0.31254  0.50    1062     332     896     2578   2.43
1950-1959       96      0.39444  0.32947  0.50     730     241     610     1682   2.30
1950-1959       97      0.41899  0.34641  0.50     490     170     405     1072   2.19
1950-1959       98      0.44393  0.36329  0.50     320     116     262      667   2.08
1950-1959       99      0.46917  0.38002  0.50     204      77     165      405   1.99
1950-1959      100      0.49456  0.39651  0.50     126      50     101      240   1.90
1950-1959      101      0.51998  0.41269  0.50      76      31      61      139   1.82
1950-1959      102      0.54530  0.42848  0.50      45      19      35       78   1.74
1950-1959      103      0.57039  0.44382  0.50      26      11      20       43   1.68
1950-1959      104      0.59512  0.45864  0.50      14       7      11       23   1.61
1950-1959      105      0.61938  0.47292  0.50       8       4       6       12   1.56
1950-1959      106      0.64305  0.48660  0.50       4       2       3        6   1.51
1950-1959      107      0.66605  0.49965  0.50       2       1       2        3   1.46
1950-1959      108      0.68828  0.51206  0.50       1       1       1        1   1.42
1950-1959      109      0.70968  0.52381  0.50       1       0       0        1   1.39
1950-1959      110+     0.73018  1.00000  1.37       0       0       0        0   1.37
1960-1969        0      0.02276  0.02231  0.10  100000    2231   98001  6837087  68.37
1960-1969        1      0.00218  0.00218  0.50   97769     213   97663  6739086  68.93
1960-1969        2      0.00120  0.00120  0.50   97556     117   97498  6641423  68.08
1960-1969        3      0.00086  0.00086  0.50   97439      84   97397  6543925  67.16
1960-1969        4      0.00078  0.00078  0.50   97355      75   97318  6446528  66.22
1960-1969        5      0.00060  0.00060  0.50   97280      59   97251  6349211  65.27
1960-1969        6      0.00057  0.00057  0.50   97221      56   97194  6251960  64.31
1960-1969        7      0.00051  0.00051  0.50   97166      49   97141  6154766  63.34
1960-1969        8      0.00050  0.00050  0.50   97116      49   97092  6057625  62.37
1960-1969        9      0.00040  0.00040  0.50   97068      38   97048  5960533  61.41
1960-1969       10      0.00045  0.00045  0.50   97029      44   97007  5863485  60.43
1960-1969       11      0.00045  0.00045  0.50   96985      44   96964  5766478  59.46
1960-1969       12      0.00044  0.00044  0.50   96942      43   96920  5669514  58.48
1960-1969       13      0.00050  0.00050  0.50   96899      48   96875  5572594  57.51
1960-1969       14      0.00055  0.00055  0.50   96851      53   96824  5475719  56.54
1960-1969       15      0.00074  0.00074  0.50   96798      72   96762  5378894  55.57
1960-1969       16      0.00092  0.00092  0.50   96726      89   96682  5282132  54.61
1960-1969       17      0.00139  0.00139  0.50   96637     134   96570  5185451  53.66
1960-1969       18      0.00163  0.00163  0.50   96503     157   96424  5088880  52.73
1960-1969       19      0.00160  0.00160  0.50   96346     154   96268  4992456  51.82
1960-1969       20      0.00169  0.00169  0.50   96191     163   96110  4896188  50.90
1960-1969       21      0.00157  0.00157  0.50   96029     151   95953  4800078  49.99
1960-1969       22      0.00156  0.00156  0.50   95877     150   95803  4704125  49.06
1960-1969       23      0.00163  0.00163  0.50   95728     156   95650  4608322  48.14
1960-1969       24      0.00132  0.00132  0.50   95572     126   95508  4512673  47.22
1960-1969       25      0.00124  0.00124  0.50   95445     118   95386  4417164  46.28
1960-1969       26      0.00144  0.00144  0.50   95327     138   95259  4321778  45.34
1960-1969       27      0.00138  0.00138  0.50   95190     131   95124  4226519  44.40
1960-1969       28      0.00140  0.00140  0.50   95058     133   94992  4131395  43.46
1960-1969       29      0.00150  0.00150  0.50   94926     142   94855  4036403  42.52
1960-1969       30      0.00148  0.00148  0.50   94784     140   94713  3941548  41.58
1960-1969       31      0.00139  0.00138  0.50   94643     131   94578  3846835  40.65
1960-1969       32      0.00158  0.00158  0.50   94512     150   94437  3752257  39.70
1960-1969       33      0.00175  0.00175  0.50   94363     165   94280  3657820  38.76
1960-1969       34      0.00176  0.00176  0.50   94197     166   94114  3563540  37.83
1960-1969       35      0.00187  0.00187  0.50   94031     176   93944  3469425  36.90
1960-1969       36      0.00214  0.00214  0.50   93856     200   93756  3375482  35.96
1960-1969       37      0.00205  0.00205  0.50   93655     192   93559  3281726  35.04
1960-1969       38      0.00220  0.00220  0.50   93463     206   93360  3188167  34.11
1960-1969       39      0.00263  0.00262  0.50   93258     245   93135  3094807  33.19
1960-1969       40      0.00276  0.00276  0.50   93013     257   92884  3001671  32.27
1960-1969       41      0.00276  0.00276  0.50   92756     256   92628  2908787  31.36
1960-1969       42      0.00330  0.00330  0.50   92500     305   92348  2816159  30.44
1960-1969       43      0.00356  0.00355  0.50   92195     327   92031  2723812  29.54
1960-1969       44      0.00395  0.00394  0.50   91868     362   91687  2631780  28.65
1960-1969       45      0.00450  0.00449  0.50   91506     411   91300  2540093  27.76
1960-1969       46      0.00502  0.00501  0.50   91095     456   90867  2448793  26.88
1960-1969       47      0.00583  0.00582  0.50   90638     527   90375  2357927  26.01
1960-1969       48      0.00649  0.00646  0.50   90111     583   89820  2267552  25.16
1960-1969       49      0.00720  0.00717  0.50   89529     642   89208  2177732  24.32
1960-1969       50      0.00735  0.00733  0.50   88887     651   88561  2088524  23.50
1960-1969       51      0.00783  0.00780  0.50   88236     688   87891  1999963  22.67
1960-1969       52      0.00952  0.00947  0.50   87547     829   87133  1912072  21.84
1960-1969       53      0.01073  0.01067  0.50   86718     926   86255  1824939  21.04
1960-1969       54      0.01123  0.01117  0.50   85793     958   85313  1738683  20.27
1960-1969       55      0.01211  0.01204  0.50   84834    1022   84324  1653370  19.49
1960-1969       56      0.01389  0.01379  0.50   83813    1156   83235  1569046  18.72
1960-1969       57      0.01528  0.01517  0.50   82657    1254   82030  1485812  17.98
1960-1969       58      0.01761  0.01746  0.50   81403    1421   80693  1403782  17.24
1960-1969       59      0.02007  0.01988  0.50   79982    1590   79187  1323089  16.54
1960-1969       60      0.02091  0.02069  0.50   78392    1622   77581  1243902  15.87
1960-1969       61      0.02109  0.02087  0.50   76770    1602   75969  1166320  15.19
1960-1969       62      0.02581  0.02548  0.50   75168    1915   74211  1090351  14.51
1960-1969       63      0.02898  0.02856  0.50   73253    2092   72207  1016141  13.87
1960-1969       64      0.03135  0.03086  0.50   71160    2196   70062   943934  13.26
1960-1969       65      0.03477  0.03418  0.50   68964    2357   67786   873872  12.67
1960-1969       66      0.03430  0.03372  0.50   66607    2246   65484   806086  12.10
1960-1969       67      0.03938  0.03862  0.50   64361    2485   63118   740602  11.51
1960-1969       68      0.04383  0.04289  0.50   61875    2654   60548   677484  10.95
1960-1969       69      0.04746  0.04636  0.50   59221    2745   57849   616936  10.42
1960-1969       70      0.05143  0.05014  0.50   56476    2832   55060   559087   9.90
1960-1969       71      0.05233  0.05100  0.50   53644    2736   52276   504027   9.40
1960-1969       72      0.06165  0.05981  0.50   50908    3045   49386   451751   8.87
1960-1969       73      0.06874  0.06646  0.50   47864    3181   46273   402364   8.41
1960-1969       74      0.07490  0.07219  0.50   44683    3226   43070   356091   7.97
1960-1969       75      0.08449  0.08107  0.50   41457    3361   39777   313021   7.55
1960-1969       76      0.09177  0.08775  0.50   38096    3343   36425   273245   7.17
1960-1969       77      0.09137  0.08737  0.50   34753    3037   33235   236820   6.81
1960-1969       78      0.10440  0.09922  0.50   31717    3147   30143   203585   6.42
1960-1969       79      0.11691  0.11046  0.50   28570    3156   26992   173442   6.07
1960-1969       80      0.11867  0.11202  0.50   25414    2847   23991   146450   5.76
1960-1969       81      0.11959  0.11284  0.50   22567    2546   21294   122459   5.43
1960-1969       82      0.13920  0.13014  0.50   20021    2605   18718   101165   5.05
1960-1969       83      0.15316  0.14227  0.50   17415    2478   16176    82448   4.73
1960-1969       84      0.17247  0.15878  0.50   14938    2372   13752    66271   4.44
1960-1969       85      0.18390  0.16842  0.50   12566    2116   11508    52520   4.18
1960-1969       86      0.20598  0.18675  0.50   10449    1951    9474    41012   3.92
1960-1969       87      0.22559  0.20272  0.50    8498    1723    7637    31538   3.71
1960-1969       88      0.23464  0.21000  0.50    6775    1423    6064    23901   3.53
1960-1969       89      0.26133  0.23113  0.50    5352    1237    4734    17838   3.33
1960-1969       90      0.26943  0.23744  0.50    4115     977    3627    13104   3.18
1960-1969       91      0.25481  0.22601  0.50    3138     709    2784     9477   3.02
1960-1969       92      0.31837  0.27465  0.50    2429     667    2095     6693   2.76
1960-1969       93      0.32800  0.28179  0.50    1762     496    1514     4598   2.61
1960-1969       94      0.37407  0.31513  0.50    1265     399    1066     3084   2.44
1960-1969       95      0.38814  0.32505  0.50     867     282     726     2018   2.33
1960-1969       96      0.41325  0.34248  0.50     585     200     485     1293   2.21
1960-1969       97      0.43882  0.35986  0.50     385     138     315      808   2.10
1960-1969       98      0.46472  0.37709  0.50     246      93     200      492   2.00
1960-1969       99      0.49081  0.39409  0.50     153      60     123      293   1.91
1960-1969      100      0.51695  0.41077  0.50      93      38      74      170   1.82
1960-1969      101      0.54300  0.42705  0.50      55      23      43       96   1.75
1960-1969      102      0.56881  0.44286  0.50      31      14      24       53   1.68
1960-1969      103      0.59426  0.45813  0.50      17       8      13       28   1.61
1960-1969      104      0.61921  0.47282  0.50       9       4       7       15   1.56
1960-1969      105      0.64354  0.48688  0.50       5       2       4        8   1.50
1960-1969      106      0.66716  0.50028  0.50       3       1       2        4   1.46
1960-1969      107      0.68997  0.51299  0.50       1       1       1        2   1.41
1960-1969      108      0.71189  0.52501  0.50       1       0       0        1   1.38
1960-1969      109      0.73285  0.53633  0.50       0       0       0        0   1.35
1960-1969      110+     0.75283  1.00000  1.33       0       0       0        0   1.33
1970-1979        0      0.01752  0.01726  0.11  100000    1726   98472  6900030  69.00
1970-1979        1      0.00153  0.00153  0.50   98274     150   98199  6801558  69.21
1970-1979        2      0.00094  0.00094  0.50   98124      92   98078  6703359  68.31
1970-1979        3      0.00078  0.00078  0.50   98033      77   97994  6605280  67.38
1970-1979        4      0.00061  0.00061  0.50   97956      60   97926  6507286  66.43
1970-1979        5      0.00052  0.00052  0.50   97896      51   97871  6409360  65.47
1970-1979        6      0.00049  0.00049  0.50   97845      48   97821  6311490  64.50
1970-1979        7      0.00043  0.00043  0.50   97797      42   97776  6213668  63.54
1970-1979        8      0.00042  0.00042  0.50   97755      41   97735  6115892  62.56
1970-1979        9      0.00038  0.00038  0.50   97714      37   97696  6018157  61.59
1970-1979       10      0.00032  0.00032  0.50   97677      31   97662  5920462  60.61
1970-1979       11      0.00032  0.00032  0.50   97646      32   97630  5822800  59.63
1970-1979       12      0.00043  0.00043  0.50   97615      42   97594  5725170  58.65
1970-1979       13      0.00059  0.00059  0.50   97573      57   97544  5627576  57.68
1970-1979       14      0.00059  0.00059  0.50   97515      57   97487  5530032  56.71
1970-1979       15      0.00081  0.00081  0.50   97458      79   97419  5432545  55.74
1970-1979       16      0.00125  0.00125  0.50   97379     122   97318  5335127  54.79
1970-1979       17      0.00173  0.00173  0.50   97257     168   97173  5237808  53.86
1970-1979       18      0.00216  0.00216  0.50   97089     209   96985  5140635  52.95
1970-1979       19      0.00203  0.00202  0.50   96880     196   96782  5043650  52.06
1970-1979       20      0.00194  0.00194  0.50   96684     188   96590  4946868  51.17
1970-1979       21      0.00203  0.00203  0.50   96496     196   96398  4850278  50.26
1970-1979       22      0.00170  0.00170  0.50   96300     163   96219  4753879  49.37
1970-1979       23      0.00150  0.00150  0.50   96137     144   96065  4657660  48.45
1970-1979       24      0.00148  0.00147  0.50   95993     142   95922  4561595  47.52
1970-1979       25      0.00148  0.00148  0.50   95851     141   95781  4465673  46.59
1970-1979       26      0.00140  0.00140  0.50   95710     134   95643  4369893  45.66
1970-1979       27      0.00137  0.00137  0.50   95576     131   95510  4274250  44.72
1970-1979       28      0.00128  0.00128  0.50   95445     122   95384  4178740  43.78
1970-1979       29      0.00136  0.00136  0.50   95322     129   95258  4083356  42.84
1970-1979       30      0.00133  0.00132  0.50   95193     126   95130  3988098  41.89
1970-1979       31      0.00132  0.00132  0.50   95067     125   95004  3892968  40.95
1970-1979       32      0.00152  0.00152  0.50   94942     144   94870  3797964  40.00
1970-1979       33      0.00150  0.00150  0.50   94798     142   94727  3703094  39.06
1970-1979       34      0.00154  0.00154  0.50   94656     146   94583  3608367  38.12
1970-1979       35      0.00168  0.00168  0.50   94510     159   94431  3513784  37.18
1970-1979       36      0.00193  0.00193  0.50   94352     182   94260  3419353  36.24
1970-1979       37      0.00205  0.00205  0.50   94169     193   94073  3325093  35.31
1970-1979       38      0.00221  0.00220  0.50   93976     207   93873  3231020  34.38
1970-1979       39      0.00237  0.00237  0.50   93769     222   93658  3137148  33.46
1970-1979       40      0.00267  0.00267  0.50   93547     250   93422  3043490  32.53
1970-1979       41      0.00287  0.00287  0.50   93297     268   93163  2950068  31.62
1970-1979       42      0.00315  0.00315  0.50   93029     293   92883  2856905  30.71
1970-1979       43      0.00353  0.00353  0.50   92736     327   92573  2764022  29.81
1970-1979       44      0.00400  0.00399  0.50   92409     369   92224  2671450  28.91
1970-1979       45      0.00437  0.00436  0.50   92040     401   91839  2579225  28.02
1970-1979       46      0.00497  0.00496  0.50   91639     454   91412  2487386  27.14
1970-1979       47      0.00548  0.00546  0.50   91185     498   90936  2395975  26.28
1970-1979       48      0.00640  0.00638  0.50   90687     578   90397  2305039  25.42
1970-1979       49      0.00699  0.00697  0.50   90108     628   89794  2214642  24.58
1970-1979       50      0.00725  0.00723  0.50   89480     647   89157  2124847  23.75
1970-1979       51      0.00800  0.00797  0.50   88834     708   88480  2035690  22.92
1970-1979       52      0.00916  0.00912  0.50   88126     804   87724  1947210  22.10
1970-1979       53      0.01026  0.01020  0.50   87322     891   86877  1859486  21.29
1970-1979       54      0.01127  0.01121  0.50   86431     969   85947  1772610  20.51
1970-1979       55      0.01234  0.01226  0.50   85462    1048   84938  1686663  19.74
1970-1979       56      0.01401  0.01392  0.50   84414    1175   83827  1601725  18.97
1970-1979       57      0.01490  0.01479  0.50   83240    1231   82624  1517898  18.24
1970-1979       58      0.01659  0.01646  0.50   82009    1350   81334  1435273  17.50
1970-1979       59      0.01887  0.01870  0.50   80659    1508   79905  1353940  16.79
1970-1979       60      0.02088  0.02067  0.50   79151    1636   78333  1274034  16.10
1970-1979       61      0.02141  0.02119  0.50   77515    1642   76694  1195701  15.43
1970-1979       62      0.02375  0.02348  0.50   75873    1781   74982  1119008  14.75
1970-1979       63      0.02728  0.02691  0.50   74092    1994   73095  1044025  14.09
1970-1979       64      0.03084  0.03037  0.50   72098    2190   71003   970931  13.47
1970-1979       65      0.03380  0.03324  0.50   69908    2324   68746   899928  12.87
1970-1979       66      0.03430  0.03372  0.50   67584    2279   66444   831182  12.30
1970-1979       67      0.03672  0.03606  0.50   65305    2355   64127   764738  11.71
1970-1979       68      0.04148  0.04064  0.50   62950    2558   61671   700611  11.13
1970-1979       69      0.04703  0.04595  0.50   60392    2775   59004   638940  10.58
1970-1979       70      0.04902  0.04785  0.50   57617    2757   56238   579936  10.07
1970-1979       71      0.05367  0.05227  0.50   54860    2867   53426   523697   9.55
1970-1979       72      0.06138  0.05955  0.50   51993    3096   50445   470271   9.04
1970-1979       73      0.06812  0.06588  0.50   48897    3221   47286   419826   8.59
1970-1979       74      0.07415  0.07150  0.50   45675    3266   44042   372540   8.16
1970-1979       75      0.07889  0.07590  0.50   42410    3219   40800   328498   7.75
1970-1979       76      0.08662  0.08303  0.50   39191    3254   37564   287698   7.34
1970-1979       77      0.08862  0.08486  0.50   35937    3050   34412   250134   6.96
1970-1979       78      0.10178  0.09686  0.50   32887    3185   31295   215722   6.56
1970-1979       79      0.11201  0.10607  0.50   29702    3150   28127   184427   6.21
1970-1979       80      0.11455  0.10835  0.50   26552    2877   25113   156300   5.89
1970-1979       81      0.11716  0.11068  0.50   23675    2620   22365   131187   5.54
1970-1979       82      0.13898  0.12995  0.50   21055    2736   19687   108822   5.17
1970-1979       83      0.15132  0.14068  0.50   18319    2577   17030    89135   4.87
1970-1979       84      0.16991  0.15660  0.50   15742    2465   14509    72105   4.58
1970-1979       85      0.17511  0.16102  0.50   13276    2138   12208    57596   4.34
1970-1979       86      0.19593  0.17844  0.50   11139    1988   10145    45389   4.07
1970-1979       87      0.21019  0.19020  0.50    9151    1741    8281    35244   3.85
1970-1979       88      0.22789  0.20458  0.50    7411    1516    6653    26963   3.64
1970-1979       89      0.24320  0.21683  0.50    5894    1278    5255    20311   3.45
1970-1979       90      0.26551  0.23439  0.50    4616    1082    4075    15055   3.26
1970-1979       91      0.26034  0.23036  0.50    3534     814    3127    10980   3.11
1970-1979       92      0.31276  0.27046  0.50    2720     736    2352     7853   2.89
1970-1979       93      0.30268  0.26289  0.50    1984     522    1724     5500   2.77
1970-1979       94      0.33030  0.28349  0.50    1463     415    1255     3777   2.58
1970-1979       95      0.37414  0.31518  0.50    1048     330     883     2521   2.41
1970-1979       96      0.39840  0.33222  0.50     718     238     599     1638   2.28
1970-1979       97      0.42317  0.34927  0.50     479     167     396     1040   2.17
1970-1979       98      0.44834  0.36624  0.50     312     114     255      644   2.07
1970-1979       99      0.47377  0.38303  0.50     198      76     160      389   1.97
1970-1979      100      0.49934  0.39958  0.50     122      49      98      230   1.88
1970-1979      101      0.52491  0.41579  0.50      73      30      58      132   1.80
1970-1979      102      0.55035  0.43159  0.50      43      18      34       74   1.73
1970-1979      103      0.57553  0.44692  0.50      24      11      19       40   1.66
1970-1979      104      0.60033  0.46173  0.50      13       6      10       22   1.60
1970-1979      105      0.62462  0.47597  0.50       7       3       6       11   1.55
1970-1979      106      0.64830  0.48960  0.50       4       2       3        6   1.50
1970-1979      107      0.67127  0.50259  0.50       2       1       1        3   1.45
1970-1979      108      0.69346  0.51492  0.50       1       0       1        1   1.41
1970-1979      109      0.71478  0.52658  0.50       0       0       0        1   1.38
1970-1979      110+     0.73518  1.00000  1.36       0       0       0        0   1.36
1980-1989        0      0.01276  0.01262  0.12  100000    1262   98894  7097806  70.98
1980-1989        1      0.00109  0.00109  0.50   98738     108   98684  6998912  70.88
1980-1989        2      0.00072  0.00072  0.50   98630      71   98595  6900228  69.96
1980-1989        3      0.00057  0.00057  0.50   98559      56   98531  6801633  69.01
1980-1989        4      0.00044  0.00044  0.50   98503      44   98482  6703102  68.05
1980-1989        5      0.00040  0.00040  0.50   98460      40   98440  6604620  67.08
1980-1989        6      0.00036  0.00036  0.50   98420      35   98403  6506180  66.11
1980-1989        7      0.00029  0.00029  0.50   98385      29   98371  6407778  65.13
1980-1989        8      0.00029  0.00029  0.50   98356      29   98342  6309407  64.15
1980-1989        9      0.00031  0.00031  0.50   98328      31   98312  6211065  63.17
1980-1989       10      0.00026  0.00026  0.50   98297      26   98284  6112753  62.19
1980-1989       11      0.00030  0.00030  0.50   98271      29   98256  6014469  61.20
1980-1989       12      0.00031  0.00031  0.50   98242      30   98226  5916213  60.22
1980-1989       13      0.00038  0.00038  0.50   98211      38   98193  5817987  59.24
1980-1989       14      0.00054  0.00054  0.50   98174      53   98147  5719794  58.26
1980-1989       15      0.00083  0.00083  0.50   98120      81   98080  5621647  57.29
1980-1989       16      0.00100  0.00100  0.50   98039      98   97990  5523567  56.34
1980-1989       17      0.00150  0.00150  0.50   97941     147   97867  5425577  55.40
1980-1989       18      0.00186  0.00185  0.50   97794     181   97703  5327710  54.48
1980-1989       19      0.00193  0.00192  0.50   97612     188   97518  5230007  53.58
1980-1989       20      0.00194  0.00193  0.50   97425     188   97330  5132488  52.68
1980-1989       21      0.00198  0.00198  0.50   97236     192   97140  5035158  51.78
1980-1989       22      0.00172  0.00172  0.50   97044     167   96960  4938018  50.88
1980-1989       23      0.00178  0.00178  0.50   96877     173   96790  4841058  49.97
1980-1989       24      0.00167  0.00167  0.50   96704     161   96623  4744267  49.06
1980-1989       25      0.00163  0.00163  0.50   96543     157   96464  4647644  48.14
1980-1989       26      0.00147  0.00147  0.50   96386     142   96315  4551180  47.22
1980-1989       27      0.00161  0.00161  0.50   96244     155   96167  4454865  46.29
1980-1989       28      0.00136  0.00136  0.50   96089     131   96024  4358698  45.36
1980-1989       29      0.00133  0.00132  0.50   95959     127   95895  4262674  44.42
1980-1989       30      0.00150  0.00150  0.50   95831     144   95760  4166779  43.48
1980-1989       31      0.00142  0.00142  0.50   95688     136   95620  4071020  42.54
1980-1989       32      0.00131  0.00131  0.50   95552     125   95489  3975400  41.60
1980-1989       33      0.00135  0.00135  0.50   95427     129   95362  3879911  40.66
1980-1989       34      0.00153  0.00152  0.50   95298     145   95225  3784549  39.71
1980-1989       35      0.00140  0.00140  0.50   95152     133   95086  3689324  38.77
1980-1989       36      0.00150  0.00150  0.50   95019     143   94948  3594238  37.83
1980-1989       37      0.00167  0.00167  0.50   94876     159   94797  3499290  36.88
1980-1989       38      0.00188  0.00188  0.50   94718     178   94629  3404493  35.94
1980-1989       39      0.00176  0.00176  0.50   94539     166   94456  3309865  35.01
1980-1989       40      0.00206  0.00206  0.50   94373     195   94276  3215408  34.07
1980-1989       41      0.00230  0.00230  0.50   94179     217   94070  3121132  33.14
1980-1989       42      0.00250  0.00250  0.50   93962     235   93845  3027062  32.22
1980-1989       43      0.00293  0.00293  0.50   93727     275   93590  2933217  31.30
1980-1989       44      0.00306  0.00306  0.50   93453     286   93310  2839627  30.39
1980-1989       45      0.00323  0.00322  0.50   93167     300   93017  2746317  29.48
1980-1989       46      0.00380  0.00380  0.50   92867     353   92690  2653300  28.57
1980-1989       47      0.00433  0.00432  0.50   92514     400   92314  2560610  27.68
1980-1989       48      0.00462  0.00461  0.50   92114     425   91902  2468296  26.80
1980-1989       49      0.00528  0.00527  0.50   91690     483   91448  2376394  25.92
1980-1989       50      0.00608  0.00606  0.50   91207     553   90930  2284945  25.05
1980-1989       51      0.00640  0.00638  0.50   90654     578   90364  2194015  24.20
1980-1989       52      0.00753  0.00750  0.50   90075     676   89737  2103651  23.35
1980-1989       53      0.00813  0.00810  0.50   89400     724   89038  2013913  22.53
1980-1989       54      0.00905  0.00901  0.50   88675     799   88276  1924876  21.71
1980-1989       55      0.00997  0.00992  0.50   87876     872   87440  1836600  20.90
1980-1989       56      0.01163  0.01156  0.50   87004    1006   86501  1749160  20.10
1980-1989       57      0.01256  0.01248  0.50   85998    1074   85462  1662658  19.33
1980-1989       58      0.01408  0.01398  0.50   84925    1187   84331  1577197  18.57
1980-1989       59      0.01518  0.01506  0.50   83738    1261   83107  1492865  17.83
1980-1989       60      0.01745  0.01730  0.50   82476    1427   81763  1409758  17.09
1980-1989       61      0.01802  0.01786  0.50   81050    1447   80326  1327995  16.38
1980-1989       62      0.02076  0.02054  0.50   79603    1635   78785  1247669  15.67
1980-1989       63      0.02281  0.02255  0.50   77967    1758   77088  1168884  14.99
1980-1989       64      0.02504  0.02473  0.50   76209    1884   75267  1091795  14.33
1980-1989       65      0.02757  0.02720  0.50   74325    2021   73314  1016528  13.68
1980-1989       66      0.03002  0.02958  0.50   72304    2139   71234   943214  13.05
1980-1989       67      0.03366  0.03311  0.50   70165    2323   69003   871980  12.43
1980-1989       68      0.03674  0.03608  0.50   67842    2448   66618   802977  11.84
1980-1989       69      0.03933  0.03857  0.50   65394    2523   64133   736358  11.26
1980-1989       70      0.04224  0.04136  0.50   62872    2601   61571   672226  10.69
1980-1989       71      0.04756  0.04646  0.50   60271    2800   58871   610654  10.13
1980-1989       72      0.05358  0.05218  0.50   57471    2999   55971   551783   9.60
1980-1989       73      0.05845  0.05679  0.50   54472    3093   52925   495812   9.10
1980-1989       74      0.06361  0.06165  0.50   51379    3168   49795   442887   8.62
1980-1989       75      0.07072  0.06831  0.50   48211    3293   46564   393092   8.15
1980-1989       76      0.07753  0.07464  0.50   44918    3353   43241   346527   7.71
1980-1989       77      0.08403  0.08065  0.50   41565    3352   39889   303286   7.30
1980-1989       78      0.09214  0.08808  0.50   38213    3366   36530   263397   6.89
1980-1989       79      0.09862  0.09399  0.50   34847    3275   33210   226866   6.51
1980-1989       80      0.11222  0.10626  0.50   31572    3355   29895   193657   6.13
1980-1989       81      0.11868  0.11203  0.50   28217    3161   26637   163762   5.80
1980-1989       82      0.12939  0.12153  0.50   25056    3045   23533   137125   5.47
1980-1989       83      0.13627  0.12758  0.50   22011    2808   20607   113592   5.16
1980-1989       84      0.14660  0.13659  0.50   19203    2623   17891    92985   4.84
1980-1989       85      0.16726  0.15435  0.50   16580    2559   15300    75094   4.53
1980-1989       86      0.17802  0.16347  0.50   14021    2292   12875    59793   4.26
1980-1989       87      0.20642  0.18711  0.50   11729    2195   10632    46919   4.00
1980-1989       88      0.21578  0.19476  0.50    9534    1857    8606    36287   3.81
1980-1989       89      0.21848  0.19697  0.50    7677    1512    6921    27681   3.61
1980-1989       90      0.24798  0.22062  0.50    6165    1360    5485    20760   3.37
1980-1989       91      0.26104  0.23090  0.50    4805    1109    4250    15275   3.18
1980-1989       92      0.28010  0.24569  0.50    3696     908    3242    11025   2.98
1980-1989       93      0.32751  0.28143  0.50    2788     784    2395     7783   2.79
1980-1989       94      0.32906  0.28257  0.50    2003     566    1720     5388   2.69
1980-1989       95      0.34955  0.29755  0.50    1437     428    1223     3668   2.55
1980-1989       96      0.37237  0.31392  0.50    1009     317     851     2445   2.42
1980-1989       97      0.39577  0.33039  0.50     693     229     578     1594   2.30
1980-1989       98      0.41966  0.34688  0.50     464     161     383     1016   2.19
1980-1989       99      0.44393  0.36330  0.50     303     110     248      632   2.09
1980-1989      100      0.46848  0.37957  0.50     193      73     156      384   1.99
1980-1989      101      0.49317  0.39562  0.50     120      47      96      228   1.91
1980-1989      102      0.51790  0.41138  0.50      72      30      57      132   1.83
1980-1989      103      0.54255  0.42677  0.50      43      18      33       75   1.75
1980-1989      104      0.56698  0.44175  0.50      24      11      19       41   1.69
1980-1989      105      0.59110  0.45625  0.50      14       6      11       22   1.63
1980-1989      106      0.61478  0.47023  0.50       7       3       6       12   1.57
1980-1989      107      0.63793  0.48366  0.50       4       2       3        6   1.52
1980-1989      108      0.66046  0.49650  0.50       2       1       2        3   1.48
1980-1989      109      0.68229  0.50873  0.50       1       1       1        1   1.44
1980-1989      110+     0.70334  1.00000  1.42       1       1       1        1   1.42
1990-1999        0      0.00772  0.00767  0.13  100000     767   99336  7406675  74.07
1990-1999        1      0.00075  0.00075  0.50   99233      74   99196  7307340  73.64
1990-1999        2      0.00048  0.00048  0.50   99159      47   99135  7208144  72.69
1990-1999        3      0.00037  0.00037  0.50   99111      37   99093  7109009  71.73
1990-1999        4      0.00030  0.00030  0.50   99074      30   99059  7009917  70.75
1990-1999        5      0.00023  0.00023  0.50   99044      23   99033  6910857  69.78
1990-1999        6      0.00023  0.00023  0.50   99022      23   99010  6811824  68.79
1990-1999        7      0.00023  0.00023  0.50   98999      23   98988  6712814  67.81
1990-1999        8      0.00022  0.00022  0.50   98976      22   98966  6613827  66.82
1990-1999        9      0.00017  0.00017  0.50   98955      17   98946  6514861  65.84
1990-1999       10      0.00022  0.00022  0.50   98938      22   98927  6415915  64.85
1990-1999       11      0.00022  0.00022  0.50   98916      22   98905  6316987  63.86
1990-1999       12      0.00027  0.00027  0.50   98894      26   98881  6218082  62.88
1990-1999       13      0.00027  0.00027  0.50   98868      27   98854  6119201  61.89
1990-1999       14      0.00043  0.00043  0.50   98841      42   98820  6020347  60.91
1990-1999       15      0.00057  0.00057  0.50   98799      56   98771  5921527  59.94
1990-1999       16      0.00102  0.00102  0.50   98743     101   98692  5822756  58.97
1990-1999       17      0.00123  0.00123  0.50   98642     121   98581  5724064  58.03
1990-1999       18      0.00142  0.00142  0.50   98520     140   98450  5625483  57.10
1990-1999       19      0.00159  0.00159  0.50   98380     156   98302  5527033  56.18
1990-1999       20      0.00175  0.00175  0.50   98224     172   98138  5428731  55.27
1990-1999       21      0.00160  0.00160  0.50   98052     156   97974  5330593  54.36
1990-1999       22      0.00149  0.00148  0.50   97896     145   97823  5232619  53.45
1990-1999       23      0.00155  0.00155  0.50   97750     151   97675  5134796  52.53
1990-1999       24      0.00160  0.00160  0.50   97599     156   97521  5037122  51.61
1990-1999       25      0.00160  0.00160  0.50   97443     156   97365  4939600  50.69
1990-1999       26      0.00145  0.00145  0.50   97288     141   97217  4842235  49.77
1990-1999       27      0.00141  0.00141  0.50   97147     137   97078  4745018  48.84
1990-1999       28      0.00149  0.00149  0.50   97009     144   96937  4647940  47.91
1990-1999       29      0.00134  0.00134  0.50   96865     130   96800  4551003  46.98
1990-1999       30      0.00129  0.00129  0.50   96735     124   96673  4454203  46.05
1990-1999       31      0.00130  0.00130  0.50   96611     125   96548  4357529  45.10
1990-1999       32      0.00133  0.00132  0.50   96485     128   96422  4260981  44.16
1990-1999       33      0.00123  0.00123  0.50   96358     118   96299  4164560  43.22
1990-1999       34      0.00137  0.00137  0.50   96239     132   96173  4068261  42.27
1990-1999       35      0.00142  0.00142  0.50   96108     136   96039  3972088  41.33
1990-1999       36      0.00145  0.00145  0.50   95971     139   95902  3876048  40.39
1990-1999       37      0.00157  0.00157  0.50   95833     150   95758  3780146  39.45
1990-1999       38      0.00163  0.00163  0.50   95682     156   95605  3684389  38.51
1990-1999       39      0.00168  0.00168  0.50   95527     161   95446  3588784  37.57
1990-1999       40      0.00184  0.00183  0.50   95366     175   95279  3493338  36.63
1990-1999       41      0.00174  0.00174  0.50   95191     166   95108  3398059  35.70
1990-1999       42      0.00208  0.00208  0.50   95025     197   94927  3302951  34.76
1990-1999       43      0.00230  0.00230  0.50   94828     218   94719  3208024  33.83
1990-1999       44      0.00224  0.00224  0.50   94609     212   94504  3113306  32.91
1990-1999       45      0.00244  0.00244  0.50   94398     230   94282  3018802  31.98
1990-1999       46      0.00280  0.00280  0.50   94167     263   94035  2924520  31.06
1990-1999       47      0.00311  0.00311  0.50   93904     292   93758  2830484  30.14
1990-1999       48      0.00349  0.00349  0.50   93612     326   93449  2736727  29.23
1990-1999       49      0.00374  0.00374  0.50   93285     349   93111  2643278  28.34
1990-1999       50      0.00401  0.00400  0.50   92937     372   92751  2550167  27.44
1990-1999       51      0.00460  0.00459  0.50   92565     425   92353  2457416  26.55
1990-1999       52      0.00543  0.00541  0.50   92140     499   91891  2365063  25.67
1990-1999       53      0.00594  0.00592  0.50   91641     543   91370  2273173  24.81
1990-1999       54      0.00692  0.00689  0.50   91099     628   90785  2181803  23.95
1990-1999       55      0.00748  0.00745  0.50   90471     674   90134  2091018  23.11
1990-1999       56      0.00825  0.00821  0.50   89796     737   89428  2000885  22.28
1990-1999       57      0.00866  0.00863  0.50   89059     768   88675  1911457  21.46
1990-1999       58      0.00977  0.00972  0.50   88291     859   87861  1822782  20.65
1990-1999       59      0.01130  0.01124  0.50   87432     982   86941  1734921  19.84
1990-1999       60      0.01266  0.01258  0.50   86450    1087   85906  1647980  19.06
1990-1999       61      0.01314  0.01305  0.50   85362    1114   84805  1562074  18.30
1990-1999       62      0.01511  0.01499  0.50   84248    1263   83616  1477269  17.53
1990-1999       63      0.01671  0.01657  0.50   82985    1375   82297  1393652  16.79
1990-1999       64      0.01924  0.01906  0.50   81610    1555   80832  1311355  16.07
1990-1999       65      0.02058  0.02037  0.50   80054    1631   79239  1230523  15.37
1990-1999       66      0.02257  0.02232  0.50   78424    1750   77548  1151284  14.68
1990-1999       67      0.02478  0.02448  0.50   76673    1877   75735  1073736  14.00
1990-1999       68      0.02750  0.02712  0.50   74796    2029   73782   998001  13.34
1990-1999       69      0.03080  0.03033  0.50   72767    2207   71664   924220  12.70
1990-1999       70      0.03319  0.03265  0.50   70560    2304   69408   852556  12.08
1990-1999       71      0.03636  0.03571  0.50   68257    2437   67038   783147  11.47
1990-1999       72      0.03981  0.03903  0.50   65819    2569   64535   716109  10.88
1990-1999       73      0.04449  0.04352  0.50   63250    2753   61874   651575  10.30
1990-1999       74      0.04844  0.04730  0.50   60498    2861   59067   589701   9.75
1990-1999       75      0.05396  0.05254  0.50   57636    3028   56122   530634   9.21
1990-1999       76      0.06037  0.05860  0.50   54608    3200   53008   474511   8.69
1990-1999       77      0.06428  0.06227  0.50   51408    3201   49807   421503   8.20
1990-1999       78      0.07064  0.06823  0.50   48206    3289   46562   371696   7.71
1990-1999       79      0.08113  0.07797  0.50   44917    3502   43166   325134   7.24
1990-1999       80      0.09117  0.08719  0.50   41415    3611   39610   281968   6.81
1990-1999       81      0.09685  0.09238  0.50   37804    3492   36058   242359   6.41
1990-1999       82      0.10930  0.10364  0.50   34312    3556   32534   206301   6.01
1990-1999       83      0.12040  0.11356  0.50   30756    3493   29009   173767   5.65
1990-1999       84      0.13021  0.12225  0.50   27263    3333   25596   144758   5.31
1990-1999       85      0.14535  0.13550  0.50   23930    3243   22309   119161   4.98
1990-1999       86      0.15754  0.14604  0.50   20687    3021   19177    96853   4.68
1990-1999       87      0.17757  0.16309  0.50   17666    2881   16226    77676   4.40
1990-1999       88      0.17664  0.16231  0.50   14785    2400   13585    61450   4.16
1990-1999       89      0.19978  0.18164  0.50   12385    2250   11260    47865   3.86
1990-1999       90      0.21713  0.19587  0.50   10136    1985    9143    36605   3.61
1990-1999       91      0.23872  0.21327  0.50    8150    1738    7281    27462   3.37
1990-1999       92      0.27863  0.24456  0.50    6412    1568    5628    20181   3.15
1990-1999       93      0.28162  0.24686  0.50    4844    1196    4246    14553   3.00
1990-1999       94      0.30401  0.26390  0.50    3648     963    3167    10306   2.83
1990-1999       95      0.32948  0.28288  0.50    2685     760    2306     7140   2.66
1990-1999       96      0.35359  0.30047  0.50    1926     579    1636     4834   2.51
1990-1999       97      0.37847  0.31825  0.50    1347     429    1133     3197   2.37
1990-1999       98      0.40401  0.33611  0.50     918     309     764     2065   2.25
1990-1999       99      0.43008  0.35396  0.50     610     216     502     1301   2.13
1990-1999      100      0.45655  0.37170  0.50     394     146     321      799   2.03
1990-1999      101      0.48326  0.38921  0.50     247      96     199      478   1.93
1990-1999      102      0.51006  0.40641  0.50     151      61     120      279   1.84
1990-1999      103      0.53681  0.42322  0.50      90      38      71      158   1.76
1990-1999      104      0.56335  0.43954  0.50      52      23      40       88   1.69
1990-1999      105      0.58953  0.45532  0.50      29      13      22       47   1.63
1990-1999      106      0.61522  0.47049  0.50      16       7      12       25   1.57
1990-1999      107      0.64028  0.48501  0.50       8       4       6       13   1.51
1990-1999      108      0.66459  0.49883  0.50       4       2       3        6   1.47
1990-1999      109      0.68806  0.51194  0.50       2       1       2        3   1.43
1990-1999      110+     0.71061  1.00000  1.41       1       1       1        1   1.41
2000-2009        0      0.00577  0.00574  0.14  100000     574   99505  7740313  77.40
2000-2009        1      0.00060  0.00060  0.50   99426      59   99397  7640808  76.85
2000-2009        2      0.00031  0.00031  0.50   99367      31   99351  7541411  75.89
2000-2009        3      0.00024  0.00024  0.50   99336      24   99324  7442059  74.92
2000-2009        4      0.00020  0.00020  0.50   99312      20   99302  7342735  73.94
2000-2009        5      0.00016  0.00016  0.50   99292      16   99284  7243433  72.95
2000-2009        6      0.00013  0.00013  0.50   99276      13   99270  7144149  71.96
2000-2009        7      0.00017  0.00017  0.50   99263      16   99255  7044879  70.97
2000-2009        8      0.00009  0.00009  0.50   99247       9   99242  6945624  69.98
2000-2009        9      0.00016  0.00016  0.50   99238      15   99230  6846382  68.99
2000-2009       10      0.00011  0.00011  0.50   99222      11   99217  6747152  68.00
2000-2009       11      0.00015  0.00015  0.50   99211      15   99204  6647935  67.01
2000-2009       12      0.00020  0.00020  0.50   99196      20   99186  6548732  66.02
2000-2009       13      0.00024  0.00024  0.50   99176      24   99164  6449545  65.03
2000-2009       14      0.00036  0.00036  0.50   99152      35   99135  6350381  64.05
2000-2009       15      0.00046  0.00046  0.50   99117      46   99094  6251246  63.07
2000-2009       16      0.00075  0.00075  0.50   99071      74   99034  6152152  62.10
2000-2009       17      0.00098  0.00098  0.50   98997      97   98949  6053118  61.14
2000-2009       18      0.00108  0.00108  0.50   98900     107   98847  5954170  60.20
2000-2009       19      0.00099  0.00099  0.50   98793      98   98744  5855323  59.27
2000-2009       20      0.00105  0.00105  0.50   98695     104   98643  5756579  58.33
2000-2009       21      0.00106  0.00106  0.50   98591     105   98539  5657936  57.39
2000-2009       22      0.00110  0.00110  0.50   98487     108   98433  5559397  56.45
2000-2009       23      0.00098  0.00098  0.50   98378      97   98330  5460965  55.51
2000-2009       24      0.00099  0.00099  0.50   98282      97   98233  5362634  54.56
2000-2009       25      0.00106  0.00106  0.50   98184     104   98132  5264401  53.62
2000-2009       26      0.00095  0.00095  0.50   98080      93   98033  5166269  52.67
2000-2009       27      0.00096  0.00096  0.50   97987      94   97940  5068236  51.72
2000-2009       28      0.00101  0.00101  0.50   97893      99   97844  4970296  50.77
2000-2009       29      0.00109  0.00109  0.50   97795     106   97741  4872452  49.82
2000-2009       30      0.00104  0.00104  0.50   97688     102   97637  4774711  48.88
2000-2009       31      0.00094  0.00094  0.50   97587      92   97541  4677073  47.93
2000-2009       32      0.00127  0.00127  0.50   97495     124   97433  4579533  46.97
2000-2009       33      0.00114  0.00114  0.50   97371     111   97315  4482100  46.03
2000-2009       34      0.00117  0.00117  0.50   97260     114   97203  4384785  45.08
2000-2009       35      0.00118  0.00118  0.50   97146     115   97089  4287582  44.14
2000-2009       36      0.00123  0.00123  0.50   97031     119   96972  4190493  43.19
2000-2009       37      0.00138  0.00138  0.50   96912     133   96846  4093522  42.24
2000-2009       38      0.00135  0.00135  0.50   96779     131   96714  3996676  41.30
2000-2009       39      0.00138  0.00138  0.50   96648     134   96582  3899962  40.35
2000-2009       40      0.00157  0.00157  0.50   96515     152   96439  3803381  39.41
2000-2009       41      0.00159  0.00159  0.50   96363     153   96286  3706942  38.47
2000-2009       42      0.00164  0.00164  0.50   96210     158   96131  3610655  37.53
2000-2009       43      0.00191  0.00191  0.50   96052     183   95960  3514525  36.59
2000-2009       44      0.00197  0.00197  0.50   95868     189   95774  3418565  35.66
2000-2009       45      0.00230  0.00230  0.50   95680     220   95569  3322791  34.73
2000-2009       46      0.00230  0.00230  0.50   95459     219   95350  3227221  33.81
2000-2009       47      0.00248  0.00248  0.50   95240     236   95122  3131872  32.88
2000-2009       48      0.00269  0.00269  0.50   95004     255   94876  3036750  31.96
2000-2009       49      0.00303  0.00303  0.50   94749     287   94605  2941873  31.05
2000-2009       50      0.00321  0.00320  0.50   94462     303   94311  2847268  30.14
2000-2009       51      0.00374  0.00373  0.50   94159     351   93984  2752957  29.24
2000-2009       52      0.00389  0.00388  0.50   93808     364   93626  2658974  28.34
2000-2009       53      0.00430  0.00429  0.50   93444     401   93244  2565347  27.45
2000-2009       54      0.00463  0.00462  0.50   93043     430   92828  2472104  26.57
2000-2009       55      0.00535  0.00534  0.50   92613     494   92366  2379276  25.69
2000-2009       56      0.00564  0.00562  0.50   92119     518   91860  2286910  24.83
2000-2009       57      0.00605  0.00603  0.50   91601     553   91325  2195050  23.96
2000-2009       58      0.00642  0.00640  0.50   91048     582   90757  2103725  23.11
2000-2009       59      0.00788  0.00785  0.50   90466     710   90111  2012968  22.25
2000-2009       60      0.00815  0.00812  0.50   89756     729   89392  1922857  21.42
2000-2009       61      0.00953  0.00948  0.50   89028     844   88605  1833465  20.59
2000-2009       62      0.01032  0.01027  0.50   88183     906   87730  1744860  19.79
2000-2009       63      0.01106  0.01100  0.50   87277     960   86797  1657129  18.99
2000-2009       64      0.01247  0.01239  0.50   86317    1069   85782  1570332  18.19
2000-2009       65      0.01429  0.01419  0.50   85248    1210   84643  1484550  17.41
2000-2009       66      0.01506  0.01495  0.50   84038    1256   83410  1399907  16.66
2000-2009       67      0.01686  0.01672  0.50   82781    1384   82089  1316497  15.90
2000-2009       68      0.01925  0.01906  0.50   81397    1552   80621  1234408  15.17
2000-2009       69      0.02086  0.02064  0.50   79846    1648   79022  1153787  14.45
2000-2009       70      0.02327  0.02300  0.50   78198    1799   77298  1074765  13.74
2000-2009       71      0.02664  0.02629  0.50   76399    2009   75394   997467  13.06
2000-2009       72      0.02854  0.02813  0.50   74390    2093   73344   922072  12.40
2000-2009       73      0.03170  0.03120  0.50   72297    2256   71169   848729  11.74
2000-2009       74      0.03523  0.03462  0.50   70041    2425   68829   777559  11.10
2000-2009       75      0.03764  0.03694  0.50   67616    2498   66367   708730  10.48
2000-2009       76      0.04360  0.04267  0.50   65118    2778   63729   642363   9.86
2000-2009       77      0.04757  0.04646  0.50   62340    2896   60892   578634   9.28
2000-2009       78      0.05391  0.05250  0.50   59444    3121   57883   517742   8.71
2000-2009       79      0.06105  0.05925  0.50   56323    3337   54655   459858   8.16
2000-2009       80      0.06845  0.06619  0.50   52986    3507   51233   405204   7.65
2000-2009       81      0.07467  0.07198  0.50   49479    3562   47698   353971   7.15
2000-2009       82      0.08461  0.08118  0.50   45917    3727   44054   306273   6.67
2000-2009       83      0.09506  0.09075  0.50   42190    3829   40276   262219   6.22
2000-2009       84      0.10592  0.10060  0.50   38361    3859   36432   221944   5.79
2000-2009       85      0.11866  0.11202  0.50   34502    3865   32570   185512   5.38
2000-2009       86      0.13378  0.12540  0.50   30637    3842   28717   152942   4.99
2000-2009       87      0.14751  0.13737  0.50   26796    3681   24955   124225   4.64
2000-2009       88      0.16867  0.15555  0.50   23115    3595   21317    99270   4.29
2000-2009       89      0.18760  0.17151  0.50   19519    3348   17845    77953   3.99
2000-2009       90      0.20983  0.18991  0.50   16171    3071   14636    60108   3.72
2000-2009       91      0.23033  0.20655  0.50   13100    2706   11747    45472   3.47
2000-2009       92      0.24395  0.21743  0.50   10395    2260    9264    33725   3.24
2000-2009       93      0.27983  0.24549  0.50    8134    1997    7136    24460   3.01
2000-2009       94      0.29401  0.25633  0.50    6138    1573    5351    17324   2.82
2000-2009       95      0.32746  0.28139  0.50    4564    1284    3922    11973   2.62
2000-2009       96      0.35613  0.30230  0.50    3280     992    2784     8051   2.45
2000-2009       97      0.38588  0.32347  0.50    2288     740    1918     5267   2.30
2000-2009       98      0.41649  0.34471  0.50    1548     534    1281     3348   2.16
2000-2009       99      0.44777  0.36586  0.50    1015     371     829     2067   2.04
2000-2009      100      0.47947  0.38675  0.50     643     249     519     1238   1.92
2000-2009      101      0.51133  0.40722  0.50     395     161     314      719   1.82
2000-2009      102      0.54310  0.42712  0.50     234     100     184      405   1.73
2000-2009      103      0.57452  0.44631  0.50     134      60     104      221   1.65
2000-2009      104      0.60535  0.46470  0.50      74      34      57      117   1.58
2000-2009      105      0.63537  0.48219  0.50      40      19      30       60   1.51
2000-2009      106      0.66437  0.49871  0.50      21      10      15       30   1.45
2000-2009      107      0.69218  0.51422  0.50      10       5       8       14   1.40
2000-2009      108      0.71866  0.52869  0.50       5       3       4        7   1.36
2000-2009      109      0.74371  0.54212  0.50       2       1       2        3   1.33
2000-2009      110+     0.76725  1.00000  1.30       1       1       1        1   1.30
2010-2013        0      0.00503  0.00501  0.14  100000     501   99569  7934257  79.34
2010-2013        1      0.00041  0.00041  0.50   99499      41   99479  7834689  78.74
2010-2013        2      0.00031  0.00031  0.50   99458      30   99443  7735210  77.77
2010-2013        3      0.00015  0.00015  0.50   99428      15   99420  7635767  76.80
2010-2013        4      0.00014  0.00014  0.50   99413      14   99406  7536346  75.81
2010-2013        5      0.00009  0.00009  0.50   99399       9   99394  7436940  74.82
2010-2013        6      0.00009  0.00009  0.50   99390       9   99385  7337546  73.83
2010-2013        7      0.00008  0.00008  0.50   99381       8   99377  7238160  72.83
2010-2013        8      0.00006  0.00006  0.50   99373       6   99370  7138784  71.84
2010-2013        9      0.00008  0.00008  0.50   99367       8   99363  7039414  70.84
2010-2013       10      0.00015  0.00015  0.50   99358      15   99351  6940051  69.85
2010-2013       11      0.00013  0.00013  0.50   99344      13   99337  6840700  68.86
2010-2013       12      0.00014  0.00014  0.50   99331      14   99324  6741363  67.87
2010-2013       13      0.00015  0.00015  0.50   99317      15   99309  6642039  66.88
2010-2013       14      0.00018  0.00018  0.50   99302      18   99293  6542730  65.89
2010-2013       15      0.00046  0.00046  0.50   99284      46   99261  6443437  64.90
2010-2013       16      0.00060  0.00060  0.50   99238      59   99208  6344177  63.93
2010-2013       17      0.00071  0.00071  0.50   99179      70   99144  6244968  62.97
2010-2013       18      0.00091  0.00091  0.50   99108      90   99063  6145825  62.01
2010-2013       19      0.00091  0.00091  0.50   99018      90   98973  6046762  61.07
2010-2013       20      0.00096  0.00096  0.50   98928      95   98880  5947789  60.12
2010-2013       21      0.00096  0.00096  0.50   98833      95   98785  5848908  59.18
2010-2013       22      0.00085  0.00084  0.50   98738      83   98696  5750123  58.24
2010-2013       23      0.00094  0.00094  0.50   98655      92   98608  5651426  57.28
2010-2013       24      0.00065  0.00065  0.50   98562      64   98530  5552818  56.34
2010-2013       25      0.00087  0.00087  0.50   98498      85   98456  5454288  55.37
2010-2013       26      0.00082  0.00082  0.50   98413      80   98373  5355832  54.42
2010-2013       27      0.00077  0.00077  0.50   98333      76   98295  5257459  53.47
2010-2013       28      0.00077  0.00077  0.50   98257      76   98219  5159164  52.51
2010-2013       29      0.00068  0.00067  0.50   98181      66   98147  5060946  51.55
2010-2013       30      0.00077  0.00077  0.50   98114      75   98077  4962798  50.58
2010-2013       31      0.00088  0.00088  0.50   98039      86   97996  4864722  49.62
2010-2013       32      0.00073  0.00073  0.50   97953      71   97917  4766726  48.66
2010-2013       33      0.00078  0.00078  0.50   97882      77   97844  4668808  47.70
2010-2013       34      0.00082  0.00082  0.50   97805      80   97765  4570965  46.74
2010-2013       35      0.00096  0.00096  0.50   97725      93   97678  4473200  45.77
2010-2013       36      0.00108  0.00108  0.50   97632     106   97579  4375521  44.82
2010-2013       37      0.00099  0.00099  0.50   97526      97   97478  4277943  43.86
2010-2013       38      0.00119  0.00119  0.50   97429     116   97371  4180465  42.91
2010-2013       39      0.00131  0.00131  0.50   97313     127   97249  4083094  41.96
2010-2013       40      0.00141  0.00141  0.50   97185     137   97117  3985845  41.01
2010-2013       41      0.00165  0.00164  0.50   97048     160   96969  3888728  40.07
2010-2013       42      0.00156  0.00156  0.50   96889     151   96813  3791760  39.14
2010-2013       43      0.00159  0.00159  0.50   96737     153   96661  3694947  38.20
2010-2013       44      0.00183  0.00183  0.50   96584     177   96495  3598286  37.26
2010-2013       45      0.00206  0.00206  0.50   96407     199   96308  3501791  36.32
2010-2013       46      0.00215  0.00215  0.50   96208     207   96105  3405483  35.40
2010-2013       47      0.00225  0.00225  0.50   96002     216   95893  3309378  34.47
2010-2013       48      0.00279  0.00279  0.50   95785     267   95652  3213485  33.55
2010-2013       49      0.00265  0.00264  0.50   95518     252   95392  3117833  32.64
2010-2013       50      0.00306  0.00305  0.50   95266     291   95120  3022441  31.73
2010-2013       51      0.00305  0.00305  0.50   94975     289   94830  2927321  30.82
2010-2013       52      0.00350  0.00350  0.50   94685     331   94520  2832490  29.91
2010-2013       53      0.00378  0.00377  0.50   94354     356   94176  2737971  29.02
2010-2013       54      0.00433  0.00432  0.50   93998     406   93795  2643794  28.13
2010-2013       55      0.00471  0.00470  0.50   93592     440   93372  2549999  27.25
2010-2013       56      0.00505  0.00503  0.50   93152     469   92918  2456627  26.37
2010-2013       57      0.00533  0.00531  0.50   92683     493   92437  2363710  25.50
2010-2013       58      0.00626  0.00624  0.50   92191     575   91903  2271273  24.64
2010-2013       59      0.00648  0.00646  0.50   91616     592   91320  2179370  23.79
2010-2013       60      0.00661  0.00659  0.50   91024     600   90724  2088050  22.94
2010-2013       61      0.00735  0.00732  0.50   90424     662   90093  1997326  22.09
2010-2013       62      0.00837  0.00834  0.50   89762     749   89388  1907233  21.25
2010-2013       63      0.00929  0.00925  0.50   89014     823   88602  1817845  20.42
2010-2013       64      0.00943  0.00939  0.50   88191     828   87777  1729243  19.61
2010-2013       65      0.01087  0.01081  0.50   87363     944   86891  1641466  18.79
2010-2013       66      0.01231  0.01224  0.50   86419    1058   85890  1554576  17.99
2010-2013       67      0.01327  0.01318  0.50   85361    1125   84798  1468686  17.21
2010-2013       68      0.01484  0.01473  0.50   84236    1241   83615  1383888  16.43
2010-2013       69      0.01736  0.01721  0.50   82995    1429   82280  1300272  15.67
2010-2013       70      0.01809  0.01793  0.50   81566    1463   80835  1217992  14.93
2010-2013       71      0.02148  0.02125  0.50   80103    1702   79252  1137157  14.20
2010-2013       72      0.02243  0.02219  0.50   78401    1739   77532  1057905  13.49
2010-2013       73      0.02546  0.02514  0.50   76662    1927   75698   980374  12.79
2010-2013       74      0.02840  0.02800  0.50   74734    2093   73688   904675  12.11
2010-2013       75      0.03063  0.03016  0.50   72642    2191   71546   830987  11.44
2010-2013       76      0.03492  0.03432  0.50   70451    2418   69242   759441  10.78
2010-2013       77      0.03989  0.03911  0.50   68033    2660   66703   690199  10.15
2010-2013       78      0.04405  0.04310  0.50   65372    2818   63964   623497   9.54
2010-2013       79      0.04730  0.04621  0.50   62555    2890   61110   559533   8.94
2010-2013       80      0.05558  0.05408  0.50   59664    3227   58051   498424   8.35
2010-2013       81      0.06174  0.05989  0.50   56438    3380   54748   440373   7.80
2010-2013       82      0.07179  0.06930  0.50   53058    3677   51219   385625   7.27
2010-2013       83      0.08059  0.07747  0.50   49381    3826   47468   334406   6.77
2010-2013       84      0.09065  0.08672  0.50   45555    3950   43580   286938   6.30
2010-2013       85      0.10233  0.09735  0.50   41605    4050   39579   243359   5.85
2010-2013       86      0.11252  0.10653  0.50   37554    4001   35554   203779   5.43
2010-2013       87      0.12934  0.12148  0.50   33554    4076   31516   168225   5.01
2010-2013       88      0.15745  0.14596  0.50   29477    4303   27326   136710   4.64
2010-2013       89      0.16347  0.15112  0.50   25175    3804   23273   109384   4.34
2010-2013       90      0.18409  0.16858  0.50   21371    3603   19569    86111   4.03
2010-2013       91      0.21549  0.19453  0.50   17768    3456   16040    66542   3.75
2010-2013       92      0.22102  0.19903  0.50   14312    2848   12887    50502   3.53
2010-2013       93      0.24106  0.21513  0.50   11463    2466   10230    37614   3.28
2010-2013       94      0.25309  0.22466  0.50    8997    2021    7987    27384   3.04
2010-2013       95      0.30188  0.26229  0.50    6976    1830    6061    19398   2.78
2010-2013       96      0.33061  0.28371  0.50    5146    1460    4416    13337   2.59
2010-2013       97      0.36065  0.30555  0.50    3686    1126    3123     8920   2.42
2010-2013       98      0.39183  0.32764  0.50    2560     839    2140     5797   2.26
2010-2013       99      0.42391  0.34978  0.50    1721     602    1420     3657   2.12
2010-2013      100      0.45665  0.37177  0.50    1119     416     911     2237   2.00
2010-2013      101      0.48977  0.39343  0.50     703     277     565     1326   1.89
2010-2013      102      0.52298  0.41457  0.50     426     177     338      761   1.78
2010-2013      103      0.55599  0.43505  0.50     250     109     195      423   1.69
2010-2013      104      0.58851  0.45471  0.50     141      64     109      228   1.61
2010-2013      105      0.62027  0.47344  0.50      77      36      59      119   1.54
2010-2013      106      0.65104  0.49116  0.50      40      20      31       60   1.48
2010-2013      107      0.68060  0.50779  0.50      21      10      15       29   1.42
2010-2013      108      0.70877  0.52331  0.50      10       5       7       14   1.38
2010-2013      109      0.73542  0.53770  0.50       5       3       4        6   1.34
2010-2013      110+     0.76046  1.00000  1.31       2       2       3        3   1.31
