Japan, Life tables (period 1x10), Females	Last modified: 09 Jan 2022;  Methods Protocol: v6 (2017)

  Year          Age         mx       qx    ax      lx      dx      Lx       Tx     ex
1947-1949        0      0.06757  0.06456  0.31  100000    6456   95539  5729168  57.29
1947-1949        1      0.02286  0.02260  0.50   93544    2115   92487  5633630  60.22
1947-1949        2      0.01272  0.01264  0.50   91430    1155   90852  5541143  60.61
1947-1949        3      0.00861  0.00857  0.50   90275     774   89888  5450291  60.37
1947-1949        4      0.00561  0.00560  0.50   89501     501   89250  5360403  59.89
1947-1949        5      0.00383  0.00383  0.50   89000     340   88830  5271153  59.23
1947-1949        6      0.00288  0.00288  0.50   88659     255   88532  5182323  58.45
1947-1949        7      0.00226  0.00226  0.50   88404     200   88304  5093791  57.62
1947-1949        8      0.00186  0.00186  0.50   88204     164   88122  5005487  56.75
1947-1949        9      0.00164  0.00164  0.50   88040     144   87968  4917365  55.85
1947-1949       10      0.00153  0.00153  0.50   87896     134   87829  4829396  54.94
1947-1949       11      0.00147  0.00147  0.50   87762     129   87698  4741567  54.03
1947-1949       12      0.00153  0.00153  0.50   87633     134   87566  4653870  53.11
1947-1949       13      0.00164  0.00164  0.50   87499     143   87427  4566304  52.19
1947-1949       14      0.00196  0.00196  0.50   87355     171   87270  4478877  51.27
1947-1949       15      0.00255  0.00255  0.50   87184     222   87073  4391607  50.37
1947-1949       16      0.00306  0.00306  0.50   86962     266   86829  4304534  49.50
1947-1949       17      0.00373  0.00372  0.50   86696     323   86534  4217705  48.65
1947-1949       18      0.00432  0.00431  0.50   86373     372   86187  4131171  47.83
1947-1949       19      0.00518  0.00517  0.50   86001     444   85778  4044984  47.03
1947-1949       20      0.00587  0.00585  0.50   85556     501   85306  3959206  46.28
1947-1949       21      0.00649  0.00647  0.50   85056     550   84781  3873900  45.55
1947-1949       22      0.00671  0.00668  0.50   84506     565   84223  3789119  44.84
1947-1949       23      0.00693  0.00691  0.50   83941     580   83651  3704896  44.14
1947-1949       24      0.00704  0.00702  0.50   83361     585   83068  3621245  43.44
1947-1949       25      0.00696  0.00694  0.50   82776     574   82489  3538177  42.74
1947-1949       26      0.00676  0.00674  0.50   82201     554   81924  3455688  42.04
1947-1949       27      0.00663  0.00661  0.50   81648     539   81378  3373764  41.32
1947-1949       28      0.00662  0.00660  0.50   81108     535   80840  3292386  40.59
1947-1949       29      0.00638  0.00636  0.50   80573     513   80316  3211545  39.86
1947-1949       30      0.00643  0.00641  0.50   80060     514   79803  3131229  39.11
1947-1949       31      0.00628  0.00626  0.50   79546     498   79297  3051426  38.36
1947-1949       32      0.00631  0.00629  0.50   79048     497   78799  2972129  37.60
1947-1949       33      0.00625  0.00623  0.50   78551     490   78306  2893330  36.83
1947-1949       34      0.00626  0.00624  0.50   78061     487   77817  2815024  36.06
1947-1949       35      0.00621  0.00619  0.50   77574     480   77334  2737206  35.29
1947-1949       36      0.00644  0.00642  0.50   77094     495   76846  2659872  34.50
1947-1949       37      0.00648  0.00646  0.50   76599     495   76351  2583026  33.72
1947-1949       38      0.00641  0.00639  0.50   76104     487   75861  2506675  32.94
1947-1949       39      0.00680  0.00678  0.50   75617     512   75361  2430814  32.15
1947-1949       40      0.00681  0.00679  0.50   75105     510   74850  2355453  31.36
1947-1949       41      0.00703  0.00701  0.50   74595     523   74334  2280603  30.57
1947-1949       42      0.00722  0.00719  0.50   74073     533   73806  2206269  29.79
1947-1949       43      0.00723  0.00720  0.50   73540     530   73275  2132462  29.00
1947-1949       44      0.00739  0.00737  0.50   73010     538   72741  2059187  28.20
1947-1949       45      0.00764  0.00761  0.50   72472     552   72197  1986446  27.41
1947-1949       46      0.00795  0.00792  0.50   71921     569   71636  1914249  26.62
1947-1949       47      0.00827  0.00823  0.50   71351     587   71058  1842613  25.82
1947-1949       48      0.00875  0.00871  0.50   70764     616   70456  1771555  25.03
1947-1949       49      0.00938  0.00934  0.50   70148     655   69820  1701100  24.25
1947-1949       50      0.01018  0.01013  0.50   69493     704   69141  1631279  23.47
1947-1949       51      0.01064  0.01059  0.50   68789     728   68425  1562139  22.71
1947-1949       52      0.01143  0.01137  0.50   68060     774   67674  1493714  21.95
1947-1949       53      0.01218  0.01211  0.50   67287     815   66879  1426041  21.19
1947-1949       54      0.01276  0.01268  0.50   66472     843   66050  1359161  20.45
1947-1949       55      0.01333  0.01324  0.50   65629     869   65194  1293111  19.70
1947-1949       56      0.01451  0.01440  0.50   64760     933   64293  1227917  18.96
1947-1949       57      0.01569  0.01557  0.50   63827     994   63330  1163623  18.23
1947-1949       58      0.01757  0.01742  0.50   62833    1094   62286  1100293  17.51
1947-1949       59      0.01796  0.01780  0.50   61739    1099   61190  1038007  16.81
1947-1949       60      0.02047  0.02026  0.50   60640    1229   60026   976817  16.11
1947-1949       61      0.02162  0.02138  0.50   59411    1270   58776   916792  15.43
1947-1949       62      0.02421  0.02392  0.50   58141    1391   57445   858016  14.76
1947-1949       63      0.02645  0.02611  0.50   56750    1482   56009   800570  14.11
1947-1949       64      0.02878  0.02837  0.50   55268    1568   54484   744561  13.47
1947-1949       65      0.03089  0.03042  0.50   53700    1634   52883   690077  12.85
1947-1949       66      0.03397  0.03340  0.50   52066    1739   51197   637194  12.24
1947-1949       67      0.03669  0.03603  0.50   50327    1813   49421   585997  11.64
1947-1949       68      0.04040  0.03960  0.50   48514    1921   47553   536576  11.06
1947-1949       69      0.04437  0.04341  0.50   46593    2023   45582   489023  10.50
1947-1949       70      0.04877  0.04761  0.50   44570    2122   43509   443442   9.95
1947-1949       71      0.05392  0.05251  0.50   42448    2229   41334   399932   9.42
1947-1949       72      0.05845  0.05679  0.50   40220    2284   39077   358598   8.92
1947-1949       73      0.06510  0.06305  0.50   37935    2392   36739   319521   8.42
1947-1949       74      0.06983  0.06747  0.50   35543    2398   34344   282781   7.96
1947-1949       75      0.07659  0.07376  0.50   33145    2445   31923   248437   7.50
1947-1949       76      0.08313  0.07981  0.50   30700    2450   29475   216514   7.05
1947-1949       77      0.09198  0.08793  0.50   28250    2484   27008   187039   6.62
1947-1949       78      0.10271  0.09769  0.50   25766    2517   24507   160031   6.21
1947-1949       79      0.11640  0.11000  0.50   23249    2557   21970   135524   5.83
1947-1949       80      0.12547  0.11806  0.50   20692    2443   19470   113554   5.49
1947-1949       81      0.13665  0.12791  0.50   18249    2334   17082    94084   5.16
1947-1949       82      0.15067  0.14012  0.50   15915    2230   14800    77002   4.84
1947-1949       83      0.16661  0.15380  0.50   13685    2105   12632    62202   4.55
1947-1949       84      0.17771  0.16321  0.50   11580    1890   10635    49570   4.28
1947-1949       85      0.19306  0.17606  0.50    9690    1706    8837    38935   4.02
1947-1949       86      0.21051  0.19046  0.50    7984    1521    7224    30098   3.77
1947-1949       87      0.22642  0.20340  0.50    6463    1315    5806    22875   3.54
1947-1949       88      0.24904  0.22146  0.50    5149    1140    4579    17069   3.32
1947-1949       89      0.28025  0.24581  0.50    4008     985    3516    12490   3.12
1947-1949       90      0.28780  0.25160  0.50    3023     761    2643     8974   2.97
1947-1949       91      0.30348  0.26350  0.50    2263     596    1964     6331   2.80
1947-1949       92      0.34546  0.29458  0.50    1666     491    1421     4367   2.62
1947-1949       93      0.35922  0.30453  0.50    1175     358     997     2946   2.51
1947-1949       94      0.36964  0.31198  0.50     818     255     690     1949   2.38
1947-1949       95      0.40693  0.33813  0.50     562     190     467     1259   2.24
1947-1949       96      0.43232  0.35548  0.50     372     132     306      792   2.13
1947-1949       97      0.45807  0.37271  0.50     240      89     195      486   2.03
1947-1949       98      0.48405  0.38973  0.50     151      59     121      291   1.93
1947-1949       99      0.51011  0.40645  0.50      92      37      73      170   1.85
1947-1949      100      0.53612  0.42279  0.50      55      23      43       96   1.77
1947-1949      101      0.56194  0.43868  0.50      31      14      25       53   1.70
1947-1949      102      0.58742  0.45406  0.50      18       8      14       29   1.63
1947-1949      103      0.61245  0.46887  0.50      10       5       7       15   1.57
1947-1949      104      0.63689  0.48306  0.50       5       2       4        8   1.52
1947-1949      105      0.66065  0.49661  0.50       3       1       2        4   1.47
1947-1949      106      0.68362  0.50948  0.50       1       1       1        2   1.42
1947-1949      107      0.70574  0.52166  0.50       1       0       0        1   1.39
1947-1949      108      0.72692  0.53314  0.50       0       0       0        0   1.35
1947-1949      109      0.74712  0.54393  0.50       0       0       0        0   1.32
1947-1949      110+     0.76632  1.00000  1.30       0       0       0        0   1.30
1950-1959        0      0.04255  0.04117  0.21  100000    4117   96755  6605506  66.06
1950-1959        1      0.00814  0.00810  0.50   95883     777   95494  6508751  67.88
1950-1959        2      0.00600  0.00598  0.50   95106     569   94821  6413257  67.43
1950-1959        3      0.00454  0.00453  0.50   94537     428   94323  6318436  66.84
1950-1959        4      0.00317  0.00317  0.50   94108     298   93959  6224113  66.14
1950-1959        5      0.00217  0.00217  0.50   93810     203   93709  6130154  65.35
1950-1959        6      0.00151  0.00151  0.50   93607     142   93536  6036445  64.49
1950-1959        7      0.00111  0.00111  0.50   93465     104   93414  5942909  63.58
1950-1959        8      0.00088  0.00088  0.50   93362      82   93321  5849495  62.65
1950-1959        9      0.00077  0.00077  0.50   93279      72   93243  5756175  61.71
1950-1959       10      0.00071  0.00071  0.50   93207      66   93174  5662931  60.76
1950-1959       11      0.00067  0.00067  0.50   93141      63   93110  5569757  59.80
1950-1959       12      0.00069  0.00069  0.50   93079      64   93046  5476647  58.84
1950-1959       13      0.00072  0.00072  0.50   93014      67   92981  5383601  57.88
1950-1959       14      0.00080  0.00079  0.50   92947      74   92910  5290620  56.92
1950-1959       15      0.00088  0.00088  0.50   92873      81   92833  5197710  55.97
1950-1959       16      0.00109  0.00109  0.50   92792     101   92741  5104878  55.01
1950-1959       17      0.00128  0.00128  0.50   92691     119   92631  5012137  54.07
1950-1959       18      0.00156  0.00156  0.50   92572     145   92500  4919505  53.14
1950-1959       19      0.00183  0.00183  0.50   92427     169   92343  4827006  52.22
1950-1959       20      0.00200  0.00200  0.50   92258     185   92166  4734663  51.32
1950-1959       21      0.00221  0.00220  0.50   92073     203   91972  4642497  50.42
1950-1959       22      0.00235  0.00234  0.50   91870     215   91763  4550526  49.53
1950-1959       23      0.00252  0.00252  0.50   91655     231   91540  4458763  48.65
1950-1959       24      0.00263  0.00262  0.50   91424     240   91304  4367223  47.77
1950-1959       25      0.00261  0.00261  0.50   91184     238   91065  4275919  46.89
1950-1959       26      0.00268  0.00268  0.50   90946     243   90825  4184853  46.01
1950-1959       27      0.00272  0.00272  0.50   90703     246   90580  4094028  45.14
1950-1959       28      0.00276  0.00275  0.50   90457     249   90332  4003449  44.26
1950-1959       29      0.00282  0.00281  0.50   90208     254   90081  3913116  43.38
1950-1959       30      0.00288  0.00287  0.50   89954     258   89824  3823036  42.50
1950-1959       31      0.00286  0.00285  0.50   89695     256   89567  3733211  41.62
1950-1959       32      0.00292  0.00291  0.50   89440     261   89309  3643644  40.74
1950-1959       33      0.00299  0.00299  0.50   89179     266   89046  3554335  39.86
1950-1959       34      0.00310  0.00309  0.50   88913     275   88775  3465289  38.97
1950-1959       35      0.00317  0.00316  0.50   88638     280   88497  3376514  38.09
1950-1959       36      0.00328  0.00328  0.50   88357     290   88212  3288016  37.21
1950-1959       37      0.00339  0.00339  0.50   88068     298   87918  3199804  36.33
1950-1959       38      0.00352  0.00352  0.50   87769     309   87615  3111885  35.46
1950-1959       39      0.00369  0.00369  0.50   87461     322   87299  3024271  34.58
1950-1959       40      0.00383  0.00383  0.50   87138     333   86972  2936971  33.70
1950-1959       41      0.00398  0.00397  0.50   86805     345   86632  2850000  32.83
1950-1959       42      0.00416  0.00415  0.50   86460     359   86280  2763367  31.96
1950-1959       43      0.00434  0.00433  0.50   86101     373   85914  2677087  31.09
1950-1959       44      0.00457  0.00456  0.50   85728     391   85532  2591173  30.23
1950-1959       45      0.00489  0.00487  0.50   85337     416   85129  2505641  29.36
1950-1959       46      0.00523  0.00522  0.50   84921     443   84699  2420512  28.50
1950-1959       47      0.00558  0.00556  0.50   84478     470   84243  2335813  27.65
1950-1959       48      0.00614  0.00612  0.50   84008     514   83751  2251570  26.80
1950-1959       49      0.00661  0.00659  0.50   83494     550   83219  2167819  25.96
1950-1959       50      0.00711  0.00709  0.50   82944     588   82650  2084600  25.13
1950-1959       51      0.00766  0.00763  0.50   82356     628   82042  2001950  24.31
1950-1959       52      0.00823  0.00819  0.50   81728     670   81393  1919908  23.49
1950-1959       53      0.00886  0.00882  0.50   81058     715   80701  1838515  22.68
1950-1959       54      0.00946  0.00942  0.50   80344     756   79965  1757814  21.88
1950-1959       55      0.01011  0.01006  0.50   79587     800   79187  1677849  21.08
1950-1959       56      0.01094  0.01088  0.50   78787     857   78358  1598662  20.29
1950-1959       57      0.01193  0.01186  0.50   77929     924   77467  1520304  19.51
1950-1959       58      0.01352  0.01343  0.50   77005    1034   76488  1442837  18.74
1950-1959       59      0.01393  0.01383  0.50   75971    1051   75446  1366349  17.99
1950-1959       60      0.01538  0.01527  0.50   74920    1144   74348  1290903  17.23
1950-1959       61      0.01677  0.01663  0.50   73776    1227   73163  1216555  16.49
1950-1959       62      0.01833  0.01817  0.50   72550    1318   71891  1143392  15.76
1950-1959       63      0.02053  0.02032  0.50   71232    1447   70508  1071501  15.04
1950-1959       64      0.02273  0.02247  0.50   69784    1568   69000  1000993  14.34
1950-1959       65      0.02490  0.02459  0.50   68216    1677   67378   931992  13.66
1950-1959       66      0.02766  0.02728  0.50   66539    1815   65631   864615  12.99
1950-1959       67      0.03076  0.03029  0.50   64723    1961   63743   798983  12.34
1950-1959       68      0.03408  0.03351  0.50   62763    2103   61711   735240  11.71
1950-1959       69      0.03832  0.03760  0.50   60659    2280   59519   673529  11.10
1950-1959       70      0.04219  0.04132  0.50   58379    2412   57173   614010  10.52
1950-1959       71      0.04707  0.04599  0.50   55967    2574   54680   556837   9.95
1950-1959       72      0.05194  0.05063  0.50   53393    2703   52041   502158   9.41
1950-1959       73      0.05720  0.05561  0.50   50689    2819   49280   450117   8.88
1950-1959       74      0.06344  0.06149  0.50   47871    2943   46399   400836   8.37
1950-1959       75      0.07027  0.06788  0.50   44927    3050   43402   354437   7.89
1950-1959       76      0.07728  0.07441  0.50   41878    3116   40319   311035   7.43
1950-1959       77      0.08407  0.08068  0.50   38761    3127   37198   270716   6.98
1950-1959       78      0.09371  0.08952  0.50   35634    3190   34039   233518   6.55
1950-1959       79      0.10224  0.09727  0.50   32444    3156   30866   199479   6.15
1950-1959       80      0.11494  0.10869  0.50   29288    3183   27697   168612   5.76
1950-1959       81      0.12640  0.11889  0.50   26105    3104   24553   140915   5.40
1950-1959       82      0.13781  0.12893  0.50   23002    2966   21519   116362   5.06
1950-1959       83      0.15200  0.14126  0.50   20036    2830   18621    94843   4.73
1950-1959       84      0.16748  0.15454  0.50   17206    2659   15876    76223   4.43
1950-1959       85      0.18184  0.16668  0.50   14547    2425   13334    60346   4.15
1950-1959       86      0.20145  0.18301  0.50   12122    2219   11013    47012   3.88
1950-1959       87      0.21812  0.19667  0.50    9903    1948    8930    35999   3.64
1950-1959       88      0.23937  0.21378  0.50    7956    1701    7105    27070   3.40
1950-1959       89      0.25845  0.22888  0.50    6255    1432    5539    19964   3.19
1950-1959       90      0.27795  0.24404  0.50    4823    1177    4235    14425   2.99
1950-1959       91      0.30967  0.26815  0.50    3646     978    3157    10190   2.79
1950-1959       92      0.33370  0.28599  0.50    2669     763    2287     7033   2.64
1950-1959       93      0.35710  0.30300  0.50    1905     577    1617     4746   2.49
1950-1959       94      0.38338  0.32171  0.50    1328     427    1114     3129   2.36
1950-1959       95      0.40519  0.33693  0.50     901     304     749     2015   2.24
1950-1959       96      0.43218  0.35539  0.50     597     212     491     1266   2.12
1950-1959       97      0.45959  0.37371  0.50     385     144     313      775   2.01
1950-1959       98      0.48723  0.39179  0.50     241      94     194      462   1.91
1950-1959       99      0.51496  0.40952  0.50     147      60     117      268   1.83
1950-1959      100      0.54259  0.42680  0.50      87      37      68      151   1.74
1950-1959      101      0.56997  0.44356  0.50      50      22      39       83   1.67
1950-1959      102      0.59692  0.45971  0.50      28      13      21       44   1.60
1950-1959      103      0.62330  0.47520  0.50      15       7      11       23   1.54
1950-1959      104      0.64897  0.48998  0.50       8       4       6       12   1.49
1950-1959      105      0.67380  0.50400  0.50       4       2       3        6   1.44
1950-1959      106      0.69770  0.51726  0.50       2       1       1        3   1.40
1950-1959      107      0.72057  0.52972  0.50       1       1       1        1   1.36
1950-1959      108      0.74235  0.54140  0.50       0       0       0        1   1.32
1950-1959      109      0.76300  0.55230  0.50       0       0       0        0   1.30
1950-1959      110+     0.78247  1.00000  1.28       0       0       0        0   1.28
1960-1969        0      0.01886  0.01856  0.12  100000    1856   98367  7269967  72.70
1960-1969        1      0.00220  0.00219  0.50   98144     215   98037  7171600  73.07
1960-1969        2      0.00140  0.00140  0.50   97929     137   97861  7073563  72.23
1960-1969        3      0.00105  0.00105  0.50   97792     102   97741  6975703  71.33
1960-1969        4      0.00089  0.00089  0.50   97690      87   97647  6877961  70.41
1960-1969        5      0.00073  0.00073  0.50   97603      71   97568  6780315  69.47
1960-1969        6      0.00058  0.00058  0.50   97532      56   97504  6682747  68.52
1960-1969        7      0.00048  0.00048  0.50   97476      47   97452  6585243  67.56
1960-1969        8      0.00040  0.00040  0.50   97429      39   97409  6487791  66.59
1960-1969        9      0.00036  0.00036  0.50   97389      35   97372  6390382  65.62
1960-1969       10      0.00033  0.00033  0.50   97354      32   97338  6293010  64.64
1960-1969       11      0.00033  0.00033  0.50   97322      32   97306  6195672  63.66
1960-1969       12      0.00033  0.00033  0.50   97290      32   97274  6098366  62.68
1960-1969       13      0.00034  0.00034  0.50   97258      33   97241  6001092  61.70
1960-1969       14      0.00034  0.00034  0.50   97225      33   97208  5903851  60.72
1960-1969       15      0.00037  0.00037  0.50   97192      36   97174  5806643  59.74
1960-1969       16      0.00045  0.00045  0.50   97155      44   97134  5709470  58.77
1960-1969       17      0.00051  0.00051  0.50   97112      50   97087  5612336  57.79
1960-1969       18      0.00060  0.00060  0.50   97062      59   97033  5515249  56.82
1960-1969       19      0.00071  0.00071  0.50   97003      69   96969  5418217  55.86
1960-1969       20      0.00079  0.00079  0.50   96935      76   96897  5321247  54.90
1960-1969       21      0.00084  0.00084  0.50   96859      82   96818  5224351  53.94
1960-1969       22      0.00093  0.00093  0.50   96777      90   96732  5127533  52.98
1960-1969       23      0.00099  0.00099  0.50   96687      96   96639  5030801  52.03
1960-1969       24      0.00103  0.00103  0.50   96591      99   96541  4934162  51.08
1960-1969       25      0.00106  0.00106  0.50   96492     102   96440  4837621  50.14
1960-1969       26      0.00109  0.00109  0.50   96389     105   96337  4741181  49.19
1960-1969       27      0.00111  0.00111  0.50   96284     107   96231  4644844  48.24
1960-1969       28      0.00116  0.00116  0.50   96177     112   96121  4548613  47.29
1960-1969       29      0.00121  0.00121  0.50   96066     116   96007  4452492  46.35
1960-1969       30      0.00124  0.00124  0.50   95949     119   95890  4356485  45.40
1960-1969       31      0.00128  0.00128  0.50   95830     123   95769  4260595  44.46
1960-1969       32      0.00137  0.00136  0.50   95707     131   95642  4164826  43.52
1960-1969       33      0.00141  0.00141  0.50   95576     135   95509  4069184  42.58
1960-1969       34      0.00150  0.00150  0.50   95442     143   95370  3973675  41.63
1960-1969       35      0.00157  0.00157  0.50   95298     149   95224  3878305  40.70
1960-1969       36      0.00165  0.00165  0.50   95149     157   95071  3783081  39.76
1960-1969       37      0.00176  0.00176  0.50   94992     167   94908  3688011  38.82
1960-1969       38      0.00188  0.00188  0.50   94825     178   94736  3593102  37.89
1960-1969       39      0.00202  0.00202  0.50   94647     191   94551  3498367  36.96
1960-1969       40      0.00213  0.00213  0.50   94456     201   94355  3403815  36.04
1960-1969       41      0.00227  0.00227  0.50   94255     214   94147  3309460  35.11
1960-1969       42      0.00242  0.00241  0.50   94040     227   93927  3215313  34.19
1960-1969       43      0.00262  0.00262  0.50   93813     246   93691  3121386  33.27
1960-1969       44      0.00288  0.00288  0.50   93568     269   93433  3027695  32.36
1960-1969       45      0.00312  0.00311  0.50   93299     291   93154  2934262  31.45
1960-1969       46      0.00339  0.00339  0.50   93008     315   92851  2841108  30.55
1960-1969       47      0.00371  0.00371  0.50   92693     344   92521  2748258  29.65
1960-1969       48      0.00406  0.00405  0.50   92350     374   92163  2655736  28.76
1960-1969       49      0.00441  0.00440  0.50   91976     405   91773  2563573  27.87
1960-1969       50      0.00479  0.00478  0.50   91571     438   91352  2471800  26.99
1960-1969       51      0.00525  0.00524  0.50   91133     477   90894  2380448  26.12
1960-1969       52      0.00570  0.00569  0.50   90655     516   90398  2289554  25.26
1960-1969       53      0.00615  0.00613  0.50   90140     553   89863  2199157  24.40
1960-1969       54      0.00672  0.00670  0.50   89587     600   89287  2109293  23.54
1960-1969       55      0.00716  0.00714  0.50   88987     635   88670  2020006  22.70
1960-1969       56      0.00781  0.00778  0.50   88352     687   88009  1931336  21.86
1960-1969       57      0.00851  0.00847  0.50   87665     743   87294  1843327  21.03
1960-1969       58      0.00979  0.00975  0.50   86922     847   86499  1756034  20.20
1960-1969       59      0.01034  0.01029  0.50   86075     886   85632  1669535  19.40
1960-1969       60      0.01128  0.01122  0.50   85189     956   84711  1583903  18.59
1960-1969       61      0.01247  0.01240  0.50   84234    1044   83712  1499192  17.80
1960-1969       62      0.01373  0.01363  0.50   83190    1134   82622  1415480  17.02
1960-1969       63      0.01531  0.01519  0.50   82055    1247   81432  1332858  16.24
1960-1969       64      0.01712  0.01697  0.50   80809    1372   80123  1251425  15.49
1960-1969       65      0.01875  0.01858  0.50   79437    1476   78699  1171303  14.75
1960-1969       66      0.02099  0.02077  0.50   77961    1619   77151  1092603  14.01
1960-1969       67      0.02351  0.02324  0.50   76342    1774   75455  1015452  13.30
1960-1969       68      0.02645  0.02610  0.50   74568    1946   73595   939997  12.61
1960-1969       69      0.02937  0.02895  0.50   72622    2102   71571   866402  11.93
1960-1969       70      0.03301  0.03247  0.50   70519    2290   69374   794832  11.27
1960-1969       71      0.03732  0.03664  0.50   68229    2500   66979   725457  10.63
1960-1969       72      0.04195  0.04109  0.50   65729    2701   64379   658478  10.02
1960-1969       73      0.04759  0.04648  0.50   63029    2930   61564   594099   9.43
1960-1969       74      0.05287  0.05151  0.50   60099    3096   58551   532535   8.86
1960-1969       75      0.05990  0.05816  0.50   57003    3315   55346   473984   8.32
1960-1969       76      0.06760  0.06539  0.50   53688    3511   51933   418638   7.80
1960-1969       77      0.07547  0.07272  0.50   50178    3649   48353   366705   7.31
1960-1969       78      0.08470  0.08126  0.50   46529    3781   44638   318352   6.84
1960-1969       79      0.09491  0.09061  0.50   42748    3873   40811   273714   6.40
1960-1969       80      0.10532  0.10005  0.50   38874    3889   36930   232903   5.99
1960-1969       81      0.11744  0.11092  0.50   34985    3881   33045   195973   5.60
1960-1969       82      0.12943  0.12156  0.50   31104    3781   29214   162928   5.24
1960-1969       83      0.14448  0.13475  0.50   27323    3682   25482   133715   4.89
1960-1969       84      0.15838  0.14676  0.50   23641    3470   21907   108232   4.58
1960-1969       85      0.17325  0.15944  0.50   20172    3216   18564    86326   4.28
1960-1969       86      0.19106  0.17440  0.50   16956    2957   15477    67762   4.00
1960-1969       87      0.20966  0.18977  0.50   13999    2656   12670    52285   3.73
1960-1969       88      0.23059  0.20675  0.50   11342    2345   10170    39614   3.49
1960-1969       89      0.25158  0.22347  0.50    8997    2011    7992    29445   3.27
1960-1969       90      0.27094  0.23862  0.50    6987    1667    6153    21453   3.07
1960-1969       91      0.29346  0.25591  0.50    5319    1361    4639    15300   2.88
1960-1969       92      0.32396  0.27880  0.50    3958    1104    3406    10661   2.69
1960-1969       93      0.34303  0.29281  0.50    2855     836    2437     7255   2.54
1960-1969       94      0.37368  0.31486  0.50    2019     636    1701     4818   2.39
1960-1969       95      0.40010  0.33340  0.50    1383     461    1153     3117   2.25
1960-1969       96      0.42806  0.35259  0.50     922     325     759     1964   2.13
1960-1969       97      0.45648  0.37165  0.50     597     222     486     1205   2.02
1960-1969       98      0.48519  0.39046  0.50     375     146     302      719   1.92
1960-1969       99      0.51399  0.40891  0.50     229      93     182      417   1.82
1960-1969      100      0.54271  0.42687  0.50     135      58     106      235   1.74
1960-1969      101      0.57114  0.44427  0.50      77      34      60      129   1.67
1960-1969      102      0.59911  0.46101  0.50      43      20      33       69   1.60
1960-1969      103      0.62645  0.47703  0.50      23      11      18       36   1.54
1960-1969      104      0.65300  0.49228  0.50      12       6       9       18   1.48
1960-1969      105      0.67864  0.50671  0.50       6       3       5        9   1.43
1960-1969      106      0.70324  0.52030  0.50       3       2       2        4   1.39
1960-1969      107      0.72672  0.53304  0.50       1       1       1        2   1.35
1960-1969      108      0.74900  0.54493  0.50       1       0       0        1   1.31
1960-1969      109      0.77004  0.55598  0.50       0       0       0        0   1.28
1960-1969      110+     0.78982  1.00000  1.27       0       0       0        0   1.27
1970-1979        0      0.00918  0.00911  0.13  100000     911   99208  7679747  76.80
1970-1979        1      0.00130  0.00129  0.50   99089     128   99025  7580539  76.50
1970-1979        2      0.00073  0.00073  0.50   98961      73   98924  7481514  75.60
1970-1979        3      0.00054  0.00054  0.50   98888      54   98861  7382590  74.66
1970-1979        4      0.00044  0.00044  0.50   98834      44   98813  7283729  73.70
1970-1979        5      0.00037  0.00037  0.50   98791      37   98772  7184916  72.73
1970-1979        6      0.00033  0.00033  0.50   98754      32   98738  7086144  71.76
1970-1979        7      0.00028  0.00028  0.50   98721      28   98708  6987406  70.78
1970-1979        8      0.00023  0.00023  0.50   98694      23   98682  6888699  69.80
1970-1979        9      0.00021  0.00021  0.50   98671      20   98661  6790016  68.81
1970-1979       10      0.00020  0.00020  0.50   98651      20   98641  6691355  67.83
1970-1979       11      0.00018  0.00018  0.50   98631      18   98622  6592714  66.84
1970-1979       12      0.00019  0.00019  0.50   98613      19   98604  6494092  65.85
1970-1979       13      0.00021  0.00021  0.50   98594      20   98584  6395489  64.87
1970-1979       14      0.00021  0.00021  0.50   98574      21   98563  6296905  63.88
1970-1979       15      0.00025  0.00025  0.50   98553      25   98541  6198341  62.89
1970-1979       16      0.00030  0.00030  0.50   98528      30   98513  6099801  61.91
1970-1979       17      0.00035  0.00035  0.50   98498      35   98481  6001288  60.93
1970-1979       18      0.00038  0.00038  0.50   98464      38   98445  5902807  59.95
1970-1979       19      0.00045  0.00045  0.50   98426      44   98404  5804362  58.97
1970-1979       20      0.00051  0.00051  0.50   98382      51   98357  5705958  58.00
1970-1979       21      0.00053  0.00053  0.50   98331      52   98306  5607601  57.03
1970-1979       22      0.00055  0.00055  0.50   98280      54   98253  5509296  56.06
1970-1979       23      0.00060  0.00060  0.50   98225      59   98196  5411043  55.09
1970-1979       24      0.00059  0.00059  0.50   98167      58   98138  5312847  54.12
1970-1979       25      0.00062  0.00062  0.50   98108      61   98078  5214710  53.15
1970-1979       26      0.00062  0.00062  0.50   98047      61   98017  5116632  52.19
1970-1979       27      0.00064  0.00064  0.50   97986      63   97955  5018615  51.22
1970-1979       28      0.00066  0.00066  0.50   97923      65   97891  4920660  50.25
1970-1979       29      0.00070  0.00070  0.50   97858      68   97824  4822770  49.28
1970-1979       30      0.00074  0.00074  0.50   97790      72   97754  4724945  48.32
1970-1979       31      0.00076  0.00076  0.50   97718      74   97681  4627191  47.35
1970-1979       32      0.00081  0.00081  0.50   97644      79   97604  4529511  46.39
1970-1979       33      0.00088  0.00088  0.50   97564      86   97522  4431907  45.43
1970-1979       34      0.00092  0.00092  0.50   97479      90   97434  4334385  44.46
1970-1979       35      0.00098  0.00098  0.50   97389      95   97342  4236951  43.51
1970-1979       36      0.00105  0.00105  0.50   97294     102   97243  4139609  42.55
1970-1979       37      0.00114  0.00114  0.50   97192     111   97137  4042366  41.59
1970-1979       38      0.00121  0.00121  0.50   97081     117   97023  3945230  40.64
1970-1979       39      0.00133  0.00133  0.50   96964     129   96900  3848207  39.69
1970-1979       40      0.00142  0.00142  0.50   96835     137   96766  3751307  38.74
1970-1979       41      0.00155  0.00155  0.50   96698     150   96623  3654541  37.79
1970-1979       42      0.00167  0.00167  0.50   96548     161   96468  3557918  36.85
1970-1979       43      0.00182  0.00182  0.50   96387     175   96299  3461451  35.91
1970-1979       44      0.00200  0.00200  0.50   96212     193   96115  3365151  34.98
1970-1979       45      0.00215  0.00215  0.50   96019     206   95916  3269036  34.05
1970-1979       46      0.00234  0.00234  0.50   95813     224   95701  3173120  33.12
1970-1979       47      0.00256  0.00256  0.50   95589     245   95466  3077419  32.19
1970-1979       48      0.00282  0.00281  0.50   95344     268   95210  2981953  31.28
1970-1979       49      0.00305  0.00305  0.50   95076     290   94931  2886743  30.36
1970-1979       50      0.00335  0.00334  0.50   94786     317   94628  2791812  29.45
1970-1979       51      0.00362  0.00361  0.50   94470     341   94299  2697184  28.55
1970-1979       52      0.00394  0.00394  0.50   94128     370   93943  2602885  27.65
1970-1979       53      0.00430  0.00429  0.50   93758     402   93557  2508942  26.76
1970-1979       54      0.00462  0.00461  0.50   93355     430   93140  2415386  25.87
1970-1979       55      0.00499  0.00497  0.50   92925     462   92694  2322246  24.99
1970-1979       56      0.00550  0.00549  0.50   92463     507   92209  2229551  24.11
1970-1979       57      0.00602  0.00600  0.50   91956     552   91680  2137342  23.24
1970-1979       58      0.00662  0.00659  0.50   91404     603   91103  2045662  22.38
1970-1979       59      0.00718  0.00716  0.50   90801     650   90476  1954560  21.53
1970-1979       60      0.00788  0.00785  0.50   90151     708   89797  1864084  20.68
1970-1979       61      0.00887  0.00883  0.50   89443     790   89049  1774286  19.84
1970-1979       62      0.00968  0.00964  0.50   88654     854   88227  1685238  19.01
1970-1979       63      0.01069  0.01063  0.50   87799     933   87333  1597011  18.19
1970-1979       64      0.01196  0.01188  0.50   86866    1032   86350  1509678  17.38
1970-1979       65      0.01338  0.01329  0.50   85834    1141   85264  1423328  16.58
1970-1979       66      0.01477  0.01466  0.50   84693    1242   84072  1338064  15.80
1970-1979       67      0.01679  0.01665  0.50   83451    1390   82756  1253992  15.03
1970-1979       68      0.01876  0.01859  0.50   82061    1526   81299  1171236  14.27
1970-1979       69      0.02098  0.02076  0.50   80536    1672   79700  1089938  13.53
1970-1979       70      0.02395  0.02367  0.50   78864    1866   77930  1010238  12.81
1970-1979       71      0.02683  0.02647  0.50   76997    2038   75978   932307  12.11
1970-1979       72      0.03056  0.03010  0.50   74959    2257   73831   856329  11.42
1970-1979       73      0.03447  0.03388  0.50   72702    2464   71471   782499  10.76
1970-1979       74      0.03920  0.03845  0.50   70239    2701   68888   711028  10.12
1970-1979       75      0.04404  0.04309  0.50   67538    2910   66083   642140   9.51
1970-1979       76      0.05028  0.04905  0.50   64628    3170   63043   576057   8.91
1970-1979       77      0.05684  0.05527  0.50   61458    3397   59760   513013   8.35
1970-1979       78      0.06434  0.06233  0.50   58062    3619   56252   453254   7.81
1970-1979       79      0.07236  0.06983  0.50   54442    3802   52542   397002   7.29
1970-1979       80      0.08235  0.07909  0.50   50641    4005   48638   344460   6.80
1970-1979       81      0.09325  0.08910  0.50   46636    4155   44558   295822   6.34
1970-1979       82      0.10373  0.09862  0.50   42480    4189   40386   251264   5.91
1970-1979       83      0.11750  0.11098  0.50   38291    4250   36166   210878   5.51
1970-1979       84      0.13030  0.12233  0.50   34041    4164   31959   174712   5.13
1970-1979       85      0.14531  0.13546  0.50   29877    4047   27853   142753   4.78
1970-1979       86      0.16161  0.14953  0.50   25830    3862   23899   114900   4.45
1970-1979       87      0.17879  0.16412  0.50   21967    3605   20165    91001   4.14
1970-1979       88      0.19658  0.17899  0.50   18362    3287   16719    70836   3.86
1970-1979       89      0.21837  0.19688  0.50   15076    2968   13592    54117   3.59
1970-1979       90      0.23893  0.21343  0.50   12108    2584   10815    40526   3.35
1970-1979       91      0.26433  0.23347  0.50    9523    2223    8412    29710   3.12
1970-1979       92      0.29010  0.25335  0.50    7300    1849    6375    21299   2.92
1970-1979       93      0.30894  0.26760  0.50    5451    1459    4721    14923   2.74
1970-1979       94      0.33851  0.28951  0.50    3992    1156    3414    10202   2.56
1970-1979       95      0.36876  0.31135  0.50    2836     883    2395     6788   2.39
1970-1979       96      0.39807  0.33199  0.50    1953     648    1629     4393   2.25
1970-1979       97      0.42814  0.35265  0.50    1305     460    1075     2764   2.12
1970-1979       98      0.45874  0.37315  0.50     845     315     687     1690   2.00
1970-1979       99      0.48966  0.39336  0.50     529     208     425     1003   1.89
1970-1979      100      0.52066  0.41311  0.50     321     133     255      577   1.80
1970-1979      101      0.55150  0.43230  0.50     189      81     148      323   1.71
1970-1979      102      0.58195  0.45078  0.50     107      48      83      175   1.63
1970-1979      103      0.61179  0.46848  0.50      59      28      45       92   1.56
1970-1979      104      0.64081  0.48531  0.50      31      15      24       47   1.50
1970-1979      105      0.66884  0.50122  0.50      16       8      12       23   1.45
1970-1979      106      0.69572  0.51616  0.50       8       4       6       11   1.40
1970-1979      107      0.72132  0.53013  0.50       4       2       3        5   1.35
1970-1979      108      0.74556  0.54310  0.50       2       1       1        2   1.32
1970-1979      109      0.76837  0.55511  0.50       1       0       1        1   1.29
1970-1979      110+     0.78971  1.00000  1.27       0       0       0        0   1.27
1980-1989        0      0.00531  0.00528  0.14  100000     528   99545  8043519  80.44
1980-1989        1      0.00081  0.00081  0.50   99472      81   99431  7943974  79.86
1980-1989        2      0.00045  0.00045  0.50   99391      44   99369  7844543  78.93
1980-1989        3      0.00033  0.00033  0.50   99347      33   99330  7745174  77.96
1980-1989        4      0.00024  0.00024  0.50   99314      24   99302  7645843  76.99
1980-1989        5      0.00021  0.00021  0.50   99290      21   99279  7546542  76.01
1980-1989        6      0.00020  0.00020  0.50   99268      20   99259  7447263  75.02
1980-1989        7      0.00017  0.00017  0.50   99249      17   99241  7348004  74.04
1980-1989        8      0.00014  0.00014  0.50   99232      14   99225  7248763  73.05
1980-1989        9      0.00013  0.00013  0.50   99218      13   99211  7149538  72.06
1980-1989       10      0.00012  0.00012  0.50   99205      12   99199  7050327  71.07
1980-1989       11      0.00012  0.00012  0.50   99193      12   99187  6951128  70.08
1980-1989       12      0.00012  0.00012  0.50   99181      12   99175  6851942  69.09
1980-1989       13      0.00013  0.00013  0.50   99169      13   99162  6752767  68.09
1980-1989       14      0.00015  0.00015  0.50   99156      14   99149  6653604  67.10
1980-1989       15      0.00018  0.00018  0.50   99141      18   99133  6554456  66.11
1980-1989       16      0.00022  0.00022  0.50   99124      22   99113  6455323  65.12
1980-1989       17      0.00025  0.00025  0.50   99102      25   99089  6356211  64.14
1980-1989       18      0.00029  0.00029  0.50   99077      28   99063  6257122  63.15
1980-1989       19      0.00031  0.00031  0.50   99048      30   99033  6158059  62.17
1980-1989       20      0.00033  0.00033  0.50   99018      32   99002  6059026  61.19
1980-1989       21      0.00033  0.00033  0.50   98986      33   98969  5960024  60.21
1980-1989       22      0.00033  0.00033  0.50   98953      32   98937  5861054  59.23
1980-1989       23      0.00035  0.00035  0.50   98920      34   98903  5762118  58.25
1980-1989       24      0.00036  0.00036  0.50   98886      36   98868  5663214  57.27
1980-1989       25      0.00038  0.00038  0.50   98850      38   98831  5564346  56.29
1980-1989       26      0.00040  0.00040  0.50   98813      40   98793  5465515  55.31
1980-1989       27      0.00042  0.00042  0.50   98773      41   98752  5366722  54.33
1980-1989       28      0.00044  0.00044  0.50   98732      43   98710  5267970  53.36
1980-1989       29      0.00046  0.00046  0.50   98688      46   98665  5169260  52.38
1980-1989       30      0.00049  0.00049  0.50   98643      48   98619  5070595  51.40
1980-1989       31      0.00051  0.00051  0.50   98595      50   98569  4971976  50.43
1980-1989       32      0.00054  0.00054  0.50   98544      53   98518  4873407  49.45
1980-1989       33      0.00058  0.00058  0.50   98491      57   98462  4774889  48.48
1980-1989       34      0.00064  0.00064  0.50   98434      63   98402  4676427  47.51
1980-1989       35      0.00068  0.00068  0.50   98371      66   98338  4578025  46.54
1980-1989       36      0.00073  0.00073  0.50   98304      72   98268  4479687  45.57
1980-1989       37      0.00080  0.00080  0.50   98232      78   98193  4381419  44.60
1980-1989       38      0.00084  0.00084  0.50   98154      83   98113  4283225  43.64
1980-1989       39      0.00094  0.00094  0.50   98071      92   98025  4185113  42.67
1980-1989       40      0.00102  0.00102  0.50   97980     100   97930  4087087  41.71
1980-1989       41      0.00111  0.00111  0.50   97880     109   97826  3989157  40.76
1980-1989       42      0.00119  0.00119  0.50   97771     116   97713  3891332  39.80
1980-1989       43      0.00133  0.00133  0.50   97655     130   97590  3793619  38.85
1980-1989       44      0.00145  0.00145  0.50   97525     142   97454  3696028  37.90
1980-1989       45      0.00154  0.00154  0.50   97384     150   97309  3598574  36.95
1980-1989       46      0.00169  0.00168  0.50   97234     164   97152  3501265  36.01
1980-1989       47      0.00187  0.00187  0.50   97070     181   96980  3404113  35.07
1980-1989       48      0.00207  0.00206  0.50   96889     200   96789  3307133  34.13
1980-1989       49      0.00225  0.00225  0.50   96689     217   96581  3210344  33.20
1980-1989       50      0.00245  0.00245  0.50   96472     237   96354  3113764  32.28
1980-1989       51      0.00269  0.00269  0.50   96236     259   96106  3017410  31.35
1980-1989       52      0.00288  0.00287  0.50   95977     276   95839  2921303  30.44
1980-1989       53      0.00307  0.00307  0.50   95701     294   95554  2825464  29.52
1980-1989       54      0.00334  0.00334  0.50   95408     319   95248  2729910  28.61
1980-1989       55      0.00360  0.00359  0.50   95089     342   94918  2634661  27.71
1980-1989       56      0.00389  0.00389  0.50   94748     368   94563  2539743  26.81
1980-1989       57      0.00421  0.00420  0.50   94379     397   94181  2445180  25.91
1980-1989       58      0.00459  0.00458  0.50   93982     430   93767  2350999  25.02
1980-1989       59      0.00497  0.00496  0.50   93552     464   93320  2257231  24.13
1980-1989       60      0.00548  0.00546  0.50   93088     509   92834  2163911  23.25
1980-1989       61      0.00606  0.00604  0.50   92580     559   92300  2071077  22.37
1980-1989       62      0.00662  0.00659  0.50   92021     607   91717  1978777  21.50
1980-1989       63      0.00737  0.00735  0.50   91414     672   91078  1887060  20.64
1980-1989       64      0.00810  0.00806  0.50   90742     732   90377  1795981  19.79
1980-1989       65      0.00898  0.00894  0.50   90011     804   89608  1705605  18.95
1980-1989       66      0.01003  0.00998  0.50   89206     891   88761  1615997  18.12
1980-1989       67      0.01110  0.01104  0.50   88316     975   87828  1527236  17.29
1980-1989       68      0.01250  0.01242  0.50   87341    1085   86798  1439407  16.48
1980-1989       69      0.01415  0.01405  0.50   86256    1212   85650  1352609  15.68
1980-1989       70      0.01587  0.01575  0.50   85044    1339   84374  1266959  14.90
1980-1989       71      0.01796  0.01780  0.50   83705    1490   82960  1182585  14.13
1980-1989       72      0.02022  0.02002  0.50   82215    1646   81392  1099625  13.37
1980-1989       73      0.02288  0.02262  0.50   80569    1823   79658  1018233  12.64
1980-1989       74      0.02603  0.02570  0.50   78747    2023   77735   938575  11.92
1980-1989       75      0.02976  0.02932  0.50   76723    2249   75599   860840  11.22
1980-1989       76      0.03378  0.03322  0.50   74474    2474   73237   785241  10.54
1980-1989       77      0.03876  0.03802  0.50   72000    2737   70631   712004   9.89
1980-1989       78      0.04447  0.04350  0.50   69262    3013   67756   641373   9.26
1980-1989       79      0.05097  0.04970  0.50   66249    3293   64603   573618   8.66
1980-1989       80      0.05866  0.05699  0.50   62956    3588   61163   509015   8.09
1980-1989       81      0.06676  0.06461  0.50   59369    3836   57451   447852   7.54
1980-1989       82      0.07647  0.07365  0.50   55533    4090   53488   390401   7.03
1980-1989       83      0.08589  0.08235  0.50   51443    4236   49325   336913   6.55
1980-1989       84      0.09734  0.09282  0.50   47207    4382   45016   287588   6.09
1980-1989       85      0.10950  0.10382  0.50   42825    4446   40602   242573   5.66
1980-1989       86      0.12330  0.11614  0.50   38379    4457   36150   201970   5.26
1980-1989       87      0.13791  0.12901  0.50   33922    4376   31733   165820   4.89
1980-1989       88      0.15461  0.14351  0.50   29545    4240   27425   134087   4.54
1980-1989       89      0.17210  0.15846  0.50   25305    4010   23300   106661   4.22
1980-1989       90      0.19071  0.17411  0.50   21295    3708   19441    83361   3.91
1980-1989       91      0.21332  0.19276  0.50   17588    3390   15892    63920   3.63
1980-1989       92      0.23282  0.20855  0.50   14197    2961   12717    48027   3.38
1980-1989       93      0.25734  0.22800  0.50   11237    2562    9956    35310   3.14
1980-1989       94      0.28233  0.24740  0.50    8675    2146    7602    25355   2.92
1980-1989       95      0.31146  0.26949  0.50    6528    1759    5649    17753   2.72
1980-1989       96      0.34021  0.29075  0.50    4769    1387    4076    12104   2.54
1980-1989       97      0.37019  0.31237  0.50    3382    1057    2854     8029   2.37
1980-1989       98      0.40121  0.33417  0.50    2326     777    1937     5174   2.22
1980-1989       99      0.43304  0.35597  0.50    1549     551    1273     3237   2.09
1980-1989      100      0.46543  0.37757  0.50     997     377     809     1964   1.97
1980-1989      101      0.49812  0.39879  0.50     621     248     497     1155   1.86
1980-1989      102      0.53082  0.41948  0.50     373     157     295      658   1.76
1980-1989      103      0.56326  0.43949  0.50     217      95     169      363   1.68
1980-1989      104      0.59516  0.45867  0.50     121      56      94      194   1.60
1980-1989      105      0.62629  0.47694  0.50      66      31      50      101   1.53
1980-1989      106      0.65640  0.49420  0.50      34      17      26       51   1.47
1980-1989      107      0.68530  0.51041  0.50      17       9      13       25   1.42
1980-1989      108      0.71284  0.52553  0.50       9       4       6       12   1.37
1980-1989      109      0.73888  0.53955  0.50       4       2       3        5   1.33
1980-1989      110+     0.76335  1.00000  1.31       2       2       2        2   1.31
1990-1999        0      0.00376  0.00375  0.14  100000     375   99678  8300262  83.00
1990-1999        1      0.00062  0.00062  0.50   99625      62   99594  8200584  82.31
1990-1999        2      0.00034  0.00034  0.50   99563      34   99546  8100990  81.37
1990-1999        3      0.00024  0.00024  0.50   99529      24   99517  8001444  80.39
1990-1999        4      0.00020  0.00020  0.50   99504      20   99494  7901927  79.41
1990-1999        5      0.00017  0.00017  0.50   99484      17   99476  7802433  78.43
1990-1999        6      0.00015  0.00015  0.50   99467      15   99460  7702957  77.44
1990-1999        7      0.00015  0.00015  0.50   99452      14   99445  7603497  76.45
1990-1999        8      0.00012  0.00012  0.50   99438      11   99432  7504052  75.46
1990-1999        9      0.00010  0.00010  0.50   99426      10   99421  7404620  74.47
1990-1999       10      0.00010  0.00010  0.50   99416      10   99411  7305199  73.48
1990-1999       11      0.00010  0.00010  0.50   99406      10   99401  7205787  72.49
1990-1999       12      0.00011  0.00011  0.50   99396      11   99391  7106386  71.50
1990-1999       13      0.00012  0.00012  0.50   99386      11   99380  7006995  70.50
1990-1999       14      0.00012  0.00012  0.50   99374      12   99368  6907615  69.51
1990-1999       15      0.00015  0.00015  0.50   99362      15   99354  6808247  68.52
1990-1999       16      0.00019  0.00019  0.50   99347      19   99338  6708893  67.53
1990-1999       17      0.00021  0.00021  0.50   99328      21   99318  6609555  66.54
1990-1999       18      0.00025  0.00025  0.50   99307      25   99295  6510237  65.56
1990-1999       19      0.00027  0.00027  0.50   99283      27   99269  6410942  64.57
1990-1999       20      0.00028  0.00028  0.50   99256      28   99242  6311673  63.59
1990-1999       21      0.00029  0.00029  0.50   99228      29   99213  6212431  62.61
1990-1999       22      0.00029  0.00029  0.50   99199      29   99185  6113218  61.63
1990-1999       23      0.00029  0.00029  0.50   99170      28   99156  6014034  60.64
1990-1999       24      0.00029  0.00029  0.50   99142      29   99128  5914878  59.66
1990-1999       25      0.00029  0.00029  0.50   99113      29   99099  5815750  58.68
1990-1999       26      0.00031  0.00031  0.50   99084      31   99069  5716651  57.69
1990-1999       27      0.00033  0.00033  0.50   99053      32   99037  5617583  56.71
1990-1999       28      0.00035  0.00035  0.50   99021      34   99004  5518546  55.73
1990-1999       29      0.00037  0.00037  0.50   98987      36   98968  5419542  54.75
1990-1999       30      0.00039  0.00039  0.50   98950      39   98931  5320573  53.77
1990-1999       31      0.00043  0.00043  0.50   98911      42   98890  5221642  52.79
1990-1999       32      0.00045  0.00045  0.50   98869      44   98847  5122752  51.81
1990-1999       33      0.00048  0.00048  0.50   98825      47   98801  5023905  50.84
1990-1999       34      0.00050  0.00050  0.50   98778      50   98753  4925104  49.86
1990-1999       35      0.00056  0.00056  0.50   98728      55   98701  4826351  48.89
1990-1999       36      0.00057  0.00057  0.50   98673      57   98645  4727650  47.91
1990-1999       37      0.00062  0.00062  0.50   98616      61   98586  4629005  46.94
1990-1999       38      0.00069  0.00069  0.50   98556      68   98522  4530419  45.97
1990-1999       39      0.00074  0.00074  0.50   98488      73   98451  4431897  45.00
1990-1999       40      0.00083  0.00083  0.50   98415      81   98374  4333446  44.03
1990-1999       41      0.00090  0.00090  0.50   98333      89   98289  4235072  43.07
1990-1999       42      0.00101  0.00101  0.50   98245      99   98195  4136783  42.11
1990-1999       43      0.00112  0.00112  0.50   98145     110   98090  4038588  41.15
1990-1999       44      0.00121  0.00121  0.50   98035     118   97976  3940498  40.19
1990-1999       45      0.00133  0.00133  0.50   97917     131   97852  3842522  39.24
1990-1999       46      0.00145  0.00145  0.50   97786     142   97715  3744671  38.29
1990-1999       47      0.00159  0.00159  0.50   97645     155   97567  3646955  37.35
1990-1999       48      0.00173  0.00173  0.50   97489     169   97405  3549388  36.41
1990-1999       49      0.00192  0.00192  0.50   97320     187   97227  3451983  35.47
1990-1999       50      0.00207  0.00206  0.50   97134     200   97034  3354756  34.54
1990-1999       51      0.00223  0.00223  0.50   96933     216   96825  3257723  33.61
1990-1999       52      0.00241  0.00241  0.50   96717     233   96601  3160897  32.68
1990-1999       53      0.00258  0.00258  0.50   96485     249   96360  3064296  31.76
1990-1999       54      0.00276  0.00276  0.50   96236     265   96103  2967936  30.84
1990-1999       55      0.00296  0.00296  0.50   95971     284   95829  2871832  29.92
1990-1999       56      0.00323  0.00322  0.50   95687     308   95533  2776003  29.01
1990-1999       57      0.00345  0.00344  0.50   95379     328   95215  2680471  28.10
1990-1999       58      0.00372  0.00371  0.50   95050     353   94874  2585256  27.20
1990-1999       59      0.00414  0.00413  0.50   94698     391   94502  2490382  26.30
1990-1999       60      0.00449  0.00448  0.50   94307     423   94095  2395880  25.41
1990-1999       61      0.00491  0.00490  0.50   93884     460   93654  2301784  24.52
1990-1999       62      0.00534  0.00533  0.50   93424     498   93175  2208130  23.64
1990-1999       63      0.00580  0.00578  0.50   92926     537   92658  2114955  22.76
1990-1999       64      0.00640  0.00638  0.50   92389     589   92095  2022297  21.89
1990-1999       65      0.00698  0.00696  0.50   91800     638   91481  1930203  21.03
1990-1999       66      0.00774  0.00771  0.50   91162     702   90810  1838722  20.17
1990-1999       67      0.00846  0.00843  0.50   90459     762   90078  1747911  19.32
1990-1999       68      0.00944  0.00940  0.50   89697     843   89275  1657834  18.48
1990-1999       69      0.01047  0.01042  0.50   88854     926   88391  1568558  17.65
1990-1999       70      0.01163  0.01157  0.50   87928    1017   87419  1480168  16.83
1990-1999       71      0.01311  0.01303  0.50   86911    1132   86345  1392748  16.03
1990-1999       72      0.01463  0.01452  0.50   85779    1246   85156  1306404  15.23
1990-1999       73      0.01659  0.01645  0.50   84533    1391   83838  1221248  14.45
1990-1999       74      0.01884  0.01866  0.50   83142    1552   82366  1137410  13.68
1990-1999       75      0.02141  0.02119  0.50   81590    1729   80726  1055044  12.93
1990-1999       76      0.02431  0.02402  0.50   79862    1918   78903   974318  12.20
1990-1999       77      0.02789  0.02751  0.50   77944    2144   76872   895415  11.49
1990-1999       78      0.03155  0.03106  0.50   75800    2354   74623   818543  10.80
1990-1999       79      0.03647  0.03582  0.50   73446    2631   72130   743921  10.13
1990-1999       80      0.04203  0.04117  0.50   70815    2915   69358   671790   9.49
1990-1999       81      0.04807  0.04694  0.50   67900    3187   66306   602432   8.87
1990-1999       82      0.05479  0.05333  0.50   64713    3451   62987   536126   8.28
1990-1999       83      0.06284  0.06092  0.50   61261    3732   59395   473139   7.72
1990-1999       84      0.07139  0.06893  0.50   57529    3965   55546   413744   7.19
1990-1999       85      0.08147  0.07828  0.50   53564    4193   51467   358197   6.69
1990-1999       86      0.09230  0.08823  0.50   49371    4356   47193   306730   6.21
1990-1999       87      0.10512  0.09987  0.50   45015    4496   42767   259538   5.77
1990-1999       88      0.11832  0.11171  0.50   40519    4526   38256   216771   5.35
1990-1999       89      0.13352  0.12517  0.50   35993    4505   33740   178515   4.96
1990-1999       90      0.15008  0.13961  0.50   31488    4396   29290   144775   4.60
1990-1999       91      0.16862  0.15551  0.50   27092    4213   24985   115485   4.26
1990-1999       92      0.18674  0.17079  0.50   22879    3907   20925    90500   3.96
1990-1999       93      0.20759  0.18807  0.50   18971    3568   17187    69575   3.67
1990-1999       94      0.22873  0.20526  0.50   15403    3162   13822    52388   3.40
1990-1999       95      0.25491  0.22610  0.50   12242    2768   10858    38565   3.15
1990-1999       96      0.28153  0.24679  0.50    9474    2338    8305    27708   2.92
1990-1999       97      0.30977  0.26823  0.50    7136    1914    6179    19403   2.72
1990-1999       98      0.33951  0.29024  0.50    5222    1516    4464    13224   2.53
1990-1999       99      0.37057  0.31264  0.50    3706    1159    3127     8760   2.36
1990-1999      100      0.40273  0.33523  0.50    2547     854    2121     5633   2.21
1990-1999      101      0.43576  0.35780  0.50    1694     606    1391     3513   2.07
1990-1999      102      0.46936  0.38015  0.50    1088     413     881     2122   1.95
1990-1999      103      0.50325  0.40208  0.50     674     271     539     1241   1.84
1990-1999      104      0.53710  0.42340  0.50     403     171     318      703   1.74
1990-1999      105      0.57062  0.44396  0.50     232     103     181      385   1.66
1990-1999      106      0.60350  0.46361  0.50     129      60      99      204   1.58
1990-1999      107      0.63548  0.48225  0.50      69      33      53      105   1.51
1990-1999      108      0.66630  0.49979  0.50      36      18      27       52   1.46
1990-1999      109      0.69576  0.51619  0.50      18       9      13       25   1.41
1990-1999      110+     0.72370  1.00000  1.38       9       9      12       12   1.38
2000-2009        0      0.00263  0.00263  0.14  100000     263   99775  8548722  85.49
2000-2009        1      0.00039  0.00039  0.50   99737      39   99718  8448947  84.71
2000-2009        2      0.00023  0.00023  0.50   99698      23   99687  8349230  83.74
2000-2009        3      0.00017  0.00017  0.50   99676      17   99667  8249543  82.76
2000-2009        4      0.00013  0.00013  0.50   99659      13   99652  8149875  81.78
2000-2009        5      0.00011  0.00011  0.50   99645      11   99640  8050223  80.79
2000-2009        6      0.00010  0.00010  0.50   99634      10   99629  7950584  79.80
2000-2009        7      0.00010  0.00010  0.50   99624      10   99620  7850954  78.81
2000-2009        8      0.00008  0.00008  0.50   99615       8   99611  7751334  77.81
2000-2009        9      0.00007  0.00007  0.50   99607       7   99603  7651724  76.82
2000-2009       10      0.00008  0.00008  0.50   99599       8   99595  7552121  75.83
2000-2009       11      0.00006  0.00006  0.50   99592       6   99588  7452525  74.83
2000-2009       12      0.00007  0.00007  0.50   99585       7   99582  7352937  73.84
2000-2009       13      0.00008  0.00008  0.50   99578       8   99574  7253355  72.84
2000-2009       14      0.00009  0.00009  0.50   99570       9   99565  7153781  71.85
2000-2009       15      0.00012  0.00012  0.50   99561      12   99554  7054216  70.85
2000-2009       16      0.00016  0.00016  0.50   99548      16   99541  6954661  69.86
2000-2009       17      0.00018  0.00018  0.50   99533      18   99524  6855121  68.87
2000-2009       18      0.00021  0.00021  0.50   99515      21   99505  6755597  67.89
2000-2009       19      0.00025  0.00025  0.50   99494      25   99482  6656092  66.90
2000-2009       20      0.00025  0.00025  0.50   99470      25   99457  6556611  65.92
2000-2009       21      0.00026  0.00026  0.50   99444      26   99431  6457154  64.93
2000-2009       22      0.00028  0.00028  0.50   99418      28   99404  6357722  63.95
2000-2009       23      0.00029  0.00029  0.50   99390      29   99375  6258318  62.97
2000-2009       24      0.00029  0.00029  0.50   99361      29   99346  6158943  61.99
2000-2009       25      0.00030  0.00030  0.50   99332      30   99317  6059597  61.00
2000-2009       26      0.00030  0.00030  0.50   99302      30   99287  5960280  60.02
2000-2009       27      0.00031  0.00031  0.50   99272      31   99256  5860993  59.04
2000-2009       28      0.00033  0.00033  0.50   99241      33   99225  5761737  58.06
2000-2009       29      0.00035  0.00035  0.50   99208      35   99191  5662512  57.08
2000-2009       30      0.00037  0.00037  0.50   99174      36   99155  5563322  56.10
2000-2009       31      0.00039  0.00039  0.50   99137      39   99118  5464166  55.12
2000-2009       32      0.00041  0.00041  0.50   99098      41   99078  5365048  54.14
2000-2009       33      0.00043  0.00043  0.50   99058      42   99036  5265970  53.16
2000-2009       34      0.00048  0.00048  0.50   99015      47   98992  5166934  52.18
2000-2009       35      0.00051  0.00051  0.50   98968      50   98943  5067942  51.21
2000-2009       36      0.00054  0.00054  0.50   98918      54   98891  4969000  50.23
2000-2009       37      0.00060  0.00060  0.50   98864      59   98834  4870109  49.26
2000-2009       38      0.00064  0.00064  0.50   98805      63   98773  4771275  48.29
2000-2009       39      0.00070  0.00070  0.50   98742      69   98707  4672501  47.32
2000-2009       40      0.00073  0.00073  0.50   98673      72   98637  4573794  46.35
2000-2009       41      0.00081  0.00081  0.50   98601      80   98561  4475157  45.39
2000-2009       42      0.00087  0.00087  0.50   98521      85   98478  4376596  44.42
2000-2009       43      0.00095  0.00095  0.50   98436      94   98389  4278118  43.46
2000-2009       44      0.00105  0.00105  0.50   98342     103   98291  4179729  42.50
2000-2009       45      0.00113  0.00113  0.50   98239     111   98184  4081438  41.55
2000-2009       46      0.00126  0.00126  0.50   98129     123   98067  3983254  40.59
2000-2009       47      0.00134  0.00134  0.50   98005     131   97940  3885187  39.64
2000-2009       48      0.00150  0.00149  0.50   97875     146   97801  3787247  38.69
2000-2009       49      0.00162  0.00162  0.50   97728     158   97649  3689445  37.75
2000-2009       50      0.00180  0.00180  0.50   97570     176   97483  3591796  36.81
2000-2009       51      0.00196  0.00196  0.50   97395     191   97299  3494313  35.88
2000-2009       52      0.00210  0.00210  0.50   97204     204   97102  3397014  34.95
2000-2009       53      0.00229  0.00229  0.50   97000     222   96889  3299913  34.02
2000-2009       54      0.00246  0.00246  0.50   96778     238   96659  3203024  33.10
2000-2009       55      0.00262  0.00262  0.50   96540     253   96413  3106365  32.18
2000-2009       56      0.00279  0.00278  0.50   96287     268   96153  3009952  31.26
2000-2009       57      0.00297  0.00297  0.50   96019     285   95877  2913799  30.35
2000-2009       58      0.00319  0.00318  0.50   95734     305   95582  2817922  29.43
2000-2009       59      0.00339  0.00339  0.50   95430     323   95268  2722340  28.53
2000-2009       60      0.00362  0.00361  0.50   95106     344   94934  2627072  27.62
2000-2009       61      0.00391  0.00390  0.50   94762     370   94578  2532138  26.72
2000-2009       62      0.00419  0.00418  0.50   94393     395   94195  2437560  25.82
2000-2009       63      0.00459  0.00458  0.50   93998     431   93782  2343365  24.93
2000-2009       64      0.00498  0.00497  0.50   93567     465   93335  2249582  24.04
2000-2009       65      0.00544  0.00542  0.50   93102     505   92850  2156248  23.16
2000-2009       66      0.00593  0.00592  0.50   92597     548   92323  2063398  22.28
2000-2009       67      0.00657  0.00655  0.50   92049     603   91748  1971075  21.41
2000-2009       68      0.00726  0.00723  0.50   91446     661   91116  1879327  20.55
2000-2009       69      0.00805  0.00802  0.50   90785     728   90421  1788212  19.70
2000-2009       70      0.00898  0.00894  0.50   90057     805   89655  1697791  18.85
2000-2009       71      0.00993  0.00988  0.50   89252     881   88811  1608136  18.02
2000-2009       72      0.01112  0.01105  0.50   88371     977   87882  1519325  17.19
2000-2009       73      0.01242  0.01234  0.50   87394    1078   86855  1431443  16.38
2000-2009       74      0.01380  0.01371  0.50   86315    1183   85724  1344588  15.58
2000-2009       75      0.01560  0.01548  0.50   85132    1318   84473  1258864  14.79
2000-2009       76      0.01758  0.01742  0.50   83815    1460   83084  1174391  14.01
2000-2009       77      0.01994  0.01974  0.50   82354    1626   81541  1091307  13.25
2000-2009       78      0.02258  0.02233  0.50   80728    1803   79827  1009765  12.51
2000-2009       79      0.02569  0.02537  0.50   78925    2002   77924   929938  11.78
2000-2009       80      0.02953  0.02910  0.50   76923    2239   75804   852014  11.08
2000-2009       81      0.03384  0.03327  0.50   74685    2485   73442   776210  10.39
2000-2009       82      0.03870  0.03796  0.50   72200    2741   70829   702768   9.73
2000-2009       83      0.04425  0.04329  0.50   69459    3007   67955   631938   9.10
2000-2009       84      0.05091  0.04965  0.50   66452    3299   64802   563983   8.49
2000-2009       85      0.05856  0.05689  0.50   63153    3593   61356   499181   7.90
2000-2009       86      0.06675  0.06459  0.50   59560    3847   57636   437825   7.35
2000-2009       87      0.07681  0.07397  0.50   55713    4121   53652   380188   6.82
2000-2009       88      0.08760  0.08392  0.50   51592    4330   49427   326536   6.33
2000-2009       89      0.09995  0.09520  0.50   47262    4499   45012   277109   5.86
2000-2009       90      0.11366  0.10755  0.50   42763    4599   40463   232097   5.43
2000-2009       91      0.12920  0.12136  0.50   38164    4632   35848   191634   5.02
2000-2009       92      0.14490  0.13511  0.50   33532    4530   31267   155786   4.65
2000-2009       93      0.16394  0.15152  0.50   29002    4394   26805   124519   4.29
2000-2009       94      0.18294  0.16761  0.50   24607    4124   22545    97714   3.97
2000-2009       95      0.20426  0.18533  0.50   20483    3796   18585    75169   3.67
2000-2009       96      0.22827  0.20489  0.50   16687    3419   14977    56584   3.39
2000-2009       97      0.25420  0.22554  0.50   13268    2992   11772    41607   3.14
2000-2009       98      0.28200  0.24715  0.50   10275    2540    9006    29835   2.90
2000-2009       99      0.31157  0.26957  0.50    7736    2085    6693    20830   2.69
2000-2009      100      0.34276  0.29261  0.50    5650    1653    4824    14137   2.50
2000-2009      101      0.37537  0.31605  0.50    3997    1263    3365     9313   2.33
2000-2009      102      0.40915  0.33966  0.50    2734     929    2269     5947   2.18
2000-2009      103      0.44381  0.36321  0.50    1805     656    1477     3678   2.04
2000-2009      104      0.47903  0.38646  0.50    1150     444     927     2200   1.91
2000-2009      105      0.51445  0.40920  0.50     705     289     561     1273   1.81
2000-2009      106      0.54973  0.43121  0.50     417     180     327      712   1.71
2000-2009      107      0.58452  0.45232  0.50     237     107     183      385   1.63
2000-2009      108      0.61849  0.47240  0.50     130      61      99      202   1.55
2000-2009      109      0.65133  0.49132  0.50      68      34      52      103   1.50
2000-2009      110+     0.68280  1.00000  1.46      35      35      51       51   1.46
2010-2019        0      0.00199  0.00198  0.14  100000     198   99830  8680026  86.80
2010-2019        1      0.00033  0.00033  0.50   99802      33   99785  8580196  85.97
2010-2019        2      0.00019  0.00019  0.50   99768      19   99759  8480411  85.00
2010-2019        3      0.00013  0.00013  0.50   99750      13   99743  8380651  84.02
2010-2019        4      0.00011  0.00011  0.50   99736      10   99731  8280908  83.03
2010-2019        5      0.00010  0.00010  0.50   99726      10   99721  8181177  82.04
2010-2019        6      0.00009  0.00009  0.50   99716       9   99712  8081456  81.04
2010-2019        7      0.00007  0.00007  0.50   99708       7   99704  7981744  80.05
2010-2019        8      0.00006  0.00006  0.50   99701       6   99698  7882040  79.06
2010-2019        9      0.00007  0.00007  0.50   99694       7   99691  7782343  78.06
2010-2019       10      0.00007  0.00007  0.50   99688       7   99685  7682651  77.07
2010-2019       11      0.00007  0.00007  0.50   99681       7   99678  7582967  76.07
2010-2019       12      0.00007  0.00007  0.50   99675       7   99671  7483289  75.08
2010-2019       13      0.00007  0.00007  0.50   99668       7   99664  7383617  74.08
2010-2019       14      0.00009  0.00009  0.50   99661       9   99656  7283953  73.09
2010-2019       15      0.00011  0.00011  0.50   99652      11   99646  7184297  72.09
2010-2019       16      0.00013  0.00013  0.50   99641      13   99635  7084650  71.10
2010-2019       17      0.00014  0.00014  0.50   99628      14   99621  6985016  70.11
2010-2019       18      0.00016  0.00016  0.50   99614      16   99606  6885394  69.12
2010-2019       19      0.00019  0.00019  0.50   99598      19   99589  6785788  68.13
2010-2019       20      0.00021  0.00021  0.50   99580      21   99569  6686199  67.14
2010-2019       21      0.00022  0.00022  0.50   99559      22   99548  6586630  66.16
2010-2019       22      0.00024  0.00024  0.50   99537      24   99525  6487082  65.17
2010-2019       23      0.00024  0.00024  0.50   99513      24   99501  6387556  64.19
2010-2019       24      0.00024  0.00024  0.50   99489      24   99477  6288055  63.20
2010-2019       25      0.00025  0.00025  0.50   99465      25   99453  6188578  62.22
2010-2019       26      0.00027  0.00027  0.50   99440      27   99427  6089126  61.23
2010-2019       27      0.00028  0.00028  0.50   99413      28   99399  5989699  60.25
2010-2019       28      0.00028  0.00028  0.50   99385      28   99371  5890300  59.27
2010-2019       29      0.00030  0.00030  0.50   99357      30   99342  5790929  58.28
2010-2019       30      0.00032  0.00032  0.50   99327      32   99311  5691587  57.30
2010-2019       31      0.00034  0.00034  0.50   99295      34   99278  5592275  56.32
2010-2019       32      0.00036  0.00036  0.50   99261      36   99244  5492997  55.34
2010-2019       33      0.00037  0.00037  0.50   99226      37   99207  5393753  54.36
2010-2019       34      0.00041  0.00041  0.50   99189      41   99168  5294546  53.38
2010-2019       35      0.00044  0.00044  0.50   99148      44   99126  5195378  52.40
2010-2019       36      0.00047  0.00047  0.50   99104      46   99081  5096251  51.42
2010-2019       37      0.00050  0.00050  0.50   99058      49   99034  4997170  50.45
2010-2019       38      0.00054  0.00054  0.50   99009      54   98982  4898137  49.47
2010-2019       39      0.00059  0.00059  0.50   98955      58   98926  4799155  48.50
2010-2019       40      0.00065  0.00065  0.50   98897      65   98865  4700229  47.53
2010-2019       41      0.00070  0.00070  0.50   98832      69   98798  4601364  46.56
2010-2019       42      0.00077  0.00077  0.50   98763      76   98725  4502566  45.59
2010-2019       43      0.00081  0.00081  0.50   98687      80   98647  4403841  44.62
2010-2019       44      0.00091  0.00091  0.50   98607      89   98563  4305193  43.66
2010-2019       45      0.00099  0.00099  0.50   98518      97   98469  4206631  42.70
2010-2019       46      0.00108  0.00108  0.50   98421     106   98368  4108161  41.74
2010-2019       47      0.00118  0.00118  0.50   98315     116   98257  4009794  40.79
2010-2019       48      0.00131  0.00131  0.50   98199     128   98135  3911537  39.83
2010-2019       49      0.00143  0.00142  0.50   98071     140   98001  3813402  38.88
2010-2019       50      0.00155  0.00155  0.50   97931     152   97855  3715401  37.94
2010-2019       51      0.00167  0.00166  0.50   97779     163   97697  3617546  37.00
2010-2019       52      0.00179  0.00179  0.50   97616     175   97529  3519849  36.06
2010-2019       53      0.00198  0.00198  0.50   97441     192   97345  3422320  35.12
2010-2019       54      0.00209  0.00209  0.50   97249     203   97147  3324975  34.19
2010-2019       55      0.00221  0.00221  0.50   97045     214   96938  3227828  33.26
2010-2019       56      0.00239  0.00239  0.50   96831     231   96715  3130890  32.33
2010-2019       57      0.00257  0.00257  0.50   96600     248   96476  3034175  31.41
2010-2019       58      0.00273  0.00273  0.50   96351     263   96220  2937699  30.49
2010-2019       59      0.00296  0.00296  0.50   96088     284   95946  2841479  29.57
2010-2019       60      0.00321  0.00321  0.50   95804     307   95650  2745533  28.66
2010-2019       61      0.00346  0.00345  0.50   95497     330   95332  2649883  27.75
2010-2019       62      0.00375  0.00375  0.50   95167     357   94989  2554551  26.84
2010-2019       63      0.00402  0.00401  0.50   94810     380   94620  2459562  25.94
2010-2019       64      0.00432  0.00431  0.50   94430     407   94226  2364942  25.04
2010-2019       65      0.00475  0.00474  0.50   94023     445   93800  2270715  24.15
2010-2019       66      0.00513  0.00511  0.50   93577     479   93338  2176915  23.26
2010-2019       67      0.00555  0.00553  0.50   93099     515   92841  2083577  22.38
2010-2019       68      0.00610  0.00609  0.50   92584     563   92302  1990736  21.50
2010-2019       69      0.00671  0.00669  0.50   92020     616   91712  1898434  20.63
2010-2019       70      0.00737  0.00734  0.50   91405     671   91069  1806722  19.77
2010-2019       71      0.00814  0.00811  0.50   90733     736   90366  1715653  18.91
2010-2019       72      0.00897  0.00893  0.50   89998     804   89596  1625287  18.06
2010-2019       73      0.01002  0.00997  0.50   89194     889   88749  1535691  17.22
2010-2019       74      0.01117  0.01111  0.50   88305     981   87814  1446942  16.39
2010-2019       75      0.01262  0.01254  0.50   87324    1095   86776  1359128  15.56
2010-2019       76      0.01421  0.01411  0.50   86229    1216   85620  1272352  14.76
2010-2019       77      0.01619  0.01606  0.50   85012    1366   84329  1186732  13.96
2010-2019       78      0.01849  0.01832  0.50   83646    1533   82880  1102402  13.18
2010-2019       79      0.02123  0.02101  0.50   82114    1725   81251  1019522  12.42
2010-2019       80      0.02454  0.02424  0.50   80389    1948   79415   938271  11.67
2010-2019       81      0.02818  0.02779  0.50   78441    2180   77351   858856  10.95
2010-2019       82      0.03224  0.03173  0.50   76261    2419   75051   781505  10.25
2010-2019       83      0.03738  0.03669  0.50   73841    2709   72486   706454   9.57
2010-2019       84      0.04327  0.04236  0.50   71132    3013   69625   633968   8.91
2010-2019       85      0.05018  0.04895  0.50   68119    3334   66452   564343   8.28
2010-2019       86      0.05783  0.05621  0.50   64785    3641   62964   497891   7.69
2010-2019       87      0.06704  0.06487  0.50   61143    3966   59160   434927   7.11
2010-2019       88      0.07771  0.07481  0.50   57177    4277   55038   375767   6.57
2010-2019       89      0.08984  0.08598  0.50   52900    4548   50626   320729   6.06
2010-2019       90      0.10408  0.09893  0.50   48352    4784   45960   270103   5.59
2010-2019       91      0.11971  0.11295  0.50   43568    4921   41107   224143   5.14
2010-2019       92      0.13624  0.12755  0.50   38647    4929   36182   183036   4.74
2010-2019       93      0.15533  0.14413  0.50   33718    4860   31288   146854   4.36
2010-2019       94      0.17588  0.16166  0.50   28858    4665   26525   115566   4.00
2010-2019       95      0.19882  0.18084  0.50   24193    4375   22005    89041   3.68
2010-2019       96      0.22447  0.20182  0.50   19818    4000   17818    67036   3.38
2010-2019       97      0.25240  0.22412  0.50   15818    3545   14045    49218   3.11
2010-2019       98      0.28253  0.24756  0.50   12273    3038   10754    35173   2.87
2010-2019       99      0.31475  0.27195  0.50    9235    2511    7979    24419   2.64
2010-2019      100      0.34885  0.29704  0.50    6723    1997    5725    16440   2.45
2010-2019      101      0.38458  0.32256  0.50    4726    1524    3964    10715   2.27
2010-2019      102      0.42159  0.34820  0.50    3202    1115    2644     6751   2.11
2010-2019      103      0.45951  0.37366  0.50    2087     780    1697     4107   1.97
2010-2019      104      0.49791  0.39866  0.50    1307     521    1047     2410   1.84
2010-2019      105      0.53632  0.42291  0.50     786     332     620     1363   1.73
2010-2019      106      0.57431  0.44619  0.50     454     202     352      744   1.64
2010-2019      107      0.61145  0.46828  0.50     251     118     192      391   1.56
2010-2019      108      0.64733  0.48904  0.50     134      65     101      199   1.49
2010-2019      109      0.68163  0.50837  0.50      68      35      51       98   1.43
2010-2019      110+     0.71406  1.00000  1.40      34      34      47       47   1.40
