Northern Ireland, Life tables (period 5x5), Females	Last modified: 10 Jul 2020;  Methods Protocol: v6 (2017)

  Year          Age         mx       qx    ax      lx      dx      Lx       Tx     ex
1922-1924        0      0.07465  0.07101  0.31  100000    7101   95129  5518028  55.18
1922-1924      1-4      0.01092  0.04245  1.31   92899    3943  360982  5422898  58.37
1922-1924      5-9      0.00252  0.01253  2.21   88956    1115  441665  5061916  56.90
1922-1924     10-14     0.00229  0.01137  2.72   87841     999  436927  4620251  52.60
1922-1924     15-19     0.00418  0.02070  2.68   86842    1798  430033  4183324  48.17
1922-1924     20-24     0.00542  0.02675  2.56   85044    2275  419670  3753291  44.13
1922-1924     25-29     0.00665  0.03271  2.57   82769    2707  407255  3333621  40.28
1922-1924     30-34     0.00696  0.03419  2.47   80062    2738  393396  2926365  36.55
1922-1924     35-39     0.00798  0.03916  2.60   77325    3028  379350  2532969  32.76
1922-1924     40-44     0.00930  0.04545  2.47   74297    3377  362944  2153619  28.99
1922-1924     45-49     0.01090  0.05314  2.69   70919    3769  345906  1790674  25.25
1922-1924     50-54     0.01744  0.08363  2.55   67151    5616  322019  1444768  21.52
1922-1924     55-59     0.02115  0.10072  2.63   61535    6198  293017  1122750  18.25
1922-1924     60-64     0.03158  0.14634  2.50   55337    8098  256455   829733  14.99
1922-1924     65-69     0.03681  0.16917  2.61   47239    7991  217117   573278  12.14
1922-1924     70-74     0.07462  0.31627  2.59   39248   12413  166347   356161   9.07
1922-1924     75-79     0.10417  0.40854  2.36   26835   10963  105239   189815   7.07
1922-1924     80-84     0.16492  0.57261  2.33   15872    9088   55107    84576   5.33
1922-1924     85-89     0.20808  0.65221  2.14    6783    4424   21263    29469   4.34
1922-1924     90-94     0.27009  0.75538  2.08    2359    1782    6598     8206   3.48
1922-1924     95-99     0.34719  0.83617  1.90     577     483    1390     1608   2.79
1922-1924    100-104    0.42623  0.89321  1.75      95      84     198      218   2.30
1922-1924    105-109    0.50930  0.93222  1.60      10       9      18       20   1.95
1922-1924    110+       0.57669  1.00000  1.73       1       1       1        1   1.73
1925-1929        0      0.07611  0.07233  0.31  100000    7233   95039  5613383  56.13
1925-1929      1-4      0.01115  0.04329  1.28   92767    4015  360128  5518345  59.49
1925-1929      5-9      0.00246  0.01222  2.27   88751    1084  440790  5158216  58.12
1925-1929     10-14     0.00223  0.01107  2.63   87667     971  436036  4717426  53.81
1925-1929     15-19     0.00368  0.01823  2.66   86696    1581  429786  4281390  49.38
1925-1929     20-24     0.00489  0.02415  2.56   85115    2056  420563  3851604  45.25
1925-1929     25-29     0.00530  0.02617  2.51   83059    2174  409887  3431041  41.31
1925-1929     30-34     0.00614  0.03027  2.56   80886    2449  398464  3021155  37.35
1925-1929     35-39     0.00677  0.03331  2.53   78437    2613  385737  2622691  33.44
1925-1929     40-44     0.00881  0.04312  2.60   75824    3269  371276  2236954  29.50
1925-1929     45-49     0.01042  0.05082  2.57   72555    3687  353812  1865678  25.71
1925-1929     50-54     0.01542  0.07438  2.63   68868    5122  332181  1511866  21.95
1925-1929     55-59     0.02000  0.09542  2.59   63746    6083  304080  1179685  18.51
1925-1929     60-64     0.03027  0.14095  2.56   57663    8127  268511   875605  15.18
1925-1929     65-69     0.03978  0.18193  2.66   49535    9012  226563   607094  12.26
1925-1929     70-74     0.07449  0.31385  2.49   40523   12718  170730   380532   9.39
1925-1929     75-79     0.08697  0.35554  2.44   27805    9886  113674   209802   7.55
1925-1929     80-84     0.16007  0.56252  2.36   17919   10080   62970    96127   5.36
1925-1929     85-89     0.21524  0.66596  2.14    7839    5221   24255    33157   4.23
1925-1929     90-94     0.27540  0.76429  2.09    2619    2001    7267     8902   3.40
1925-1929     95-99     0.36598  0.85297  1.87     617     526    1439     1635   2.65
1925-1929    100-104    0.45535  0.90971  1.70      91      83     181      196   2.16
1925-1929    105-109    0.54789  0.94577  1.54       8       8      14       15   1.81
1925-1929    110+       0.62237  1.00000  1.61       0       0       1        1   1.61
1930-1934        0      0.06854  0.06545  0.31  100000    6545   95501  5871457  58.71
1930-1934      1-4      0.00824  0.03225  1.30   93455    3014  365676  5775956  61.80
1930-1934      5-9      0.00213  0.01057  2.17   90440     956  449493  5410280  59.82
1930-1934     10-14     0.00192  0.00956  2.72   89484     856  445467  4960788  55.44
1930-1934     15-19     0.00316  0.01568  2.62   88628    1390  439834  4515321  50.95
1930-1934     20-24     0.00401  0.01987  2.53   87239    1733  431920  4075486  46.72
1930-1934     25-29     0.00427  0.02115  2.55   85505    1808  423103  3643567  42.61
1930-1934     30-34     0.00509  0.02513  2.54   83697    2104  413300  3220464  38.48
1930-1934     35-39     0.00601  0.02963  2.59   81594    2417  402140  2807164  34.40
1930-1934     40-44     0.00723  0.03552  2.52   79176    2812  388915  2405023  30.38
1930-1934     45-49     0.00921  0.04507  2.67   76364    3442  373802  2016108  26.40
1930-1934     50-54     0.01366  0.06612  2.57   72922    4821  352880  1642306  22.52
1930-1934     55-59     0.01820  0.08725  2.64   68100    5942  326461  1289426  18.93
1930-1934     60-64     0.02703  0.12683  2.57   62158    7884  291640   962965  15.49
1930-1934     65-69     0.03905  0.17897  2.67   54275    9714  248723   671324  12.37
1930-1934     70-74     0.07417  0.31352  2.53   44561   13971  188352   422601   9.48
1930-1934     75-79     0.08903  0.36029  2.35   30590   11021  123795   234250   7.66
1930-1934     80-84     0.14954  0.53470  2.34   19569   10463   69973   110454   5.64
1930-1934     85-89     0.19979  0.64207  2.22    9105    5846   29262    40482   4.45
1930-1934     90-94     0.27258  0.75677  2.06    3259    2466    9048    11220   3.44
1930-1934     95-99     0.35248  0.84201  1.90     793     667    1894     2172   2.74
1930-1934    100-104    0.44248  0.90326  1.72     125     113     256      278   2.22
1930-1934    105-109    0.53658  0.94238  1.56      12      11      21       22   1.85
1930-1934    110+       0.61262  1.00000  1.63       1       1       1        1   1.63
1935-1939        0      0.07315  0.06965  0.31  100000    6965   95223  5938014  59.38
1935-1939      1-4      0.00752  0.02947  1.33   93035    2742  364809  5842791  62.80
1935-1939      5-9      0.00206  0.01024  2.27   90293     925  448939  5477983  60.67
1935-1939     10-14     0.00174  0.00867  2.56   89368     774  444950  5029043  56.27
1935-1939     15-19     0.00252  0.01251  2.71   88594    1108  440435  4584093  51.74
1935-1939     20-24     0.00356  0.01763  2.53   87486    1542  433621  4143657  47.36
1935-1939     25-29     0.00387  0.01915  2.53   85944    1646  425651  3710036  43.17
1935-1939     30-34     0.00444  0.02196  2.57   84297    1851  416982  3284385  38.96
1935-1939     35-39     0.00515  0.02545  2.55   82446    2098  407095  2867403  34.78
1935-1939     40-44     0.00669  0.03292  2.59   80348    2645  395372  2460308  30.62
1935-1939     45-49     0.00833  0.04082  2.60   77703    3172  380912  2064937  26.57
1935-1939     50-54     0.01299  0.06300  2.64   74532    4695  361584  1684024  22.59
1935-1939     55-59     0.01767  0.08476  2.60   69837    5919  334987  1322441  18.94
1935-1939     60-64     0.02750  0.12897  2.59   63917    8244  299761   987453  15.45
1935-1939     65-69     0.03959  0.18096  2.63   55674   10075  254505   687692  12.35
1935-1939     70-74     0.06967  0.29756  2.55   45599   13568  194743   433188   9.50
1935-1939     75-79     0.09819  0.39180  2.42   32031   12550  127813   238445   7.44
1935-1939     80-84     0.14877  0.53322  2.34   19481   10388   69823   110632   5.68
1935-1939     85-89     0.19740  0.63461  2.19    9093    5771   29233    40809   4.49
1935-1939     90-94     0.26681  0.75394  2.12    3323    2505    9389    11576   3.48
1935-1939     95-99     0.36140  0.84996  1.88     818     695    1923     2187   2.68
1935-1939    100-104    0.45638  0.91076  1.70     123     112     245      264   2.16
1935-1939    105-109    0.55489  0.94820  1.53      11      10      19       20   1.79
1935-1939    110+       0.63405  1.00000  1.58       1       1       1        1   1.58
1940-1944        0      0.07198  0.06859  0.31  100000    6859   95295  6125346  61.25
1940-1944      1-4      0.00563  0.02218  1.45   93141    2066  367293  6030051  64.74
1940-1944      5-9      0.00182  0.00906  2.20   91075     825  453060  5662758  62.18
1940-1944     10-14     0.00143  0.00711  2.70   90250     642  449772  5209698  57.73
1940-1944     15-19     0.00259  0.01285  2.62   89608    1152  445301  4759926  53.12
1940-1944     20-24     0.00310  0.01541  2.59   88456    1363  438996  4314624  48.78
1940-1944     25-29     0.00359  0.01780  2.50   87093    1550  431590  3875628  44.50
1940-1944     30-34     0.00394  0.01953  2.55   85543    1670  423630  3444038  40.26
1940-1944     35-39     0.00470  0.02326  2.57   83873    1950  414625  3020408  36.01
1940-1944     40-44     0.00552  0.02725  2.56   81923    2233  404157  2605783  31.81
1940-1944     45-49     0.00754  0.03704  2.65   79690    2952  391525  2201626  27.63
1940-1944     50-54     0.01083  0.05278  2.57   76738    4051  373849  1810101  23.59
1940-1944     55-59     0.01504  0.07267  2.68   72687    5282  351183  1436252  19.76
1940-1944     60-64     0.02437  0.11507  2.57   67405    7756  318203  1085069  16.10
1940-1944     65-69     0.03539  0.16345  2.67   59649    9749  275516   766867  12.86
1940-1944     70-74     0.06759  0.29001  2.55   49899   14471  214094   491351   9.85
1940-1944     75-79     0.08797  0.35860  2.42   35428   12704  144411   277257   7.83
1940-1944     80-84     0.14254  0.51835  2.37   22724   11779   82636   132846   5.85
1940-1944     85-89     0.19077  0.62342  2.22   10945    6823   35766    50211   4.59
1940-1944     90-94     0.26582  0.74983  2.09    4122    3090   11626    14444   3.50
1940-1944     95-99     0.35292  0.84297  1.90    1031     869    2463     2818   2.73
1940-1944    100-104    0.44805  0.90665  1.72     162     147     328      355   2.19
1940-1944    105-109    0.54736  0.94605  1.54      15      14      26       27   1.81
1940-1944    110+       0.62740  1.00000  1.59       1       1       1        1   1.59
1945-1949        0      0.04800  0.04629  0.23  100000    4629   96449  6617547  66.18
1945-1949      1-4      0.00282  0.01120  1.40   95371    1068  378704  6521098  68.38
1945-1949      5-9      0.00087  0.00434  2.18   94302     410  470356  6142393  65.14
1945-1949     10-14     0.00086  0.00428  2.78   93893     402  468571  5672038  60.41
1945-1949     15-19     0.00172  0.00859  2.71   93491     803  465616  5203467  55.66
1945-1949     20-24     0.00234  0.01162  2.52   92688    1077  460773  4737851  51.12
1945-1949     25-29     0.00250  0.01242  2.58   91610    1138  455293  4277078  46.69
1945-1949     30-34     0.00289  0.01437  2.51   90472    1300  449128  3821785  42.24
1945-1949     35-39     0.00331  0.01640  2.57   89172    1463  442303  3372658  37.82
1945-1949     40-44     0.00417  0.02064  2.63   87710    1811  434250  2930354  33.41
1945-1949     45-49     0.00600  0.02958  2.63   85899    2541  423474  2496104  29.06
1945-1949     50-54     0.00858  0.04204  2.61   83358    3505  408419  2072630  24.86
1945-1949     55-59     0.01221  0.05936  2.67   79854    4740  388206  1664211  20.84
1945-1949     60-64     0.02094  0.09977  2.63   75113    7494  357817  1276006  16.99
1945-1949     65-69     0.03076  0.14344  2.65   67619    9700  315304   918189  13.58
1945-1949     70-74     0.05819  0.25529  2.60   57919   14786  254086   602885  10.41
1945-1949     75-79     0.08655  0.35456  2.45   43133   15293  176706   348799   8.09
1945-1949     80-84     0.12932  0.48511  2.43   27840   13505  104434   172093   6.18
1945-1949     85-89     0.18505  0.61203  2.23   14334    8773   47410    67659   4.72
1945-1949     90-94     0.25235  0.73359  2.15    5561    4080   16167    20249   3.64
1945-1949     95-99     0.34909  0.84052  1.92    1482    1245    3567     4082   2.75
1945-1949    100-104    0.45115  0.90890  1.72     236     215     476      514   2.18
1945-1949    105-109    0.55779  0.94952  1.53      22      20      37       38   1.78
1945-1949    110+       0.64345  1.00000  1.55       1       1       2        2   1.55
1950-1954        0      0.03455  0.03360  0.18  100000    3360   97247  6963720  69.64
1950-1954      1-4      0.00147  0.00587  1.52   96640     568  385154  6866473  71.05
1950-1954      5-9      0.00045  0.00225  2.17   96072     216  479752  6481319  67.46
1950-1954     10-14     0.00038  0.00192  2.63   95857     184  478847  6001567  62.61
1950-1954     15-19     0.00060  0.00301  2.71   95673     288  477704  5522720  57.73
1950-1954     20-24     0.00100  0.00500  2.69   95384     477  475817  5045016  52.89
1950-1954     25-29     0.00143  0.00715  2.58   94907     678  472893  4569199  48.14
1950-1954     30-34     0.00177  0.00881  2.61   94229     831  469159  4096306  43.47
1950-1954     35-39     0.00223  0.01109  2.58   93398    1036  464487  3627147  38.84
1950-1954     40-44     0.00319  0.01583  2.65   92362    1462  458372  3162659  34.24
1950-1954     45-49     0.00477  0.02359  2.70   90901    2144  449576  2704287  29.75
1950-1954     50-54     0.00776  0.03811  2.62   88756    3382  435722  2254711  25.40
1950-1954     55-59     0.01084  0.05287  2.69   85374    4514  416426  1818990  21.31
1950-1954     60-64     0.01902  0.09098  2.63   80860    7357  386880  1402564  17.35
1950-1954     65-69     0.02946  0.13787  2.68   73504   10134  344050  1015683  13.82
1950-1954     70-74     0.05356  0.23696  2.57   63370   15016  280384   671634  10.60
1950-1954     75-79     0.08103  0.33769  2.54   48354   16328  201521   391249   8.09
1950-1954     80-84     0.13500  0.50059  2.42   32025   16031  118747   189728   5.92
1950-1954     85-89     0.19750  0.63906  2.24   15994   10221   51753    70981   4.44
1950-1954     90-94     0.27952  0.76955  2.08    5773    4442   15893    19228   3.33
1950-1954     95-99     0.38676  0.87123  1.85    1330    1159    2997     3334   2.51
1950-1954    100-104    0.50093  0.93153  1.63     171     160     319      338   1.97
1950-1954    105-109    0.61560  0.96383  1.44      12      11      18       19   1.62
1950-1954    110+       0.70487  1.00000  1.42       0       0       1        1   1.42
1955-1959        0      0.02783  0.02719  0.15  100000    2719   97702  7177798  71.78
1955-1959      1-4      0.00093  0.00373  1.52   97281     362  388226  7080096  72.78
1955-1959      5-9      0.00036  0.00179  2.08   96919     173  484088  6691870  69.05
1955-1959     10-14     0.00028  0.00140  2.71   96746     136  483418  6207782  64.17
1955-1959     15-19     0.00044  0.00220  2.81   96610     213  482582  5724364  59.25
1955-1959     20-24     0.00049  0.00244  2.83   96397     236  481475  5241782  54.38
1955-1959     25-29     0.00070  0.00350  2.59   96161     336  479997  4760307  49.50
1955-1959     30-34     0.00109  0.00541  2.66   95825     519  477913  4280310  44.67
1955-1959     35-39     0.00180  0.00894  2.62   95306     852  474501  3802397  39.90
1955-1959     40-44     0.00263  0.01308  2.77   94455    1235  469522  3327896  35.23
1955-1959     45-49     0.00401  0.01989  2.67   93220    1854  461782  2858374  30.66
1955-1959     50-54     0.00650  0.03199  2.60   91366    2923  449824  2396592  26.23
1955-1959     55-59     0.00943  0.04611  2.64   88443    4078  432587  1946768  22.01
1955-1959     60-64     0.01677  0.08071  2.66   84364    6809  405914  1514181  17.95
1955-1959     65-69     0.02734  0.12840  2.64   77556    9958  364261  1108267  14.29
1955-1959     70-74     0.04846  0.21696  2.59   67598   14666  302630   744006  11.01
1955-1959     75-79     0.07669  0.32139  2.48   52932   17012  221835   441376   8.34
1955-1959     80-84     0.12747  0.47997  2.43   35920   17241  135255   219541   6.11
1955-1959     85-89     0.19074  0.62485  2.24   18680   11672   61191    84286   4.51
1955-1959     90-94     0.28402  0.77160  2.04    7008    5407   19038    23095   3.30
1955-1959     95-99     0.38180  0.86801  1.86    1601    1389    3639     4057   2.53
1955-1959    100-104    0.49880  0.93095  1.63     211     197     394      418   1.98
1955-1959    105-109    0.61657  0.96417  1.44      15      14      23       24   1.61
1955-1959    110+       0.70811  1.00000  1.41       1       1       1        1   1.41
1960-1964        0      0.02460  0.02410  0.14  100000    2410   97933  7271552  72.72
1960-1964      1-4      0.00091  0.00362  1.44   97590     353  389458  7173619  73.51
1960-1964      5-9      0.00031  0.00157  2.16   97237     152  485754  6784161  69.77
1960-1964     10-14     0.00024  0.00122  2.29   97085     118  485104  6298406  64.88
1960-1964     15-19     0.00032  0.00161  2.67   96967     157  484469  5813302  59.95
1960-1964     20-24     0.00046  0.00229  2.40   96810     221  483474  5328833  55.04
1960-1964     25-29     0.00063  0.00315  2.84   96589     304  482287  4845359  50.16
1960-1964     30-34     0.00089  0.00444  2.66   96285     428  480423  4363072  45.31
1960-1964     35-39     0.00156  0.00776  2.60   95857     744  477498  3882649  40.50
1960-1964     40-44     0.00235  0.01169  2.65   95113    1112  472945  3405151  35.80
1960-1964     45-49     0.00397  0.01965  2.69   94000    1847  465728  2932206  31.19
1960-1964     50-54     0.00617  0.03044  2.72   92154    2805  454373  2466478  26.76
1960-1964     55-59     0.00887  0.04349  2.71   89349    3886  437844  2012104  22.52
1960-1964     60-64     0.01529  0.07384  2.68   85463    6311  412660  1574261  18.42
1960-1964     65-69     0.02510  0.11846  2.64   79152    9377  373612  1161600  14.68
1960-1964     70-74     0.04613  0.20796  2.63   69776   14511  314558   787988  11.29
1960-1964     75-79     0.07415  0.31391  2.56   55265   17349  233978   473430   8.57
1960-1964     80-84     0.11973  0.46077  2.50   37917   17471  145918   239453   6.32
1960-1964     85-89     0.18949  0.62342  2.26   20446   12746   67266    93535   4.57
1960-1964     90-94     0.26909  0.75808  2.12    7699    5837   21691    26269   3.41
1960-1964     95-99     0.39431  0.87792  1.84    1863    1635    4147     4577   2.46
1960-1964    100-104    0.52227  0.94012  1.60     227     214     409      430   1.89
1960-1964    105-109    0.64831  0.97037  1.39      14      13      20       21   1.54
1960-1964    110+       0.74369  1.00000  1.34       0       0       1        1   1.34
1965-1969        0      0.02250  0.02207  0.13  100000    2207   98089  7355075  73.55
1965-1969      1-4      0.00079  0.00315  1.57   97793     308  390424  7256986  74.21
1965-1969      5-9      0.00028  0.00140  2.27   97485     136  487055  6866562  70.44
1965-1969     10-14     0.00023  0.00117  2.76   97349     114  486490  6379507  65.53
1965-1969     15-19     0.00033  0.00164  2.76   97235     159  485819  5893017  60.61
1965-1969     20-24     0.00044  0.00217  2.45   97076     211  484842  5407198  55.70
1965-1969     25-29     0.00057  0.00286  2.57   96865     277  483651  4922355  50.82
1965-1969     30-34     0.00088  0.00438  2.78   96588     424  481996  4438704  45.96
1965-1969     35-39     0.00140  0.00700  2.76   96164     673  479313  3956708  41.15
1965-1969     40-44     0.00240  0.01194  2.65   95491    1140  474779  3477395  36.42
1965-1969     45-49     0.00359  0.01781  2.71   94351    1680  467905  3002616  31.82
1965-1969     50-54     0.00578  0.02854  2.70   92670    2645  457262  2534711  27.35
1965-1969     55-59     0.00863  0.04230  2.69   90026    3808  441338  2077449  23.08
1965-1969     60-64     0.01449  0.07012  2.68   86218    6045  417085  1636111  18.98
1965-1969     65-69     0.02377  0.11258  2.65   80172    9026  379665  1219026  15.21
1965-1969     70-74     0.04264  0.19365  2.63   71147   13777  323113   839361  11.80
1965-1969     75-79     0.07026  0.29945  2.54   57369   17179  244512   516248   9.00
1965-1969     80-84     0.10677  0.42235  2.53   40190   16974  158977   271736   6.76
1965-1969     85-89     0.17062  0.58479  2.31   23216   13576   79572   112759   4.86
1965-1969     90-94     0.26714  0.75116  2.09    9640    7241   27106    33186   3.44
1965-1969     95-99     0.38059  0.86893  1.87    2399    2084    5476     6081   2.54
1965-1969    100-104    0.51357  0.93757  1.61     314     295     574      604   1.92
1965-1969    105-109    0.64570  0.97015  1.39      20      19      29       30   1.54
1965-1969    110+       0.74556  1.00000  1.34       1       1       1        1   1.34
1970-1974        0      0.01963  0.01930  0.12  100000    1930   98307  7381585  73.82
1970-1974      1-4      0.00080  0.00321  1.54   98070     315  391506  7283278  74.27
1970-1974      5-9      0.00029  0.00143  2.16   97755     140  488379  6891773  70.50
1970-1974     10-14     0.00023  0.00114  2.65   97615     111  487814  6403393  65.60
1970-1974     15-19     0.00045  0.00224  2.76   97504     218  487030  5915579  60.67
1970-1974     20-24     0.00042  0.00208  2.73   97286     203  485971  5428549  55.80
1970-1974     25-29     0.00058  0.00290  2.55   97083     282  484728  4942578  50.91
1970-1974     30-34     0.00082  0.00408  2.54   96801     395  483035  4457850  46.05
1970-1974     35-39     0.00135  0.00671  2.79   96407     647  480607  3974815  41.23
1970-1974     40-44     0.00228  0.01132  2.75   95760    1084  476357  3494208  36.49
1970-1974     45-49     0.00370  0.01835  2.64   94676    1738  469281  3017851  31.88
1970-1974     50-54     0.00587  0.02897  2.68   92938    2693  458437  2548571  27.42
1970-1974     55-59     0.00900  0.04411  2.70   90245    3981  442079  2090134  23.16
1970-1974     60-64     0.01441  0.06968  2.66   86265    6011  417240  1648055  19.10
1970-1974     65-69     0.02318  0.10988  2.64   80254    8818  380443  1230815  15.34
1970-1974     70-74     0.04116  0.18762  2.64   71436   13403  325601   850372  11.90
1970-1974     75-79     0.06822  0.29233  2.56   58033   16965  248693   524771   9.04
1970-1974     80-84     0.10810  0.42589  2.51   41068   17490  161804   276078   6.72
1970-1974     85-89     0.17217  0.58737  2.30   23578   13849   80437   114274   4.85
1970-1974     90-94     0.26305  0.75630  2.19    9729    7358   27972    33837   3.48
1970-1974     95-99     0.39091  0.87658  1.85    2371    2078    5317     5865   2.47
1970-1974    100-104    0.52764  0.94251  1.59     293     276     523      548   1.87
1970-1974    105-109    0.66153  0.97278  1.37      17      16      25       25   1.51
1970-1974    110+       0.76121  1.00000  1.31       0       0       1        1   1.31
1975-1979        0      0.01634  0.01611  0.12  100000    1611   98575  7462002  74.62
1975-1979      1-4      0.00072  0.00286  1.50   98389     282  392852  7363427  74.84
1975-1979      5-9      0.00027  0.00137  2.52   98108     134  490205  6970574  71.05
1975-1979     10-14     0.00023  0.00113  2.80   97973     111  489621  6480370  66.14
1975-1979     15-19     0.00048  0.00240  2.64   97862     235  488756  5990749  61.22
1975-1979     20-24     0.00049  0.00244  2.39   97627     238  487512  5501993  56.36
1975-1979     25-29     0.00056  0.00280  2.76   97389     272  486334  5014481  51.49
1975-1979     30-34     0.00080  0.00399  2.67   97116     387  484680  4528146  46.63
1975-1979     35-39     0.00116  0.00579  2.73   96729     560  482370  4043466  41.80
1975-1979     40-44     0.00197  0.00981  2.75   96169     943  478720  3561096  37.03
1975-1979     45-49     0.00355  0.01761  2.75   95225    1677  472345  3082376  32.37
1975-1979     50-54     0.00554  0.02734  2.61   93548    2558  461626  2610030  27.90
1975-1979     55-59     0.00925  0.04525  2.61   90990    4117  445097  2148405  23.61
1975-1979     60-64     0.01411  0.06830  2.69   86873    5934  420641  1703307  19.61
1975-1979     65-69     0.02221  0.10552  2.63   80939    8540  384447  1282666  15.85
1975-1979     70-74     0.03717  0.17083  2.63   72399   12368  332718   898218  12.41
1975-1979     75-79     0.06156  0.26751  2.55   60031   16059  260843   565501   9.42
1975-1979     80-84     0.10373  0.41146  2.49   43972   18093  174422   304657   6.93
1975-1979     85-89     0.16664  0.57860  2.36   25879   14974   89858   130235   5.03
1975-1979     90-94     0.24393  0.71990  2.15   10906    7851   32185    40377   3.70
1975-1979     95-99     0.35779  0.85054  1.92    3055    2598    7261     8192   2.68
1975-1979    100-104    0.48304  0.92547  1.67     457     423     875      930   2.04
1975-1979    105-109    0.61121  0.96354  1.45      34      33      54       55   1.63
1975-1979    110+       0.71086  1.00000  1.41       1       1       2        2   1.41
1980-1984        0      0.01117  0.01106  0.13  100000    1106   99033  7592795  75.93
1980-1984      1-4      0.00048  0.00192  1.60   98894     190  395121  7493762  75.78
1980-1984      5-9      0.00025  0.00123  2.46   98704     121  493214  7098641  71.92
1980-1984     10-14     0.00018  0.00091  2.80   98583      89  492720  6605427  67.00
1980-1984     15-19     0.00031  0.00156  2.58   98494     154  492097  6112707  62.06
1980-1984     20-24     0.00044  0.00220  2.41   98340     216  491141  5620610  57.15
1980-1984     25-29     0.00053  0.00267  2.76   98124     262  490034  5129469  52.28
1980-1984     30-34     0.00070  0.00347  2.71   97862     340  488531  4639436  47.41
1980-1984     35-39     0.00102  0.00509  2.61   97522     497  486424  4150905  42.56
1980-1984     40-44     0.00182  0.00905  2.80   97026     878  483196  3664480  37.77
1980-1984     45-49     0.00273  0.01356  2.68   96148    1304  477710  3181284  33.09
1980-1984     50-54     0.00514  0.02539  2.66   94844    2408  468595  2703574  28.51
1980-1984     55-59     0.00895  0.04386  2.70   92436    4054  452874  2234979  24.18
1980-1984     60-64     0.01336  0.06473  2.59   88382    5721  428099  1782105  20.16
1980-1984     65-69     0.02083  0.09919  2.61   82661    8200  393706  1354007  16.38
1980-1984     70-74     0.03408  0.15764  2.62   74462   11738  344402   960301  12.90
1980-1984     75-79     0.05828  0.25561  2.60   62723   16033  275093   615899   9.82
1980-1984     80-84     0.09653  0.38946  2.52   46691   18184  188380   340805   7.30
1980-1984     85-89     0.15068  0.54019  2.38   28507   15399  102198   152425   5.35
1980-1984     90-94     0.23587  0.71374  2.23   13108    9355   39663    50227   3.83
1980-1984     95-99     0.33859  0.83388  1.96    3752    3129    9241    10564   2.82
1980-1984    100-104    0.46234  0.91639  1.71     623     571    1236     1323   2.12
1980-1984    105-109    0.59153  0.95933  1.48      52      50      85       88   1.68
1980-1984    110+       0.69335  1.00000  1.44       2       2       3        3   1.44
1985-1989        0      0.00807  0.00802  0.13  100000     802   99304  7716000  77.16
1985-1989      1-4      0.00039  0.00157  1.74   99198     156  396440  7616696  76.78
1985-1989      5-9      0.00016  0.00081  2.39   99042      81  495000  7220256  72.90
1985-1989     10-14     0.00019  0.00094  2.69   98962      93  494594  6725256  67.96
1985-1989     15-19     0.00029  0.00145  2.74   98869     143  494021  6230662  63.02
1985-1989     20-24     0.00036  0.00180  2.67   98726     178  493214  5736641  58.11
1985-1989     25-29     0.00045  0.00224  2.59   98548     220  492207  5243427  53.21
1985-1989     30-34     0.00059  0.00295  2.74   98327     290  490982  4751220  48.32
1985-1989     35-39     0.00090  0.00447  2.73   98037     438  489194  4260238  43.46
1985-1989     40-44     0.00156  0.00775  2.83   97599     757  486359  3771044  38.64
1985-1989     45-49     0.00250  0.01244  2.75   96843    1205  481507  3284685  33.92
1985-1989     50-54     0.00457  0.02261  2.75   95638    2163  473323  2803177  29.31
1985-1989     55-59     0.00763  0.03749  2.73   93476    3504  459434  2329854  24.92
1985-1989     60-64     0.01231  0.05985  2.66   89971    5385  437279  1870420  20.79
1985-1989     65-69     0.01946  0.09296  2.61   84587    7863  404110  1433141  16.94
1985-1989     70-74     0.03217  0.14956  2.65   76723   11474  356634  1029031  13.41
1985-1989     75-79     0.05171  0.22973  2.57   65249   14990  289884   672397  10.31
1985-1989     80-84     0.08740  0.35842  2.49   50259   18014  206103   382513   7.61
1985-1989     85-89     0.14732  0.53180  2.39   32245   17148  116398   176410   5.47
1985-1989     90-94     0.22403  0.68804  2.20   15097   10388   46367    60012   3.97
1985-1989     95-99     0.32750  0.82368  1.98    4710    3879   11845    13644   2.90
1985-1989    100-104    0.45221  0.91175  1.73     830     757    1674     1799   2.17
1985-1989    105-109    0.58382  0.95767  1.49      73      70     120      125   1.70
1985-1989    110+       0.68807  1.00000  1.45       3       3       5        5   1.45
1990-1994        0      0.00620  0.00617  0.14  100000     617   99467  7832225  78.32
1990-1994      1-4      0.00037  0.00148  1.55   99383     147  397173  7732757  77.81
1990-1994      5-9      0.00016  0.00082  2.43   99236      82  495972  7335584  73.92
1990-1994     10-14     0.00015  0.00074  3.07   99155      73  495632  6839613  68.98
1990-1994     15-19     0.00026  0.00128  2.73   99081     127  495118  6343981  64.03
1990-1994     20-24     0.00030  0.00149  2.63   98955     147  494424  5848863  59.11
1990-1994     25-29     0.00039  0.00196  2.28   98807     194  493510  5354439  54.19
1990-1994     30-34     0.00050  0.00250  2.89   98613     247  492546  4860929  49.29
1990-1994     35-39     0.00087  0.00436  2.67   98367     429  490834  4368383  44.41
1990-1994     40-44     0.00148  0.00735  2.65   97937     720  487994  3877549  39.59
1990-1994     45-49     0.00234  0.01163  2.71   97218    1131  483494  3389555  34.87
1990-1994     50-54     0.00398  0.01971  2.59   96087    1893  475874  2906061  30.24
1990-1994     55-59     0.00629  0.03101  2.67   94193    2921  464155  2430186  25.80
1990-1994     60-64     0.01142  0.05563  2.67   91272    5078  444529  1966032  21.54
1990-1994     65-69     0.01740  0.08359  2.65   86195    7205  414052  1521503  17.65
1990-1994     70-74     0.02926  0.13679  2.62   78989   10805  369275  1107451  14.02
1990-1994     75-79     0.04772  0.21416  2.61   68184   14603  305982   738176  10.83
1990-1994     80-84     0.07910  0.33137  2.55   53581   17755  224458   432193   8.07
1990-1994     85-89     0.13317  0.49724  2.45   35826   17814  133765   207735   5.80
1990-1994     90-94     0.21331  0.67134  2.24   18012   12092   56689    73970   4.11
1990-1994     95-99     0.32384  0.82118  2.00    5920    4861   15011    17281   2.92
1990-1994    100-104    0.45684  0.91481  1.72    1059     968    2120     2270   2.14
1990-1994    105-109    0.59707  0.96112  1.47      90      87     145      150   1.66
1990-1994    110+       0.70697  1.00000  1.41       4       4       5        5   1.41
1995-1999        0      0.00569  0.00566  0.14  100000     566   99512  7919702  79.20
1995-1999      1-4      0.00025  0.00099  1.55   99434      99  397495  7820191  78.65
1995-1999      5-9      0.00014  0.00071  2.34   99335      70  496490  7422696  74.72
1995-1999     10-14     0.00014  0.00069  3.06   99265      68  496193  6926206  69.77
1995-1999     15-19     0.00031  0.00156  2.66   99197     155  495622  6430013  64.82
1995-1999     20-24     0.00032  0.00162  2.46   99042     161  494803  5934391  59.92
1995-1999     25-29     0.00033  0.00163  2.80   98882     161  494054  5439587  55.01
1995-1999     30-34     0.00050  0.00251  2.66   98720     247  493023  4945533  50.10
1995-1999     35-39     0.00072  0.00361  2.73   98473     355  491557  4452510  45.22
1995-1999     40-44     0.00130  0.00649  2.63   98118     637  489082  3960953  40.37
1995-1999     45-49     0.00215  0.01071  2.64   97481    1044  484936  3471871  35.62
1995-1999     50-54     0.00354  0.01753  2.69   96436    1691  478277  2986935  30.97
1995-1999     55-59     0.00568  0.02802  2.61   94746    2655  467385  2508658  26.48
1995-1999     60-64     0.00933  0.04563  2.66   92091    4202  450640  2041274  22.17
1995-1999     65-69     0.01541  0.07439  2.70   87888    6538  424392  1590634  18.10
1995-1999     70-74     0.02657  0.12513  2.68   81350   10179  383102  1166242  14.34
1995-1999     75-79     0.04525  0.20399  2.59   71171   14518  320861   783140  11.00
1995-1999     80-84     0.07677  0.32364  2.58   56653   18335  238835   462279   8.16
1995-1999     85-89     0.12992  0.48812  2.45   38318   18704  143968   223444   5.83
1995-1999     90-94     0.21801  0.68731  2.31   19614   13481   61837    79476   4.05
1995-1999     95-99     0.32904  0.82688  1.99    6133    5071   15412    17639   2.88
1995-1999    100-104    0.46772  0.92028  1.70    1062     977    2089     2227   2.10
1995-1999    105-109    0.61254  0.96457  1.45      85      82     133      137   1.62
1995-1999    110+       0.72452  1.00000  1.38       3       3       4        4   1.38
2000-2004        0      0.00474  0.00472  0.14  100000     472   99594  8036309  80.36
2000-2004      1-4      0.00019  0.00077  1.40   99528      77  397911  7936715  79.74
2000-2004      5-9      0.00010  0.00052  2.31   99451      52  497115  7538804  75.80
2000-2004     10-14     0.00009  0.00047  3.05   99399      46  496904  7041689  70.84
2000-2004     15-19     0.00022  0.00111  2.37   99352     111  496471  6544785  65.87
2000-2004     20-24     0.00029  0.00144  2.10   99242     143  495795  6048314  60.95
2000-2004     25-29     0.00037  0.00185  2.65   99099     183  495064  5552519  56.03
2000-2004     30-34     0.00045  0.00224  2.50   98916     222  494025  5057455  51.13
2000-2004     35-39     0.00071  0.00352  2.69   98694     347  492669  4563430  46.24
2000-2004     40-44     0.00138  0.00690  2.66   98347     679  490143  4070762  41.39
2000-2004     45-49     0.00200  0.00993  2.65   97668     970  486059  3580619  36.66
2000-2004     50-54     0.00319  0.01582  2.62   96698    1530  479844  3094560  32.00
2000-2004     55-59     0.00498  0.02461  2.74   95168    2342  470540  2614716  27.47
2000-2004     60-64     0.00804  0.03947  2.70   92826    3664  455700  2144176  23.10
2000-2004     65-69     0.01338  0.06489  2.71   89162    5786  432552  1688476  18.94
2000-2004     70-74     0.02304  0.10929  2.66   83376    9112  395569  1255924  15.06
2000-2004     75-79     0.03883  0.17807  2.68   74264   13224  340577   860355  11.59
2000-2004     80-84     0.07019  0.29956  2.56   61040   18285  260527   519778   8.52
2000-2004     85-89     0.12031  0.46147  2.48   42755   19730  163996   259251   6.06
2000-2004     90-94     0.20957  0.66504  2.25   23025   15312   73064    95255   4.14
2000-2004     95-99     0.32825  0.82707  2.00    7712    6379   19432    22191   2.88
2000-2004    100-104    0.47447  0.92390  1.70    1334    1232    2597     2758   2.07
2000-2004    105-109    0.62642  0.96753  1.43     102      98     157      161   1.59
2000-2004    110+       0.74220  1.00000  1.35       3       3       4        4   1.35
2005-2009        0      0.00488  0.00486  0.14  100000     486   99581  8123462  81.23
2005-2009      1-4      0.00020  0.00079  1.46   99514      78  397856  8023880  80.63
2005-2009      5-9      0.00012  0.00062  2.75   99435      62  497038  7626024  76.69
2005-2009     10-14     0.00012  0.00061  3.29   99373      60  496764  7128986  71.74
2005-2009     15-19     0.00031  0.00154  2.68   99313     153  496211  6632223  66.78
2005-2009     20-24     0.00029  0.00146  2.49   99160     145  495437  6136012  61.88
2005-2009     25-29     0.00033  0.00167  2.55   99015     165  494673  5640575  56.97
2005-2009     30-34     0.00045  0.00226  2.62   98850     224  493720  5145902  52.06
2005-2009     35-39     0.00079  0.00397  2.66   98627     391  492219  4652182  47.17
2005-2009     40-44     0.00115  0.00572  2.66   98235     562  489861  4159963  42.35
2005-2009     45-49     0.00194  0.00964  2.66   97674     942  486166  3670102  37.58
2005-2009     50-54     0.00318  0.01577  2.62   96732    1525  480025  3183936  32.91
2005-2009     55-59     0.00478  0.02363  2.71   95207    2250  470878  2703911  28.40
2005-2009     60-64     0.00706  0.03471  2.64   92957    3226  457174  2233033  24.02
2005-2009     65-69     0.01131  0.05505  2.59   89730    4939  436724  1775859  19.79
2005-2009     70-74     0.01983  0.09479  2.67   84791    8037  405266  1339135  15.79
2005-2009     75-79     0.03486  0.16094  2.62   76754   12353  354390   933868  12.17
2005-2009     80-84     0.06251  0.27166  2.59   64401   17495  279880   579478   9.00
2005-2009     85-89     0.11107  0.43413  2.49   46906   20363  183339   299599   6.39
2005-2009     90-94     0.19438  0.63945  2.33   26543   16973   87317   116260   4.38
2005-2009     95-99     0.30942  0.80820  2.05    9570    7735   24997    28942   3.02
2005-2009    100-104    0.45505  0.91531  1.73    1836    1680    3692     3946   2.15
2005-2009    105-109    0.60986  0.96448  1.46     155     150     246      253   1.63
2005-2009    110+       0.72954  1.00000  1.37       6       6       8        8   1.37
2010-2014        0      0.00404  0.00402  0.14  100000     402   99654  8221008  82.21
2010-2014      1-4      0.00013  0.00052  1.64   99598      52  398268  8121354  81.54
2010-2014      5-9      0.00009  0.00043  2.51   99546      42  497623  7723086  77.58
2010-2014     10-14     0.00008  0.00042  2.91   99503      42  497429  7225463  72.62
2010-2014     15-19     0.00022  0.00112  2.69   99461     111  497049  6728034  67.64
2010-2014     20-24     0.00029  0.00146  2.42   99350     145  496376  6230984  62.72
2010-2014     25-29     0.00032  0.00157  2.72   99205     156  495668  5734609  57.81
2010-2014     30-34     0.00043  0.00215  2.61   99049     213  494734  5238941  52.89
2010-2014     35-39     0.00065  0.00324  2.57   98836     320  493399  4744206  48.00
2010-2014     40-44     0.00117  0.00585  2.56   98515     576  491172  4250807  43.15
2010-2014     45-49     0.00172  0.00858  2.79   97939     840  487841  3759635  38.39
2010-2014     50-54     0.00288  0.01428  2.71   97099    1387  482313  3271795  33.70
2010-2014     55-59     0.00446  0.02206  2.64   95712    2111  473582  2789481  29.14
2010-2014     60-64     0.00675  0.03324  2.70   93601    3112  460852  2315899  24.74
2010-2014     65-69     0.01045  0.05101  2.65   90489    4616  441596  1855047  20.50
2010-2014     70-74     0.01696  0.08157  2.67   85874    7004  413076  1413451  16.46
2010-2014     75-79     0.03147  0.14656  2.66   78869   11559  367341  1000374  12.68
2010-2014     80-84     0.05692  0.25118  2.66   67310   16907  297008   633033   9.40
2010-2014     85-89     0.10339  0.41180  2.53   50403   20756  200761   336025   6.67
2010-2014     90-94     0.18281  0.61582  2.35   29647   18257   99867   135264   4.56
2010-2014     95-99     0.29918  0.79746  2.07   11390    9083   30360    35397   3.11
2010-2014    100-104    0.44719  0.91188  1.75    2307    2104    4704     5037   2.18
2010-2014    105-109    0.60625  0.96395  1.46     203     196     323      333   1.64
2010-2014    110+       0.72952  1.00000  1.37       7       7      10       10   1.37
2015-2018        0      0.00440  0.00438  0.14  100000     438   99623  8235085  82.35
2015-2018      1-4      0.00009  0.00037  1.65   99562      37  398160  8135461  81.71
2015-2018      5-9      0.00010  0.00048  2.09   99525      48  497485  7737302  77.74
2015-2018     10-14     0.00007  0.00033  2.14   99477      33  497291  7239817  72.78
2015-2018     15-19     0.00021  0.00106  2.50   99444     105  496958  6742526  67.80
2015-2018     20-24     0.00031  0.00154  2.62   99339     153  496330  6245568  62.87
2015-2018     25-29     0.00033  0.00167  2.57   99186     166  495527  5749238  57.96
2015-2018     30-34     0.00053  0.00266  2.62   99020     263  494474  5253711  53.06
2015-2018     35-39     0.00066  0.00327  2.71   98757     323  493043  4759237  48.19
2015-2018     40-44     0.00097  0.00484  2.55   98434     477  491003  4266194  43.34
2015-2018     45-49     0.00185  0.00920  2.58   97957     901  487609  3775191  38.54
2015-2018     50-54     0.00274  0.01361  2.68   97056    1321  482218  3287582  33.87
2015-2018     55-59     0.00424  0.02097  2.63   95736    2008  473927  2805364  29.30
2015-2018     60-64     0.00669  0.03296  2.70   93728    3089  461529  2331437  24.87
2015-2018     65-69     0.01043  0.05090  2.66   90639    4613  442407  1869907  20.63
2015-2018     70-74     0.01725  0.08293  2.68   86026    7134  413562  1427501  16.59
2015-2018     75-79     0.02955  0.13828  2.68   78892   10909  369148  1013938  12.85
2015-2018     80-84     0.05341  0.23714  2.64   67982   16122  301843   644790   9.48
2015-2018     85-89     0.10351  0.41306  2.56   51861   21422  206944   342947   6.61
2015-2018     90-94     0.18729  0.62498  2.34   30439   19024  101577   136003   4.47
2015-2018     95-99     0.30945  0.80973  2.06   11415    9243   29871    34426   3.02
2015-2018    100-104    0.46683  0.92179  1.72    2172    2002    4289     4556   2.10
2015-2018    105-109    0.63262  0.96919  1.42     170     165     260      267   1.57
2015-2018    110+       0.75749  1.00000  1.32       5       5       7        7   1.32
