Northern Ireland, Life tables (period 1x10), Males	Last modified: 10 Jul 2020;  Methods Protocol: v6 (2017)

  Year          Age         mx       qx    ax      lx      dx      Lx       Tx     ex
1922-1929        0      0.09626  0.09017  0.30  100000    9017   93680  5496582  54.97
1922-1929        1      0.02604  0.02571  0.50   90983    2339   89813  5402902  59.38
1922-1929        2      0.01078  0.01073  0.50   88644     951   88168  5313088  59.94
1922-1929        3      0.00630  0.00628  0.50   87693     551   87418  5224920  59.58
1922-1929        4      0.00422  0.00421  0.50   87142     367   86959  5137502  58.96
1922-1929        5      0.00322  0.00322  0.50   86775     279   86636  5050543  58.20
1922-1929        6      0.00276  0.00276  0.50   86496     238   86377  4963908  57.39
1922-1929        7      0.00238  0.00238  0.50   86258     205   86155  4877531  56.55
1922-1929        8      0.00210  0.00210  0.50   86052     181   85962  4791376  55.68
1922-1929        9      0.00193  0.00192  0.50   85871     165   85789  4705414  54.80
1922-1929       10      0.00184  0.00184  0.50   85706     158   85627  4619626  53.90
1922-1929       11      0.00183  0.00183  0.50   85548     157   85470  4533998  53.00
1922-1929       12      0.00190  0.00190  0.50   85392     162   85310  4448528  52.10
1922-1929       13      0.00206  0.00206  0.50   85229     176   85142  4363218  51.19
1922-1929       14      0.00233  0.00232  0.50   85054     198   84955  4278076  50.30
1922-1929       15      0.00268  0.00267  0.50   84856     227   84743  4193121  49.41
1922-1929       16      0.00304  0.00303  0.50   84629     257   84501  4108379  48.55
1922-1929       17      0.00339  0.00338  0.50   84372     285   84230  4023878  47.69
1922-1929       18      0.00373  0.00372  0.50   84087     313   83931  3939648  46.85
1922-1929       19      0.00407  0.00406  0.50   83775     340   83604  3855717  46.02
1922-1929       20      0.00440  0.00439  0.50   83434     366   83251  3772112  45.21
1922-1929       21      0.00464  0.00463  0.50   83068     384   82876  3688861  44.41
1922-1929       22      0.00480  0.00478  0.50   82684     396   82486  3605985  43.61
1922-1929       23      0.00489  0.00488  0.50   82288     401   82087  3523499  42.82
1922-1929       24      0.00489  0.00488  0.50   81887     400   81687  3441412  42.03
1922-1929       25      0.00480  0.00479  0.50   81487     390   81292  3359725  41.23
1922-1929       26      0.00472  0.00470  0.50   81097     382   80907  3278432  40.43
1922-1929       27      0.00470  0.00469  0.50   80716     378   80527  3197526  39.61
1922-1929       28      0.00477  0.00476  0.50   80337     382   80146  3116999  38.80
1922-1929       29      0.00494  0.00493  0.50   79955     394   79758  3036853  37.98
1922-1929       30      0.00520  0.00519  0.50   79561     413   79355  2957095  37.17
1922-1929       31      0.00540  0.00539  0.50   79149     426   78935  2877740  36.36
1922-1929       32      0.00559  0.00557  0.50   78722     439   78503  2798805  35.55
1922-1929       33      0.00579  0.00578  0.50   78283     452   78057  2720302  34.75
1922-1929       34      0.00597  0.00595  0.50   77831     463   77600  2642245  33.95
1922-1929       35      0.00603  0.00602  0.50   77368     465   77135  2564645  33.15
1922-1929       36      0.00606  0.00604  0.50   76902     465   76670  2487510  32.35
1922-1929       37      0.00618  0.00617  0.50   76438     471   76202  2410840  31.54
1922-1929       38      0.00643  0.00641  0.50   75966     487   75723  2334638  30.73
1922-1929       39      0.00673  0.00670  0.50   75480     506   75227  2258915  29.93
1922-1929       40      0.00703  0.00701  0.50   74974     526   74711  2183688  29.13
1922-1929       41      0.00725  0.00723  0.50   74448     538   74179  2108977  28.33
1922-1929       42      0.00759  0.00756  0.50   73910     559   73631  2034798  27.53
1922-1929       43      0.00809  0.00806  0.50   73352     591   73056  1961167  26.74
1922-1929       44      0.00865  0.00861  0.50   72761     627   72447  1888111  25.95
1922-1929       45      0.00904  0.00900  0.50   72134     649   71809  1815663  25.17
1922-1929       46      0.00937  0.00933  0.50   71485     667   71151  1743854  24.39
1922-1929       47      0.01000  0.00995  0.50   70818     705   70466  1672702  23.62
1922-1929       48      0.01097  0.01091  0.50   70113     765   69731  1602237  22.85
1922-1929       49      0.01214  0.01207  0.50   69349     837   68930  1532506  22.10
1922-1929       50      0.01338  0.01329  0.50   68511     910   68056  1463576  21.36
1922-1929       51      0.01429  0.01419  0.50   67601     959   67122  1395519  20.64
1922-1929       52      0.01517  0.01505  0.50   66642    1003   66140  1328398  19.93
1922-1929       53      0.01618  0.01605  0.50   65639    1054   65112  1262257  19.23
1922-1929       54      0.01724  0.01710  0.50   64585    1104   64033  1197145  18.54
1922-1929       55      0.01777  0.01761  0.50   63481    1118   62922  1133112  17.85
1922-1929       56      0.01825  0.01809  0.50   62363    1128   61799  1070190  17.16
1922-1929       57      0.01953  0.01934  0.50   61235    1185   60643  1008391  16.47
1922-1929       58      0.02175  0.02152  0.50   60050    1292   59404   947748  15.78
1922-1929       59      0.02463  0.02433  0.50   58758    1430   58043   888344  15.12
1922-1929       60      0.02786  0.02748  0.50   57329    1575   56541   830301  14.48
1922-1929       61      0.03027  0.02982  0.50   55753    1663   54922   773760  13.88
1922-1929       62      0.03240  0.03188  0.50   54091    1725   53229   718837  13.29
1922-1929       63      0.03468  0.03408  0.50   52366    1785   51474   665609  12.71
1922-1929       64      0.03655  0.03589  0.50   50582    1815   49674   614135  12.14
1922-1929       65      0.03718  0.03650  0.50   48766    1780   47876   564461  11.57
1922-1929       66      0.03834  0.03762  0.50   46986    1768   46102   516585  10.99
1922-1929       67      0.04147  0.04062  0.50   45219    1837   44300   470483  10.40
1922-1929       68      0.04659  0.04553  0.50   43382    1975   42394   426182   9.82
1922-1929       69      0.05436  0.05292  0.50   41406    2191   40311   383789   9.27
1922-1929       70      0.06426  0.06226  0.50   39215    2441   37994   343478   8.76
1922-1929       71      0.07278  0.07023  0.50   36773    2583   35482   305484   8.31
1922-1929       72      0.08079  0.07765  0.50   34191    2655   32863   270002   7.90
1922-1929       73      0.08895  0.08516  0.50   31536    2686   30193   237138   7.52
1922-1929       74      0.09553  0.09118  0.50   28850    2631   27535   206945   7.17
1922-1929       75      0.09810  0.09351  0.50   26220    2452   24994   179410   6.84
1922-1929       76      0.10018  0.09540  0.50   23768    2268   22634   154416   6.50
1922-1929       77      0.10425  0.09909  0.50   21500    2130   20435   131782   6.13
1922-1929       78      0.11094  0.10511  0.50   19370    2036   18352   111347   5.75
1922-1929       79      0.12111  0.11419  0.50   17334    1979   16344    92995   5.36
1922-1929       80      0.15078  0.14021  0.50   15355    2153   14278    76651   4.99
1922-1929       81      0.16284  0.15058  0.50   13202    1988   12208    62373   4.72
1922-1929       82      0.17537  0.16123  0.50   11214    1808   10310    50165   4.47
1922-1929       83      0.18836  0.17215  0.50    9406    1619    8596    39855   4.24
1922-1929       84      0.20165  0.18318  0.50    7787    1426    7073    31259   4.01
1922-1929       85      0.21567  0.19467  0.50    6360    1238    5741    24185   3.80
1922-1929       86      0.23143  0.20743  0.50    5122    1062    4591    18444   3.60
1922-1929       87      0.24964  0.22194  0.50    4060     901    3609    13853   3.41
1922-1929       88      0.27015  0.23800  0.50    3159     752    2783    10244   3.24
1922-1929       89      0.29052  0.25367  0.50    2407     611    2102     7462   3.10
1922-1929       90      0.30596  0.26536  0.50    1796     477    1558     5360   2.98
1922-1929       91      0.31578  0.27272  0.50    1320     360    1140     3802   2.88
1922-1929       92      0.31829  0.27459  0.50     960     264     828     2662   2.77
1922-1929       93      0.31278  0.27048  0.50     696     188     602     1834   2.63
1922-1929       94      0.37602  0.31652  0.50     508     161     428     1232   2.43
1922-1929       95      0.39662  0.33098  0.50     347     115     290      805   2.32
1922-1929       96      0.41759  0.34546  0.50     232      80     192      515   2.22
1922-1929       97      0.43887  0.35989  0.50     152      55     125      323   2.12
1922-1929       98      0.46037  0.37423  0.50      97      36      79      198   2.04
1922-1929       99      0.48202  0.38841  0.50      61      24      49      119   1.96
1922-1929      100      0.50373  0.40239  0.50      37      15      30       70   1.88
1922-1929      101      0.52544  0.41612  0.50      22       9      18       40   1.81
1922-1929      102      0.54704  0.42955  0.50      13       6      10       23   1.75
1922-1929      103      0.56848  0.44266  0.50       7       3       6       13   1.69
1922-1929      104      0.58965  0.45539  0.50       4       2       3        7   1.64
1922-1929      105      0.61050  0.46773  0.50       2       1       2        4   1.59
1922-1929      106      0.63096  0.47964  0.50       1       1       1        2   1.54
1922-1929      107      0.65095  0.49111  0.50       1       0       0        1   1.50
1922-1929      108      0.67043  0.50211  0.50       0       0       0        0   1.46
1922-1929      109      0.68934  0.51265  0.50       0       0       0        0   1.43
1922-1929      110+     0.70764  1.00000  1.41       0       0       0        0   1.41
1930-1939        0      0.08946  0.08418  0.30  100000    8418   94100  5744863  57.45
1930-1939        1      0.01769  0.01753  0.50   91582    1606   90779  5650763  61.70
1930-1939        2      0.00716  0.00713  0.50   89976     642   89656  5559983  61.79
1930-1939        3      0.00452  0.00451  0.50   89335     403   89133  5470328  61.23
1930-1939        4      0.00333  0.00332  0.50   88932     296   88784  5381194  60.51
1930-1939        5      0.00268  0.00268  0.50   88636     238   88518  5292410  59.71
1930-1939        6      0.00236  0.00235  0.50   88399     208   88295  5203892  58.87
1930-1939        7      0.00208  0.00208  0.50   88191     183   88099  5115597  58.01
1930-1939        8      0.00185  0.00185  0.50   88008     163   87926  5027498  57.13
1930-1939        9      0.00168  0.00168  0.50   87845     148   87771  4939571  56.23
1930-1939       10      0.00157  0.00156  0.50   87697     137   87629  4851800  55.32
1930-1939       11      0.00152  0.00152  0.50   87560     133   87493  4764172  54.41
1930-1939       12      0.00156  0.00156  0.50   87427     136   87359  4676678  53.49
1930-1939       13      0.00167  0.00167  0.50   87290     145   87218  4589320  52.58
1930-1939       14      0.00184  0.00184  0.50   87145     160   87065  4502102  51.66
1930-1939       15      0.00206  0.00206  0.50   86985     179   86895  4415037  50.76
1930-1939       16      0.00231  0.00230  0.50   86806     200   86706  4328142  49.86
1930-1939       17      0.00256  0.00256  0.50   86606     222   86495  4241436  48.97
1930-1939       18      0.00283  0.00283  0.50   86384     244   86262  4154942  48.10
1930-1939       19      0.00311  0.00311  0.50   86140     268   86006  4068680  47.23
1930-1939       20      0.00339  0.00338  0.50   85872     290   85726  3982674  46.38
1930-1939       21      0.00358  0.00358  0.50   85581     306   85428  3896948  45.54
1930-1939       22      0.00368  0.00367  0.50   85275     313   85119  3811520  44.70
1930-1939       23      0.00369  0.00369  0.50   84962     313   84805  3726401  43.86
1930-1939       24      0.00367  0.00366  0.50   84649     310   84494  3641596  43.02
1930-1939       25      0.00362  0.00361  0.50   84339     305   84187  3557102  42.18
1930-1939       26      0.00360  0.00359  0.50   84034     302   83883  3472915  41.33
1930-1939       27      0.00363  0.00362  0.50   83732     303   83581  3389032  40.47
1930-1939       28      0.00372  0.00371  0.50   83429     309   83274  3305451  39.62
1930-1939       29      0.00384  0.00383  0.50   83120     319   82960  3222177  38.77
1930-1939       30      0.00399  0.00398  0.50   82801     330   82636  3139217  37.91
1930-1939       31      0.00417  0.00416  0.50   82471     343   82300  3056581  37.06
1930-1939       32      0.00435  0.00434  0.50   82128     356   81950  2974281  36.22
1930-1939       33      0.00453  0.00452  0.50   81772     370   81587  2892331  35.37
1930-1939       34      0.00470  0.00469  0.50   81402     382   81211  2810744  34.53
1930-1939       35      0.00490  0.00489  0.50   81020     396   80822  2729533  33.69
1930-1939       36      0.00512  0.00510  0.50   80624     412   80418  2648711  32.85
1930-1939       37      0.00535  0.00534  0.50   80212     428   79998  2568293  32.02
1930-1939       38      0.00561  0.00559  0.50   79784     446   79561  2488295  31.19
1930-1939       39      0.00591  0.00589  0.50   79338     467   79104  2408734  30.36
1930-1939       40      0.00625  0.00623  0.50   78871     491   78625  2329630  29.54
1930-1939       41      0.00663  0.00661  0.50   78379     518   78120  2251004  28.72
1930-1939       42      0.00701  0.00699  0.50   77862     544   77589  2172884  27.91
1930-1939       43      0.00744  0.00741  0.50   77317     573   77031  2095295  27.10
1930-1939       44      0.00784  0.00781  0.50   76744     600   76445  2018264  26.30
1930-1939       45      0.00837  0.00834  0.50   76145     635   75828  1941819  25.50
1930-1939       46      0.00904  0.00900  0.50   75510     680   75170  1865992  24.71
1930-1939       47      0.00978  0.00973  0.50   74830     728   74466  1790821  23.93
1930-1939       48      0.01064  0.01058  0.50   74102     784   73710  1716355  23.16
1930-1939       49      0.01154  0.01148  0.50   73318     842   72897  1642645  22.40
1930-1939       50      0.01249  0.01241  0.50   72476     899   72027  1569748  21.66
1930-1939       51      0.01353  0.01344  0.50   71577     962   71096  1497721  20.92
1930-1939       52      0.01450  0.01439  0.50   70615    1016   70107  1426626  20.20
1930-1939       53      0.01538  0.01526  0.50   69598    1062   69067  1356519  19.49
1930-1939       54      0.01594  0.01582  0.50   68536    1084   67994  1287452  18.78
1930-1939       55      0.01665  0.01651  0.50   67452    1114   66896  1219457  18.08
1930-1939       56      0.01771  0.01755  0.50   66339    1165   65756  1152562  17.37
1930-1939       57      0.01895  0.01878  0.50   65174    1224   64562  1086805  16.68
1930-1939       58      0.02048  0.02028  0.50   63950    1297   63302  1022243  15.98
1930-1939       59      0.02229  0.02205  0.50   62654    1381   61963   958941  15.31
1930-1939       60      0.02442  0.02412  0.50   61272    1478   60533   896978  14.64
1930-1939       61      0.02679  0.02644  0.50   59794    1581   59004   836445  13.99
1930-1939       62      0.02921  0.02879  0.50   58213    1676   57376   777441  13.36
1930-1939       63      0.03174  0.03124  0.50   56538    1766   55654   720065  12.74
1930-1939       64      0.03392  0.03336  0.50   54771    1827   53858   664411  12.13
1930-1939       65      0.03642  0.03576  0.50   52944    1894   51998   610553  11.53
1930-1939       66      0.04004  0.03925  0.50   51051    2004   50049   558555  10.94
1930-1939       67      0.04461  0.04363  0.50   49047    2140   47977   508506  10.37
1930-1939       68      0.05054  0.04929  0.50   46907    2312   45751   460529   9.82
1930-1939       69      0.05738  0.05578  0.50   44595    2488   43351   414779   9.30
1930-1939       70      0.06545  0.06338  0.50   42107    2669   40773   371428   8.82
1930-1939       71      0.07413  0.07148  0.50   39438    2819   38029   330655   8.38
1930-1939       72      0.08171  0.07851  0.50   36619    2875   35182   292626   7.99
1930-1939       73      0.08844  0.08469  0.50   33744    2858   32315   257444   7.63
1930-1939       74      0.09327  0.08911  0.50   30886    2752   29510   225129   7.29
1930-1939       75      0.09706  0.09257  0.50   28134    2604   26832   195619   6.95
1930-1939       76      0.10138  0.09649  0.50   25530    2463   24298   168787   6.61
1930-1939       77      0.10533  0.10006  0.50   23067    2308   21913   144489   6.26
1930-1939       78      0.10999  0.10426  0.50   20758    2164   19676   122576   5.90
1930-1939       79      0.11564  0.10932  0.50   18594    2033   17578   102900   5.53
1930-1939       80      0.14524  0.13541  0.50   16562    2243   15440    85322   5.15
1930-1939       81      0.15638  0.14504  0.50   14319    2077   13281    69881   4.88
1930-1939       82      0.16863  0.15552  0.50   12242    1904   11290    56601   4.62
1930-1939       83      0.18173  0.16659  0.50   10338    1722    9477    45311   4.38
1930-1939       84      0.19503  0.17770  0.50    8616    1531    7851    35833   4.16
1930-1939       85      0.20794  0.18836  0.50    7085    1335    6418    27983   3.95
1930-1939       86      0.22093  0.19895  0.50    5750    1144    5178    21565   3.75
1930-1939       87      0.23431  0.20974  0.50    4606     966    4123    16387   3.56
1930-1939       88      0.24804  0.22067  0.50    3640     803    3239    12263   3.37
1930-1939       89      0.26312  0.23252  0.50    2837     660    2507     9025   3.18
1930-1939       90      0.28216  0.24727  0.50    2177     538    1908     6518   2.99
1930-1939       91      0.30433  0.26414  0.50    1639     433    1422     4610   2.81
1930-1939       92      0.33006  0.28331  0.50    1206     342    1035     3187   2.64
1930-1939       93      0.36167  0.30629  0.50     864     265     732     2152   2.49
1930-1939       94      0.40587  0.33740  0.50     600     202     498     1420   2.37
1930-1939       95      0.39499  0.32985  0.50     397     131     332      922   2.32
1930-1939       96      0.41681  0.34493  0.50     266      92     220      590   2.22
1930-1939       97      0.43896  0.35996  0.50     174      63     143      370   2.12
1930-1939       98      0.46136  0.37488  0.50     112      42      91      227   2.03
1930-1939       99      0.48391  0.38964  0.50      70      27      56      136   1.95
1930-1939      100      0.50653  0.40417  0.50      43      17      34       80   1.87
1930-1939      101      0.52913  0.41843  0.50      25      11      20       46   1.80
1930-1939      102      0.55160  0.43236  0.50      15       6      12       26   1.73
1930-1939      103      0.57386  0.44592  0.50       8       4       7       14   1.67
1930-1939      104      0.59583  0.45907  0.50       5       2       4        8   1.62
1930-1939      105      0.61743  0.47178  0.50       3       1       2        4   1.57
1930-1939      106      0.63856  0.48402  0.50       1       1       1        2   1.52
1930-1939      107      0.65918  0.49578  0.50       1       0       1        1   1.48
1930-1939      108      0.67921  0.50702  0.50       0       0       0        0   1.44
1930-1939      109      0.69860  0.51775  0.50       0       0       0        0   1.41
1930-1939      110+     0.71731  1.00000  1.39       0       0       0        0   1.39
1940-1949        0      0.07652  0.07252  0.28  100000    7252   94763  6108533  61.09
1940-1949        1      0.00841  0.00838  0.50   92748     777   92360  6013770  64.84
1940-1949        2      0.00407  0.00407  0.50   91972     374   91785  5921410  64.38
1940-1949        3      0.00272  0.00271  0.50   91598     248   91473  5829625  63.64
1940-1949        4      0.00221  0.00221  0.50   91349     202   91249  5738152  62.82
1940-1949        5      0.00185  0.00185  0.50   91148     168   91064  5646903  61.95
1940-1949        6      0.00160  0.00160  0.50   90979     145   90907  5555840  61.07
1940-1949        7      0.00140  0.00140  0.50   90834     127   90770  5464933  60.16
1940-1949        8      0.00124  0.00124  0.50   90707     112   90651  5374162  59.25
1940-1949        9      0.00113  0.00113  0.50   90595     103   90543  5283512  58.32
1940-1949       10      0.00109  0.00109  0.50   90492      98   90443  5192968  57.39
1940-1949       11      0.00111  0.00110  0.50   90394     100   90344  5102525  56.45
1940-1949       12      0.00118  0.00118  0.50   90294     107   90240  5012182  55.51
1940-1949       13      0.00132  0.00131  0.50   90187     119   90128  4921941  54.57
1940-1949       14      0.00151  0.00151  0.50   90069     136   90001  4831813  53.65
1940-1949       15      0.00174  0.00174  0.50   89933     157   89855  4741812  52.73
1940-1949       16      0.00197  0.00197  0.50   89776     177   89688  4651958  51.82
1940-1949       17      0.00217  0.00217  0.50   89600     194   89502  4562270  50.92
1940-1949       18      0.00236  0.00236  0.50   89405     211   89300  4472767  50.03
1940-1949       19      0.00252  0.00251  0.50   89195     224   89082  4383467  49.15
1940-1949       20      0.00264  0.00264  0.50   88970     235   88853  4294385  48.27
1940-1949       21      0.00275  0.00274  0.50   88735     243   88614  4205532  47.39
1940-1949       22      0.00282  0.00282  0.50   88492     249   88368  4116918  46.52
1940-1949       23      0.00286  0.00285  0.50   88243     252   88117  4028551  45.65
1940-1949       24      0.00283  0.00282  0.50   87991     248   87867  3940434  44.78
1940-1949       25      0.00275  0.00274  0.50   87743     241   87622  3852567  43.91
1940-1949       26      0.00269  0.00269  0.50   87502     235   87384  3764944  43.03
1940-1949       27      0.00269  0.00269  0.50   87266     234   87149  3677560  42.14
1940-1949       28      0.00274  0.00274  0.50   87032     238   86913  3590411  41.25
1940-1949       29      0.00284  0.00284  0.50   86794     246   86671  3503498  40.37
1940-1949       30      0.00298  0.00298  0.50   86548     258   86419  3416827  39.48
1940-1949       31      0.00310  0.00310  0.50   86290     267   86157  3330408  38.60
1940-1949       32      0.00318  0.00318  0.50   86023     274   85886  3244252  37.71
1940-1949       33      0.00326  0.00325  0.50   85749     279   85610  3158365  36.83
1940-1949       34      0.00334  0.00334  0.50   85471     285   85328  3072755  35.95
1940-1949       35      0.00345  0.00345  0.50   85186     294   85039  2987427  35.07
1940-1949       36      0.00361  0.00360  0.50   84892     306   84739  2902388  34.19
1940-1949       37      0.00382  0.00381  0.50   84586     322   84425  2817649  33.31
1940-1949       38      0.00409  0.00408  0.50   84264     344   84092  2733224  32.44
1940-1949       39      0.00438  0.00437  0.50   83920     367   83737  2649132  31.57
1940-1949       40      0.00471  0.00470  0.50   83553     393   83357  2565395  30.70
1940-1949       41      0.00509  0.00507  0.50   83161     422   82950  2482038  29.85
1940-1949       42      0.00550  0.00549  0.50   82739     454   82512  2399088  29.00
1940-1949       43      0.00593  0.00592  0.50   82285     487   82042  2316576  28.15
1940-1949       44      0.00644  0.00642  0.50   81798     525   81536  2234535  27.32
1940-1949       45      0.00701  0.00698  0.50   81273     568   80990  2152999  26.49
1940-1949       46      0.00761  0.00758  0.50   80706     612   80400  2072009  25.67
1940-1949       47      0.00830  0.00826  0.50   80094     662   79763  1991609  24.87
1940-1949       48      0.00902  0.00898  0.50   79432     714   79076  1911846  24.07
1940-1949       49      0.00988  0.00983  0.50   78719     774   78332  1832771  23.28
1940-1949       50      0.01085  0.01079  0.50   77945     841   77524  1754439  22.51
1940-1949       51      0.01175  0.01168  0.50   77103     901   76653  1676915  21.75
1940-1949       52      0.01258  0.01250  0.50   76203     953   75726  1600262  21.00
1940-1949       53      0.01335  0.01326  0.50   75250     998   74751  1524536  20.26
1940-1949       54      0.01418  0.01408  0.50   74252    1046   73729  1449785  19.53
1940-1949       55      0.01512  0.01500  0.50   73206    1098   72657  1376056  18.80
1940-1949       56      0.01621  0.01608  0.50   72108    1160   71528  1303398  18.08
1940-1949       57      0.01755  0.01740  0.50   70948    1234   70331  1231870  17.36
1940-1949       58      0.01913  0.01894  0.50   69714    1321   69054  1161539  16.66
1940-1949       59      0.02095  0.02073  0.50   68393    1418   67684  1092486  15.97
1940-1949       60      0.02298  0.02272  0.50   66975    1522   66214  1024801  15.30
1940-1949       61      0.02510  0.02479  0.50   65453    1623   64642   958587  14.65
1940-1949       62      0.02723  0.02687  0.50   63831    1715   62973   893945  14.00
1940-1949       63      0.02917  0.02875  0.50   62116    1786   61223   830972  13.38
1940-1949       64      0.03132  0.03083  0.50   60330    1860   59400   769749  12.76
1940-1949       65      0.03383  0.03327  0.50   58470    1945   57497   710349  12.15
1940-1949       66      0.03665  0.03599  0.50   56525    2035   55507   652852  11.55
1940-1949       67      0.04017  0.03938  0.50   54490    2146   53417   597344  10.96
1940-1949       68      0.04454  0.04357  0.50   52344    2281   51204   543927  10.39
1940-1949       69      0.05027  0.04903  0.50   50064    2455   48836   492723   9.84
1940-1949       70      0.05714  0.05556  0.50   47609    2645   46286   443887   9.32
1940-1949       71      0.06407  0.06209  0.50   44964    2792   43568   397601   8.84
1940-1949       72      0.07102  0.06858  0.50   42172    2892   40726   354033   8.39
1940-1949       73      0.07745  0.07456  0.50   39280    2929   37816   313307   7.98
1940-1949       74      0.08351  0.08017  0.50   36351    2914   34894   275491   7.58
1940-1949       75      0.08901  0.08522  0.50   33437    2850   32012   240597   7.20
1940-1949       76      0.09434  0.09009  0.50   30587    2756   29210   208585   6.82
1940-1949       77      0.10062  0.09580  0.50   27832    2666   26499   179375   6.44
1940-1949       78      0.10777  0.10226  0.50   25166    2573   23879   152876   6.07
1940-1949       79      0.11539  0.10910  0.50   22592    2465   21360   128997   5.71
1940-1949       80      0.13340  0.12506  0.50   20128    2517   18869   107637   5.35
1940-1949       81      0.14559  0.13571  0.50   17610    2390   16415    88769   5.04
1940-1949       82      0.15888  0.14719  0.50   15220    2240   14100    72353   4.75
1940-1949       83      0.17331  0.15949  0.50   12980    2070   11945    58253   4.49
1940-1949       84      0.18850  0.17226  0.50   10910    1879    9970    46308   4.24
1940-1949       85      0.20390  0.18504  0.50    9031    1671    8195    36337   4.02
1940-1949       86      0.21962  0.19789  0.50    7360    1456    6631    28142   3.82
1940-1949       87      0.23549  0.21068  0.50    5903    1244    5281    21511   3.64
1940-1949       88      0.25110  0.22309  0.50    4660    1040    4140    16229   3.48
1940-1949       89      0.26517  0.23413  0.50    3620     848    3196    12090   3.34
1940-1949       90      0.27690  0.24322  0.50    2772     674    2435     8893   3.21
1940-1949       91      0.28523  0.24963  0.50    2098     524    1836     6458   3.08
1940-1949       92      0.28890  0.25243  0.50    1574     397    1376     4622   2.94
1940-1949       93      0.28931  0.25275  0.50    1177     297    1028     3246   2.76
1940-1949       94      0.35802  0.30366  0.50     879     267     746     2218   2.52
1940-1949       95      0.37899  0.31861  0.50     612     195     515     1472   2.40
1940-1949       96      0.40042  0.33363  0.50     417     139     348      957   2.29
1940-1949       97      0.42224  0.34864  0.50     278      97     230      609   2.19
1940-1949       98      0.44437  0.36359  0.50     181      66     148      380   2.10
1940-1949       99      0.46673  0.37842  0.50     115      44      93      232   2.01
1940-1949      100      0.48921  0.39307  0.50      72      28      58      138   1.93
1940-1949      101      0.51174  0.40748  0.50      43      18      35       81   1.85
1940-1949      102      0.53423  0.42161  0.50      26      11      20       46   1.78
1940-1949      103      0.55657  0.43541  0.50      15       6      12       26   1.72
1940-1949      104      0.57869  0.44883  0.50       8       4       7       14   1.66
1940-1949      105      0.60050  0.46183  0.50       5       2       4        7   1.61
1940-1949      106      0.62191  0.47440  0.50       2       1       2        4   1.56
1940-1949      107      0.64287  0.48649  0.50       1       1       1        2   1.51
1940-1949      108      0.66328  0.49809  0.50       1       0       1        1   1.48
1940-1949      109      0.68311  0.50919  0.50       0       0       0        0   1.44
1940-1949      110+     0.70229  1.00000  1.42       0       0       0        0   1.42
1950-1959        0      0.03818  0.03699  0.15  100000    3699   96866  6680712  66.81
1950-1959        1      0.00225  0.00225  0.50   96301     216   96193  6583846  68.37
1950-1959        2      0.00149  0.00149  0.50   96085     143   96013  6487653  67.52
1950-1959        3      0.00098  0.00098  0.50   95941      94   95894  6391640  66.62
1950-1959        4      0.00077  0.00077  0.50   95848      74   95811  6295745  65.69
1950-1959        5      0.00064  0.00064  0.50   95774      61   95743  6199935  64.74
1950-1959        6      0.00063  0.00063  0.50   95713      60   95683  6104191  63.78
1950-1959        7      0.00061  0.00061  0.50   95653      58   95624  6008509  62.82
1950-1959        8      0.00055  0.00055  0.50   95595      53   95568  5912885  61.85
1950-1959        9      0.00052  0.00052  0.50   95542      50   95517  5817317  60.89
1950-1959       10      0.00045  0.00045  0.50   95492      43   95471  5721800  59.92
1950-1959       11      0.00050  0.00050  0.50   95449      47   95426  5626329  58.95
1950-1959       12      0.00049  0.00049  0.50   95402      47   95379  5530903  57.97
1950-1959       13      0.00048  0.00048  0.50   95356      46   95333  5435524  57.00
1950-1959       14      0.00065  0.00065  0.50   95310      62   95279  5340192  56.03
1950-1959       15      0.00070  0.00070  0.50   95247      66   95214  5244913  55.07
1950-1959       16      0.00079  0.00079  0.50   95181      75   95143  5149699  54.10
1950-1959       17      0.00091  0.00091  0.50   95106      86   95063  5054556  53.15
1950-1959       18      0.00095  0.00095  0.50   95020      91   94974  4959493  52.19
1950-1959       19      0.00104  0.00104  0.50   94929      98   94880  4864518  51.24
1950-1959       20      0.00103  0.00103  0.50   94831      98   94782  4769639  50.30
1950-1959       21      0.00122  0.00121  0.50   94733     115   94675  4674857  49.35
1950-1959       22      0.00121  0.00121  0.50   94618     115   94560  4580182  48.41
1950-1959       23      0.00117  0.00117  0.50   94503     111   94448  4485621  47.47
1950-1959       24      0.00121  0.00121  0.50   94393     114   94336  4391173  46.52
1950-1959       25      0.00126  0.00126  0.50   94279     118   94219  4296838  45.58
1950-1959       26      0.00128  0.00128  0.50   94160     121   94100  4202618  44.63
1950-1959       27      0.00140  0.00140  0.50   94039     132   93974  4108518  43.69
1950-1959       28      0.00139  0.00139  0.50   93908     130   93843  4014545  42.75
1950-1959       29      0.00149  0.00149  0.50   93778     139   93708  3920702  41.81
1950-1959       30      0.00149  0.00149  0.50   93638     140   93568  3826994  40.87
1950-1959       31      0.00135  0.00135  0.50   93498     126   93435  3733426  39.93
1950-1959       32      0.00167  0.00166  0.50   93372     155   93294  3639991  38.98
1950-1959       33      0.00176  0.00176  0.50   93217     164   93135  3546696  38.05
1950-1959       34      0.00187  0.00186  0.50   93052     174   92966  3453562  37.11
1950-1959       35      0.00219  0.00219  0.50   92879     203   92777  3360596  36.18
1950-1959       36      0.00223  0.00223  0.50   92675     206   92572  3267819  35.26
1950-1959       37      0.00236  0.00235  0.50   92469     218   92360  3175247  34.34
1950-1959       38      0.00264  0.00264  0.50   92251     244   92130  3082886  33.42
1950-1959       39      0.00279  0.00278  0.50   92008     256   91880  2990757  32.51
1950-1959       40      0.00291  0.00290  0.50   91752     266   91619  2898877  31.59
1950-1959       41      0.00322  0.00322  0.50   91485     294   91338  2807258  30.69
1950-1959       42      0.00373  0.00372  0.50   91191     339   91022  2715920  29.78
1950-1959       43      0.00404  0.00403  0.50   90852     366   90669  2624899  28.89
1950-1959       44      0.00463  0.00462  0.50   90486     418   90277  2534230  28.01
1950-1959       45      0.00489  0.00488  0.50   90068     439   89848  2443953  27.13
1950-1959       46      0.00548  0.00547  0.50   89628     490   89383  2354105  26.27
1950-1959       47      0.00582  0.00580  0.50   89138     517   88880  2264722  25.41
1950-1959       48      0.00691  0.00688  0.50   88621     610   88316  2175842  24.55
1950-1959       49      0.00772  0.00769  0.50   88011     677   87673  2087526  23.72
1950-1959       50      0.00840  0.00836  0.50   87335     730   86969  1999853  22.90
1950-1959       51      0.00948  0.00943  0.50   86604     817   86196  1912883  22.09
1950-1959       52      0.01097  0.01091  0.50   85787     936   85319  1826687  21.29
1950-1959       53      0.01158  0.01152  0.50   84851     977   84363  1741368  20.52
1950-1959       54      0.01321  0.01312  0.50   83874    1101   83324  1657005  19.76
1950-1959       55      0.01357  0.01348  0.50   82773    1116   82216  1573681  19.01
1950-1959       56      0.01534  0.01522  0.50   81658    1243   81036  1491466  18.26
1950-1959       57      0.01704  0.01690  0.50   80414    1359   79735  1410430  17.54
1950-1959       58      0.01885  0.01868  0.50   79056    1477   78317  1330695  16.83
1950-1959       59      0.02067  0.02046  0.50   77579    1587   76785  1252377  16.14
1950-1959       60      0.02216  0.02192  0.50   75992    1665   75159  1175592  15.47
1950-1959       61      0.02365  0.02337  0.50   74326    1737   73458  1100433  14.81
1950-1959       62      0.02521  0.02490  0.50   72589    1807   71686  1026975  14.15
1950-1959       63      0.02965  0.02921  0.50   70782    2068   69748   955289  13.50
1950-1959       64      0.03158  0.03109  0.50   68714    2136   67646   885541  12.89
1950-1959       65      0.03568  0.03505  0.50   66578    2334   65411   817895  12.28
1950-1959       66      0.03574  0.03511  0.50   64244    2256   63117   752484  11.71
1950-1959       67      0.04112  0.04029  0.50   61989    2498   60740   689367  11.12
1950-1959       68      0.04556  0.04454  0.50   59491    2650   58166   628627  10.57
1950-1959       69      0.04824  0.04711  0.50   56842    2678   55503   570460  10.04
1950-1959       70      0.05596  0.05444  0.50   54164    2948   52690   514958   9.51
1950-1959       71      0.05846  0.05680  0.50   51215    2909   49761   462268   9.03
1950-1959       72      0.06683  0.06467  0.50   48306    3124   46744   412507   8.54
1950-1959       73      0.07344  0.07084  0.50   45182    3201   43582   365763   8.10
1950-1959       74      0.08049  0.07737  0.50   41982    3248   40358   322181   7.67
1950-1959       75      0.08745  0.08379  0.50   38734    3245   37111   281823   7.28
1950-1959       76      0.09072  0.08678  0.50   35488    3080   33948   244712   6.90
1950-1959       77      0.09316  0.08902  0.50   32408    2885   30966   210764   6.50
1950-1959       78      0.11015  0.10440  0.50   29523    3082   27982   179798   6.09
1950-1959       79      0.11430  0.10812  0.50   26441    2859   25012   151816   5.74
1950-1959       80      0.13207  0.12389  0.50   23583    2922   22122   126804   5.38
1950-1959       81      0.13160  0.12348  0.50   20661    2551   19385   104682   5.07
1950-1959       82      0.15237  0.14158  0.50   18110    2564   16828    85297   4.71
1950-1959       83      0.16519  0.15259  0.50   15546    2372   14360    68469   4.40
1950-1959       84      0.19429  0.17709  0.50   13174    2333   12007    54109   4.11
1950-1959       85      0.20444  0.18548  0.50   10841    2011    9835    42102   3.88
1950-1959       86      0.23169  0.20764  0.50    8830    1833    7913    32267   3.65
1950-1959       87      0.23211  0.20797  0.50    6996    1455    6269    24354   3.48
1950-1959       88      0.26344  0.23278  0.50    5541    1290    4896    18085   3.26
1950-1959       89      0.27599  0.24252  0.50    4251    1031    3736    13188   3.10
1950-1959       90      0.31043  0.26872  0.50    3220     865    2788     9452   2.94
1950-1959       91      0.29933  0.26036  0.50    2355     613    2048     6665   2.83
1950-1959       92      0.34746  0.29603  0.50    1742     516    1484     4616   2.65
1950-1959       93      0.32969  0.28303  0.50    1226     347    1053     3132   2.55
1950-1959       94      0.35398  0.30075  0.50     879     264     747     2079   2.37
1950-1959       95      0.42213  0.34856  0.50     615     214     508     1332   2.17
1950-1959       96      0.44837  0.36626  0.50     400     147     327      825   2.06
1950-1959       97      0.47490  0.38377  0.50     254      97     205      498   1.96
1950-1959       98      0.50158  0.40101  0.50     156      63     125      293   1.87
1950-1959       99      0.52825  0.41788  0.50      94      39      74      168   1.79
1950-1959      100      0.55475  0.43429  0.50      55      24      43       93   1.71
1950-1959      101      0.58095  0.45019  0.50      31      14      24       51   1.65
1950-1959      102      0.60670  0.46550  0.50      17       8      13       27   1.58
1950-1959      103      0.63188  0.48017  0.50       9       4       7       14   1.53
1950-1959      104      0.65635  0.49417  0.50       5       2       4        7   1.48
1950-1959      105      0.68002  0.50747  0.50       2       1       2        3   1.43
1950-1959      106      0.70280  0.52005  0.50       1       1       1        2   1.39
1950-1959      107      0.72461  0.53190  0.50       1       0       0        1   1.35
1950-1959      108      0.74540  0.54302  0.50       0       0       0        0   1.32
1950-1959      109      0.76513  0.55341  0.50       0       0       0        0   1.29
1950-1959      110+     0.78378  1.00000  1.28       0       0       0        0   1.28
1960-1969        0      0.02902  0.02830  0.12  100000    2830   97518  6797890  67.98
1960-1969        1      0.00159  0.00159  0.50   97170     154   97093  6700372  68.96
1960-1969        2      0.00102  0.00102  0.50   97016      99   96967  6603279  68.06
1960-1969        3      0.00067  0.00067  0.50   96917      65   96885  6506312  67.13
1960-1969        4      0.00060  0.00060  0.50   96852      58   96823  6409428  66.18
1960-1969        5      0.00059  0.00059  0.50   96794      57   96766  6312604  65.22
1960-1969        6      0.00051  0.00051  0.50   96737      49   96712  6215839  64.26
1960-1969        7      0.00047  0.00047  0.50   96688      45   96665  6119126  63.29
1960-1969        8      0.00045  0.00045  0.50   96642      43   96621  6022461  62.32
1960-1969        9      0.00046  0.00046  0.50   96599      45   96577  5925841  61.34
1960-1969       10      0.00038  0.00038  0.50   96554      36   96536  5829264  60.37
1960-1969       11      0.00036  0.00036  0.50   96518      35   96500  5732728  59.40
1960-1969       12      0.00039  0.00039  0.50   96483      38   96464  5636227  58.42
1960-1969       13      0.00047  0.00047  0.50   96445      45   96423  5539763  57.44
1960-1969       14      0.00041  0.00041  0.50   96400      40   96380  5443341  56.47
1960-1969       15      0.00051  0.00051  0.50   96360      49   96336  5346961  55.49
1960-1969       16      0.00075  0.00075  0.50   96311      73   96275  5250625  54.52
1960-1969       17      0.00089  0.00089  0.50   96238      85   96196  5154350  53.56
1960-1969       18      0.00084  0.00084  0.50   96153      81   96113  5058155  52.61
1960-1969       19      0.00102  0.00102  0.50   96072      98   96023  4962042  51.65
1960-1969       20      0.00095  0.00095  0.50   95974      91   95928  4866019  50.70
1960-1969       21      0.00092  0.00092  0.50   95883      88   95838  4770091  49.75
1960-1969       22      0.00120  0.00119  0.50   95794     114   95737  4674253  48.79
1960-1969       23      0.00091  0.00090  0.50   95680      87   95636  4578516  47.85
1960-1969       24      0.00106  0.00106  0.50   95593     101   95543  4482879  46.90
1960-1969       25      0.00082  0.00082  0.50   95492      79   95453  4387337  45.94
1960-1969       26      0.00108  0.00108  0.50   95413     103   95362  4291884  44.98
1960-1969       27      0.00101  0.00101  0.50   95310      96   95262  4196522  44.03
1960-1969       28      0.00102  0.00102  0.50   95214      97   95165  4101260  43.07
1960-1969       29      0.00117  0.00117  0.50   95117     111   95062  4006095  42.12
1960-1969       30      0.00139  0.00139  0.50   95006     132   94940  3911033  41.17
1960-1969       31      0.00112  0.00111  0.50   94874     106   94821  3816093  40.22
1960-1969       32      0.00135  0.00135  0.50   94768     128   94704  3721272  39.27
1960-1969       33      0.00148  0.00148  0.50   94640     140   94570  3626568  38.32
1960-1969       34      0.00130  0.00130  0.50   94500     122   94439  3531998  37.38
1960-1969       35      0.00153  0.00153  0.50   94378     145   94306  3437558  36.42
1960-1969       36      0.00165  0.00165  0.50   94233     155   94156  3343253  35.48
1960-1969       37      0.00172  0.00172  0.50   94078     162   93997  3249097  34.54
1960-1969       38      0.00229  0.00229  0.50   93917     215   93809  3155100  33.59
1960-1969       39      0.00231  0.00231  0.50   93702     216   93594  3061290  32.67
1960-1969       40      0.00291  0.00290  0.50   93486     271   93350  2967696  31.74
1960-1969       41      0.00282  0.00282  0.50   93214     263   93083  2874346  30.84
1960-1969       42      0.00315  0.00315  0.50   92952     292   92806  2781263  29.92
1960-1969       43      0.00346  0.00346  0.50   92660     320   92500  2688457  29.01
1960-1969       44      0.00439  0.00438  0.50   92339     404   92137  2595958  28.11
1960-1969       45      0.00430  0.00429  0.50   91935     394   91738  2503820  27.23
1960-1969       46      0.00499  0.00497  0.50   91541     455   91314  2412082  26.35
1960-1969       47      0.00574  0.00572  0.50   91086     521   90825  2320769  25.48
1960-1969       48      0.00611  0.00609  0.50   90565     551   90289  2229943  24.62
1960-1969       49      0.00722  0.00719  0.50   90014     647   89690  2139654  23.77
1960-1969       50      0.00773  0.00770  0.50   89366     688   89022  2049964  22.94
1960-1969       51      0.00847  0.00843  0.50   88678     748   88304  1960942  22.11
1960-1969       52      0.01034  0.01029  0.50   87931     905   87478  1872637  21.30
1960-1969       53      0.01097  0.01091  0.50   87026     950   86551  1785159  20.51
1960-1969       54      0.01169  0.01162  0.50   86076    1000   85576  1698608  19.73
1960-1969       55      0.01292  0.01284  0.50   85076    1092   84530  1613033  18.96
1960-1969       56      0.01540  0.01528  0.50   83984    1283   83342  1528503  18.20
1960-1969       57      0.01678  0.01664  0.50   82700    1376   82012  1445161  17.47
1960-1969       58      0.01894  0.01876  0.50   81325    1526   80562  1363148  16.76
1960-1969       59      0.02148  0.02125  0.50   79799    1696   78951  1282587  16.07
1960-1969       60      0.02312  0.02285  0.50   78103    1785   77210  1203636  15.41
1960-1969       61      0.02298  0.02272  0.50   76318    1734   75451  1126426  14.76
1960-1969       62      0.02902  0.02861  0.50   74584    2134   73517  1050975  14.09
1960-1969       63      0.03005  0.02961  0.50   72450    2145   71378   977458  13.49
1960-1969       64      0.03399  0.03342  0.50   70305    2350   69130   906080  12.89
1960-1969       65      0.03614  0.03550  0.50   67956    2413   66749   836949  12.32
1960-1969       66      0.03683  0.03616  0.50   65543    2370   64358   770200  11.75
1960-1969       67      0.04457  0.04360  0.50   63173    2754   61796   705842  11.17
1960-1969       68      0.04702  0.04594  0.50   60419    2776   59031   644047  10.66
1960-1969       69      0.04900  0.04783  0.50   57643    2757   56264   585016  10.15
1960-1969       70      0.05505  0.05357  0.50   54886    2940   53416   528752   9.63
1960-1969       71      0.05599  0.05447  0.50   51945    2829   50531   475336   9.15
1960-1969       72      0.06616  0.06404  0.50   49116    3146   47543   424805   8.65
1960-1969       73      0.07210  0.06959  0.50   45970    3199   44371   377262   8.21
1960-1969       74      0.08023  0.07714  0.50   42771    3299   41122   332891   7.78
1960-1969       75      0.08618  0.08262  0.50   39472    3261   37842   291769   7.39
1960-1969       76      0.09131  0.08732  0.50   36211    3162   34630   253928   7.01
1960-1969       77      0.09377  0.08957  0.50   33049    2960   31569   219298   6.64
1960-1969       78      0.10932  0.10365  0.50   30089    3119   28529   187729   6.24
1960-1969       79      0.11665  0.11022  0.50   26970    2973   25484   159199   5.90
1960-1969       80      0.12737  0.11974  0.50   23997    2874   22561   133716   5.57
1960-1969       81      0.12189  0.11489  0.50   21124    2427   19910   111155   5.26
1960-1969       82      0.14449  0.13475  0.50   18697    2520   17437    91244   4.88
1960-1969       83      0.16347  0.15112  0.50   16178    2445   14955    73807   4.56
1960-1969       84      0.18930  0.17293  0.50   13733    2375   12545    58852   4.29
1960-1969       85      0.19218  0.17533  0.50   11358    1991   10362    46307   4.08
1960-1969       86      0.21424  0.19351  0.50    9367    1813    8460    35944   3.84
1960-1969       87      0.23084  0.20696  0.50    7554    1563    6772    27484   3.64
1960-1969       88      0.22700  0.20386  0.50    5991    1221    5380    20712   3.46
1960-1969       89      0.26569  0.23454  0.50    4769    1119    4210    15332   3.21
1960-1969       90      0.29635  0.25811  0.50    3651     942    3180    11122   3.05
1960-1969       91      0.29454  0.25673  0.50    2709     695    2361     7942   2.93
1960-1969       92      0.30396  0.26386  0.50    2013     531    1748     5581   2.77
1960-1969       93      0.32414  0.27893  0.50    1482     413    1275     3834   2.59
1960-1969       94      0.37332  0.31460  0.50    1069     336     901     2558   2.39
1960-1969       95      0.40165  0.33448  0.50     732     245     610     1658   2.26
1960-1969       96      0.42701  0.35188  0.50     487     172     402     1048   2.15
1960-1969       97      0.45275  0.36918  0.50     316     117     258      646   2.05
1960-1969       98      0.47875  0.38628  0.50     199      77     161      389   1.95
1960-1969       99      0.50486  0.40311  0.50     122      49      98      228   1.86
1960-1969      100      0.53095  0.41957  0.50      73      31      58      130   1.78
1960-1969      101      0.55687  0.43559  0.50      42      18      33       72   1.71
1960-1969      102      0.58248  0.45110  0.50      24      11      19       39   1.64
1960-1969      103      0.60766  0.46606  0.50      13       6      10       21   1.58
1960-1969      104      0.63227  0.48040  0.50       7       3       5       11   1.53
1960-1969      105      0.65622  0.49410  0.50       4       2       3        5   1.48
1960-1969      106      0.67940  0.50713  0.50       2       1       1        3   1.43
1960-1969      107      0.70172  0.51946  0.50       1       0       1        1   1.39
1960-1969      108      0.72312  0.53110  0.50       0       0       0        1   1.36
1960-1969      109      0.74355  0.54204  0.50       0       0       0        0   1.33
1960-1969      110+     0.76297  1.00000  1.31       0       0       0        0   1.31
1970-1979        0      0.02139  0.02099  0.11  100000    2099   98125  6765429  67.65
1970-1979        1      0.00128  0.00128  0.50   97901     126   97838  6667304  68.10
1970-1979        2      0.00091  0.00091  0.50   97776      89   97731  6569466  67.19
1970-1979        3      0.00072  0.00072  0.50   97687      70   97651  6471735  66.25
1970-1979        4      0.00054  0.00054  0.50   97616      53   97590  6374083  65.30
1970-1979        5      0.00059  0.00058  0.50   97563      57   97535  6276494  64.33
1970-1979        6      0.00061  0.00061  0.50   97506      60   97476  6178959  63.37
1970-1979        7      0.00046  0.00046  0.50   97447      44   97424  6081483  62.41
1970-1979        8      0.00039  0.00039  0.50   97402      38   97383  5984058  61.44
1970-1979        9      0.00034  0.00034  0.50   97364      33   97348  5886675  60.46
1970-1979       10      0.00042  0.00042  0.50   97331      41   97311  5789327  59.48
1970-1979       11      0.00039  0.00039  0.50   97290      38   97271  5692016  58.51
1970-1979       12      0.00037  0.00037  0.50   97252      36   97235  5594745  57.53
1970-1979       13      0.00053  0.00053  0.50   97217      52   97191  5497510  56.55
1970-1979       14      0.00057  0.00057  0.50   97165      55   97138  5400319  55.58
1970-1979       15      0.00053  0.00053  0.50   97110      52   97084  5303182  54.61
1970-1979       16      0.00091  0.00091  0.50   97058      88   97014  5206098  53.64
1970-1979       17      0.00148  0.00148  0.50   96970     144   96898  5109084  52.69
1970-1979       18      0.00198  0.00198  0.50   96826     192   96731  5012185  51.76
1970-1979       19      0.00216  0.00216  0.50   96635     209   96531  4915455  50.87
1970-1979       20      0.00200  0.00200  0.50   96426     192   96330  4818924  49.98
1970-1979       21      0.00197  0.00197  0.50   96234     190   96139  4722594  49.07
1970-1979       22      0.00163  0.00163  0.50   96044     156   95966  4626456  48.17
1970-1979       23      0.00161  0.00160  0.50   95888     154   95811  4530490  47.25
1970-1979       24      0.00161  0.00160  0.50   95734     154   95657  4434679  46.32
1970-1979       25      0.00160  0.00160  0.50   95580     153   95504  4339021  45.40
1970-1979       26      0.00150  0.00150  0.50   95427     143   95356  4243518  44.47
1970-1979       27      0.00147  0.00147  0.50   95284     140   95214  4148162  43.53
1970-1979       28      0.00140  0.00139  0.50   95144     133   95078  4052948  42.60
1970-1979       29      0.00176  0.00175  0.50   95011     167   94928  3957871  41.66
1970-1979       30      0.00149  0.00149  0.50   94844     141   94774  3862943  40.73
1970-1979       31      0.00169  0.00169  0.50   94703     160   94623  3768169  39.79
1970-1979       32      0.00171  0.00170  0.50   94543     161   94462  3673546  38.86
1970-1979       33      0.00153  0.00153  0.50   94381     145   94309  3579084  37.92
1970-1979       34      0.00161  0.00161  0.50   94237     152   94161  3484775  36.98
1970-1979       35      0.00195  0.00195  0.50   94085     183   93993  3390614  36.04
1970-1979       36      0.00212  0.00212  0.50   93902     199   93802  3296620  35.11
1970-1979       37      0.00241  0.00241  0.50   93703     225   93590  3202818  34.18
1970-1979       38      0.00211  0.00211  0.50   93478     197   93379  3109227  33.26
1970-1979       39      0.00248  0.00248  0.50   93281     231   93165  3015848  32.33
1970-1979       40      0.00271  0.00271  0.50   93050     252   92924  2922683  31.41
1970-1979       41      0.00293  0.00293  0.50   92797     272   92662  2829759  30.49
1970-1979       42      0.00355  0.00354  0.50   92526     328   92362  2737098  29.58
1970-1979       43      0.00393  0.00392  0.50   92198     362   92017  2644736  28.69
1970-1979       44      0.00449  0.00448  0.50   91837     411   91631  2552718  27.80
1970-1979       45      0.00484  0.00483  0.50   91425     442   91205  2461087  26.92
1970-1979       46      0.00533  0.00532  0.50   90984     484   90742  2369883  26.05
1970-1979       47      0.00662  0.00660  0.50   90500     597   90201  2279141  25.18
1970-1979       48      0.00660  0.00658  0.50   89902     592   89606  2188940  24.35
1970-1979       49      0.00798  0.00795  0.50   89311     710   88956  2099334  23.51
1970-1979       50      0.00800  0.00797  0.50   88601     706   88248  2010378  22.69
1970-1979       51      0.00947  0.00942  0.50   87895     828   87481  1922131  21.87
1970-1979       52      0.01039  0.01034  0.50   87067     900   86617  1834650  21.07
1970-1979       53      0.01177  0.01170  0.50   86167    1008   85663  1748033  20.29
1970-1979       54      0.01281  0.01272  0.50   85159    1084   84617  1662370  19.52
1970-1979       55      0.01375  0.01366  0.50   84075    1148   83501  1577754  18.77
1970-1979       56      0.01588  0.01576  0.50   82927    1307   82273  1494253  18.02
1970-1979       57      0.01711  0.01697  0.50   81620    1385   80928  1411979  17.30
1970-1979       58      0.01846  0.01829  0.50   80235    1467   79502  1331052  16.59
1970-1979       59      0.02131  0.02109  0.50   78768    1661   77937  1251550  15.89
1970-1979       60      0.02176  0.02153  0.50   77107    1660   76277  1173613  15.22
1970-1979       61      0.02524  0.02493  0.50   75447    1881   74507  1097336  14.54
1970-1979       62      0.02936  0.02893  0.50   73567    2129   72502  1022829  13.90
1970-1979       63      0.03031  0.02986  0.50   71438    2133   70371   950326  13.30
1970-1979       64      0.03455  0.03396  0.50   69305    2354   68128   879955  12.70
1970-1979       65      0.03752  0.03683  0.50   66951    2466   65718   811827  12.13
1970-1979       66      0.03879  0.03805  0.50   64485    2454   63258   746109  11.57
1970-1979       67      0.04312  0.04221  0.50   62032    2618   60722   682850  11.01
1970-1979       68      0.04692  0.04585  0.50   59413    2724   58051   622128  10.47
1970-1979       69      0.05346  0.05206  0.50   56689    2952   55214   564076   9.95
1970-1979       70      0.05806  0.05642  0.50   53738    3032   52222   508863   9.47
1970-1979       71      0.06033  0.05856  0.50   50706    2969   49221   456641   9.01
1970-1979       72      0.06853  0.06626  0.50   47736    3163   46155   407420   8.53
1970-1979       73      0.07256  0.07002  0.50   44574    3121   43013   361265   8.10
1970-1979       74      0.07890  0.07591  0.50   41452    3146   39879   318252   7.68
1970-1979       75      0.08681  0.08320  0.50   38306    3187   36712   278373   7.27
1970-1979       76      0.09506  0.09075  0.50   35119    3187   33525   241660   6.88
1970-1979       77      0.10029  0.09550  0.50   31932    3050   30407   208135   6.52
1970-1979       78      0.11027  0.10451  0.50   28882    3018   27373   177728   6.15
1970-1979       79      0.11905  0.11237  0.50   25864    2906   24411   150355   5.81
1970-1979       80      0.12434  0.11706  0.50   22958    2687   21614   125944   5.49
1970-1979       81      0.13642  0.12771  0.50   20270    2589   18976   104330   5.15
1970-1979       82      0.15870  0.14704  0.50   17682    2600   16382    85354   4.83
1970-1979       83      0.16794  0.15493  0.50   15082    2337   13914    68972   4.57
1970-1979       84      0.17489  0.16083  0.50   12745    2050   11720    55059   4.32
1970-1979       85      0.19638  0.17882  0.50   10695    1913    9739    43338   4.05
1970-1979       86      0.21549  0.19453  0.50    8783    1709    7929    33599   3.83
1970-1979       87      0.22665  0.20358  0.50    7074    1440    6354    25671   3.63
1970-1979       88      0.24156  0.21553  0.50    5634    1214    5027    19316   3.43
1970-1979       89      0.25540  0.22648  0.50    4420    1001    3919    14289   3.23
1970-1979       90      0.27537  0.24205  0.50    3419     828    3005    10370   3.03
1970-1979       91      0.28590  0.25014  0.50    2591     648    2267     7365   2.84
1970-1979       92      0.33642  0.28798  0.50    1943     560    1663     5098   2.62
1970-1979       93      0.35038  0.29815  0.50    1384     413    1177     3434   2.48
1970-1979       94      0.40514  0.33689  0.50     971     327     807     2257   2.32
1970-1979       95      0.40468  0.33658  0.50     644     217     536     1450   2.25
1970-1979       96      0.42978  0.35376  0.50     427     151     352      914   2.14
1970-1979       97      0.45524  0.37083  0.50     276     102     225      562   2.04
1970-1979       98      0.48094  0.38771  0.50     174      67     140      338   1.94
1970-1979       99      0.50674  0.40430  0.50     106      43      85      198   1.86
1970-1979      100      0.53251  0.42054  0.50      63      27      50      113   1.78
1970-1979      101      0.55810  0.43634  0.50      37      16      29       63   1.71
1970-1979      102      0.58339  0.45165  0.50      21       9      16       34   1.64
1970-1979      103      0.60825  0.46640  0.50      11       5       9       18   1.58
1970-1979      104      0.63256  0.48057  0.50       6       3       5        9   1.53
1970-1979      105      0.65621  0.49410  0.50       3       2       2        5   1.48
1970-1979      106      0.67911  0.50697  0.50       2       1       1        2   1.43
1970-1979      107      0.70119  0.51917  0.50       1       0       1        1   1.39
1970-1979      108      0.72236  0.53069  0.50       0       0       0        1   1.36
1970-1979      109      0.74258  0.54152  0.50       0       0       0        0   1.33
1970-1979      110+     0.76182  1.00000  1.31       0       0       0        0   1.31
1980-1989        0      0.01198  0.01186  0.13  100000    1186   98963  7030990  70.31
1980-1989        1      0.00074  0.00073  0.50   98814      73   98778  6932027  70.15
1980-1989        2      0.00050  0.00050  0.50   98742      50   98717  6833249  69.20
1980-1989        3      0.00058  0.00058  0.50   98692      57   98664  6734532  68.24
1980-1989        4      0.00033  0.00033  0.50   98635      33   98618  6635868  67.28
1980-1989        5      0.00034  0.00034  0.50   98602      33   98585  6537250  66.30
1980-1989        6      0.00038  0.00038  0.50   98569      38   98550  6438665  65.32
1980-1989        7      0.00026  0.00026  0.50   98531      26   98518  6340115  64.35
1980-1989        8      0.00026  0.00026  0.50   98505      26   98492  6241597  63.36
1980-1989        9      0.00024  0.00024  0.50   98480      23   98468  6143104  62.38
1980-1989       10      0.00019  0.00019  0.50   98456      19   98447  6044636  61.39
1980-1989       11      0.00030  0.00030  0.50   98438      29   98423  5946189  60.41
1980-1989       12      0.00031  0.00031  0.50   98408      30   98393  5847766  59.42
1980-1989       13      0.00033  0.00033  0.50   98378      32   98362  5749373  58.44
1980-1989       14      0.00038  0.00038  0.50   98346      37   98327  5651011  57.46
1980-1989       15      0.00057  0.00057  0.50   98309      56   98281  5552683  56.48
1980-1989       16      0.00066  0.00066  0.50   98253      64   98221  5454402  55.51
1980-1989       17      0.00084  0.00084  0.50   98188      83   98147  5356182  54.55
1980-1989       18      0.00119  0.00119  0.50   98106     117   98047  5258035  53.60
1980-1989       19      0.00129  0.00128  0.50   97989     126   97926  5159988  52.66
1980-1989       20      0.00155  0.00155  0.50   97863     151   97787  5062062  51.73
1980-1989       21      0.00125  0.00125  0.50   97712     122   97650  4964275  50.81
1980-1989       22      0.00149  0.00148  0.50   97589     145   97517  4866624  49.87
1980-1989       23      0.00128  0.00128  0.50   97445     125   97382  4769107  48.94
1980-1989       24      0.00118  0.00118  0.50   97320     115   97263  4671725  48.00
1980-1989       25      0.00124  0.00124  0.50   97205     120   97145  4574462  47.06
1980-1989       26      0.00114  0.00114  0.50   97085     111   97030  4477317  46.12
1980-1989       27      0.00111  0.00111  0.50   96974     107   96921  4380288  45.17
1980-1989       28      0.00125  0.00125  0.50   96867     121   96806  4283367  44.22
1980-1989       29      0.00118  0.00118  0.50   96746     114   96689  4186560  43.27
1980-1989       30      0.00126  0.00126  0.50   96631     122   96570  4089872  42.32
1980-1989       31      0.00114  0.00114  0.50   96509     110   96454  3993302  41.38
1980-1989       32      0.00123  0.00123  0.50   96400     119   96340  3896847  40.42
1980-1989       33      0.00162  0.00162  0.50   96281     156   96203  3800507  39.47
1980-1989       34      0.00151  0.00150  0.50   96125     145   96053  3704304  38.54
1980-1989       35      0.00142  0.00142  0.50   95980     136   95912  3608251  37.59
1980-1989       36      0.00128  0.00128  0.50   95844     123   95783  3512339  36.65
1980-1989       37      0.00177  0.00176  0.50   95722     169   95637  3416556  35.69
1980-1989       38      0.00163  0.00162  0.50   95553     155   95475  3320919  34.75
1980-1989       39      0.00157  0.00157  0.50   95398     150   95323  3225443  33.81
1980-1989       40      0.00262  0.00261  0.50   95248     249   95123  3130121  32.86
1980-1989       41      0.00242  0.00241  0.50   94999     229   94884  3034997  31.95
1980-1989       42      0.00246  0.00245  0.50   94770     232   94653  2940113  31.02
1980-1989       43      0.00295  0.00294  0.50   94537     278   94398  2845460  30.10
1980-1989       44      0.00345  0.00344  0.50   94259     325   94097  2751062  29.19
1980-1989       45      0.00374  0.00373  0.50   93934     351   93759  2656965  28.29
1980-1989       46      0.00382  0.00382  0.50   93584     357   93405  2563206  27.39
1980-1989       47      0.00439  0.00438  0.50   93226     408   93022  2469801  26.49
1980-1989       48      0.00535  0.00533  0.50   92818     495   92571  2376779  25.61
1980-1989       49      0.00556  0.00555  0.50   92323     512   92067  2284208  24.74
1980-1989       50      0.00638  0.00635  0.50   91811     583   91519  2192141  23.88
1980-1989       51      0.00740  0.00738  0.50   91228     673   90891  2100622  23.03
1980-1989       52      0.00788  0.00785  0.50   90555     711   90199  2009730  22.19
1980-1989       53      0.00971  0.00967  0.50   89844     868   89410  1919531  21.37
1980-1989       54      0.01089  0.01083  0.50   88976     963   88494  1830121  20.57
1980-1989       55      0.01160  0.01153  0.50   88012    1015   87505  1741627  19.79
1980-1989       56      0.01303  0.01294  0.50   86997    1126   86434  1654122  19.01
1980-1989       57      0.01552  0.01540  0.50   85871    1322   85210  1567688  18.26
1980-1989       58      0.01663  0.01650  0.50   84549    1395   83852  1482478  17.53
1980-1989       59      0.01763  0.01748  0.50   83154    1453   82428  1398627  16.82
1980-1989       60      0.02062  0.02041  0.50   81701    1668   80867  1316199  16.11
1980-1989       61      0.02119  0.02097  0.50   80033    1678   79194  1235332  15.44
1980-1989       62      0.02534  0.02503  0.50   78355    1961   77375  1156138  14.76
1980-1989       63      0.02674  0.02639  0.50   76394    2016   75386  1078763  14.12
1980-1989       64      0.02889  0.02848  0.50   74378    2118   73319  1003377  13.49
1980-1989       65      0.03271  0.03219  0.50   72260    2326   71097   930058  12.87
1980-1989       66      0.03620  0.03556  0.50   69934    2487   68691   858961  12.28
1980-1989       67      0.03917  0.03842  0.50   67448    2591   66152   790270  11.72
1980-1989       68      0.04084  0.04002  0.50   64856    2595   63558   724119  11.17
1980-1989       69      0.04496  0.04398  0.50   62261    2738   60892   660560  10.61
1980-1989       70      0.05070  0.04945  0.50   59523    2943   58051   599669  10.07
1980-1989       71      0.05501  0.05354  0.50   56579    3029   55065   541618   9.57
1980-1989       72      0.05985  0.05811  0.50   53550    3112   51994   486553   9.09
1980-1989       73      0.06465  0.06263  0.50   50438    3159   48859   434559   8.62
1980-1989       74      0.06968  0.06734  0.50   47279    3184   45688   385700   8.16
1980-1989       75      0.07803  0.07510  0.50   44096    3311   42440   340012   7.71
1980-1989       76      0.08182  0.07861  0.50   40784    3206   39181   297572   7.30
1980-1989       77      0.08893  0.08514  0.50   37578    3199   35979   258391   6.88
1980-1989       78      0.09917  0.09449  0.50   34379    3248   32755   222412   6.47
1980-1989       79      0.10998  0.10425  0.50   31130    3245   29508   189658   6.09
1980-1989       80      0.12246  0.11539  0.50   27885    3218   26276   160150   5.74
1980-1989       81      0.13274  0.12447  0.50   24667    3070   23132   133874   5.43
1980-1989       82      0.14206  0.13264  0.50   21597    2865   20165   110741   5.13
1980-1989       83      0.15781  0.14627  0.50   18732    2740   17362    90577   4.84
1980-1989       84      0.16309  0.15080  0.50   15992    2412   14787    73214   4.58
1980-1989       85      0.18237  0.16713  0.50   13581    2270   12446    58428   4.30
1980-1989       86      0.20361  0.18479  0.50   11311    2090   10266    45982   4.07
1980-1989       87      0.21559  0.19461  0.50    9221    1794    8324    35716   3.87
1980-1989       88      0.21462  0.19382  0.50    7426    1439    6707    27392   3.69
1980-1989       89      0.23276  0.20850  0.50    5987    1248    5363    20686   3.46
1980-1989       90      0.27064  0.23838  0.50    4739    1130    4174    15323   3.23
1980-1989       91      0.26306  0.23248  0.50    3609     839    3190    11149   3.09
1980-1989       92      0.30080  0.26147  0.50    2770     724    2408     7959   2.87
1980-1989       93      0.34085  0.29122  0.50    2046     596    1748     5552   2.71
1980-1989       94      0.34654  0.29536  0.50    1450     428    1236     3804   2.62
1980-1989       95      0.35851  0.30401  0.50    1022     311     866     2568   2.51
1980-1989       96      0.38008  0.31938  0.50     711     227     598     1702   2.39
1980-1989       97      0.40213  0.33481  0.50     484     162     403     1104   2.28
1980-1989       98      0.42459  0.35024  0.50     322     113     266      701   2.18
1980-1989       99      0.44736  0.36559  0.50     209      76     171      435   2.08
1980-1989      100      0.47036  0.38080  0.50     133      51     107      265   1.99
1980-1989      101      0.49348  0.39582  0.50      82      33      66      157   1.91
1980-1989      102      0.51663  0.41057  0.50      50      20      39       91   1.84
1980-1989      103      0.53971  0.42502  0.50      29      12      23       52   1.77
1980-1989      104      0.56262  0.43910  0.50      17       7      13       29   1.70
1980-1989      105      0.58527  0.45277  0.50       9       4       7       16   1.64
1980-1989      106      0.60756  0.46600  0.50       5       2       4        8   1.59
1980-1989      107      0.62941  0.47875  0.50       3       1       2        4   1.54
1980-1989      108      0.65074  0.49099  0.50       1       1       1        2   1.50
1980-1989      109      0.67149  0.50271  0.50       1       0       1        1   1.47
1980-1989      110+     0.69159  1.00000  1.45       0       0       1        1   1.45
1990-1999        0      0.00706  0.00701  0.14  100000     701   99394  7326682  73.27
1990-1999        1      0.00047  0.00047  0.50   99299      47   99275  7227288  72.78
1990-1999        2      0.00042  0.00042  0.50   99252      41   99231  7128013  71.82
1990-1999        3      0.00020  0.00020  0.50   99211      20   99201  7028782  70.85
1990-1999        4      0.00029  0.00029  0.50   99191      29   99176  6929581  69.86
1990-1999        5      0.00025  0.00025  0.50   99162      24   99150  6830404  68.88
1990-1999        6      0.00017  0.00017  0.50   99137      17   99129  6731255  67.90
1990-1999        7      0.00016  0.00016  0.50   99120      16   99112  6632126  66.91
1990-1999        8      0.00018  0.00018  0.50   99104      18   99095  6533014  65.92
1990-1999        9      0.00015  0.00015  0.50   99086      15   99079  6433919  64.93
1990-1999       10      0.00014  0.00014  0.50   99071      14   99064  6334840  63.94
1990-1999       11      0.00024  0.00024  0.50   99057      23   99046  6235776  62.95
1990-1999       12      0.00023  0.00023  0.50   99034      23   99023  6136730  61.97
1990-1999       13      0.00034  0.00034  0.50   99011      33   98995  6037707  60.98
1990-1999       14      0.00030  0.00030  0.50   98978      30   98963  5938712  60.00
1990-1999       15      0.00046  0.00046  0.50   98948      45   98925  5839750  59.02
1990-1999       16      0.00066  0.00066  0.50   98903      65   98870  5740824  58.05
1990-1999       17      0.00080  0.00080  0.50   98837      79   98798  5641954  57.08
1990-1999       18      0.00105  0.00105  0.50   98758     104   98706  5543157  56.13
1990-1999       19      0.00111  0.00110  0.50   98654     109   98600  5444451  55.19
1990-1999       20      0.00113  0.00113  0.50   98545     111   98490  5345851  54.25
1990-1999       21      0.00119  0.00119  0.50   98434     117   98376  5247361  53.31
1990-1999       22      0.00117  0.00117  0.50   98317     115   98259  5148986  52.37
1990-1999       23      0.00111  0.00110  0.50   98202     108   98147  5050726  51.43
1990-1999       24      0.00103  0.00103  0.50   98093     101   98043  4952579  50.49
1990-1999       25      0.00099  0.00099  0.50   97992      97   97944  4854536  49.54
1990-1999       26      0.00102  0.00102  0.50   97895     100   97845  4756593  48.59
1990-1999       27      0.00099  0.00099  0.50   97795      97   97747  4658747  47.64
1990-1999       28      0.00106  0.00106  0.50   97698     103   97647  4561001  46.68
1990-1999       29      0.00101  0.00101  0.50   97595      98   97546  4463354  45.73
1990-1999       30      0.00103  0.00103  0.50   97497     101   97447  4365808  44.78
1990-1999       31      0.00110  0.00110  0.50   97396     107   97343  4268361  43.82
1990-1999       32      0.00116  0.00116  0.50   97289     113   97233  4171018  42.87
1990-1999       33      0.00133  0.00133  0.50   97177     129   97112  4073785  41.92
1990-1999       34      0.00107  0.00107  0.50   97047     104   96995  3976674  40.98
1990-1999       35      0.00099  0.00099  0.50   96944      96   96895  3879678  40.02
1990-1999       36      0.00127  0.00126  0.50   96847     123   96786  3782783  39.06
1990-1999       37      0.00136  0.00136  0.50   96725     132   96659  3685996  38.11
1990-1999       38      0.00143  0.00143  0.50   96593     138   96524  3589337  37.16
1990-1999       39      0.00160  0.00160  0.50   96455     154   96377  3492814  36.21
1990-1999       40      0.00185  0.00184  0.50   96300     178   96211  3396436  35.27
1990-1999       41      0.00166  0.00166  0.50   96123     160   96043  3300225  34.33
1990-1999       42      0.00197  0.00197  0.50   95963     189   95869  3204182  33.39
1990-1999       43      0.00246  0.00246  0.50   95774     236   95657  3108313  32.45
1990-1999       44      0.00223  0.00223  0.50   95539     213   95432  3012656  31.53
1990-1999       45      0.00264  0.00264  0.50   95326     252   95200  2917224  30.60
1990-1999       46      0.00322  0.00322  0.50   95074     306   94921  2822024  29.68
1990-1999       47      0.00332  0.00331  0.50   94768     314   94612  2727103  28.78
1990-1999       48      0.00370  0.00369  0.50   94455     348   94281  2632491  27.87
1990-1999       49      0.00467  0.00466  0.50   94106     439   93887  2538211  26.97
1990-1999       50      0.00471  0.00470  0.50   93668     440   93448  2444324  26.10
1990-1999       51      0.00493  0.00492  0.50   93228     459   92998  2350876  25.22
1990-1999       52      0.00532  0.00530  0.50   92769     492   92523  2257877  24.34
1990-1999       53      0.00671  0.00669  0.50   92277     617   91969  2165354  23.47
1990-1999       54      0.00712  0.00710  0.50   91660     651   91335  2073386  22.62
1990-1999       55      0.00789  0.00785  0.50   91009     715   90652  1982051  21.78
1990-1999       56      0.00911  0.00907  0.50   90295     819   89885  1891399  20.95
1990-1999       57      0.01041  0.01036  0.50   89476     927   89012  1801514  20.13
1990-1999       58      0.01138  0.01132  0.50   88549    1002   88048  1712501  19.34
1990-1999       59      0.01245  0.01237  0.50   87547    1083   87005  1624454  18.56
1990-1999       60      0.01443  0.01433  0.50   86463    1239   85844  1537449  17.78
1990-1999       61      0.01644  0.01631  0.50   85224    1390   84530  1451605  17.03
1990-1999       62      0.01790  0.01774  0.50   83835    1487   83091  1367075  16.31
1990-1999       63      0.01988  0.01968  0.50   82347    1621   81537  1283984  15.59
1990-1999       64      0.02183  0.02159  0.50   80726    1743   79855  1202447  14.90
1990-1999       65      0.02484  0.02453  0.50   78983    1938   78015  1122592  14.21
1990-1999       66      0.02684  0.02649  0.50   77046    2041   76025  1044578  13.56
1990-1999       67      0.02954  0.02911  0.50   75005    2183   73913   968552  12.91
1990-1999       68      0.03265  0.03213  0.50   72822    2340   71652   894639  12.29
1990-1999       69      0.03701  0.03634  0.50   70482    2561   69201   822987  11.68
1990-1999       70      0.04050  0.03970  0.50   67921    2696   66572   753786  11.10
1990-1999       71      0.04515  0.04415  0.50   65224    2880   63784   687213  10.54
1990-1999       72      0.04863  0.04747  0.50   62345    2960   60865   623429  10.00
1990-1999       73      0.05137  0.05009  0.50   59385    2974   57898   562564   9.47
1990-1999       74      0.05992  0.05818  0.50   56411    3282   54770   504666   8.95
1990-1999       75      0.06345  0.06150  0.50   53129    3267   51495   449897   8.47
1990-1999       76      0.06967  0.06733  0.50   49861    3357   48183   398402   7.99
1990-1999       77      0.07602  0.07324  0.50   46504    3406   44801   350219   7.53
1990-1999       78      0.08389  0.08052  0.50   43098    3470   41363   305418   7.09
1990-1999       79      0.08903  0.08523  0.50   39628    3378   37939   264055   6.66
1990-1999       80      0.10332  0.09825  0.50   36250    3561   34470   226116   6.24
1990-1999       81      0.11412  0.10796  0.50   32689    3529   30924   191646   5.86
1990-1999       82      0.12437  0.11709  0.50   29160    3414   27453   160721   5.51
1990-1999       83      0.13575  0.12712  0.50   25746    3273   24109   133269   5.18
1990-1999       84      0.15364  0.14268  0.50   22473    3206   20870   109160   4.86
1990-1999       85      0.15519  0.14401  0.50   19266    2775   17879    88290   4.58
1990-1999       86      0.17709  0.16268  0.50   16492    2683   15150    70411   4.27
1990-1999       87      0.18768  0.17158  0.50   13809    2369   12624    55261   4.00
1990-1999       88      0.21061  0.19055  0.50   11440    2180   10350    42637   3.73
1990-1999       89      0.23483  0.21015  0.50    9260    1946    8287    32287   3.49
1990-1999       90      0.24357  0.21713  0.50    7314    1588    6520    24000   3.28
1990-1999       91      0.28924  0.25270  0.50    5726    1447    5002    17480   3.05
1990-1999       92      0.29611  0.25793  0.50    4279    1104    3727    12478   2.92
1990-1999       93      0.32642  0.28062  0.50    3175     891    2730     8751   2.76
1990-1999       94      0.32659  0.28074  0.50    2284     641    1964     6021   2.64
1990-1999       95      0.36098  0.30579  0.50    1643     502    1392     4058   2.47
1990-1999       96      0.38586  0.32346  0.50    1141     369     956     2666   2.34
1990-1999       97      0.41136  0.34118  0.50     772     263     640     1710   2.22
1990-1999       98      0.43733  0.35886  0.50     508     182     417     1070   2.10
1990-1999       99      0.46366  0.37640  0.50     326     123     265      653   2.00
1990-1999      100      0.49019  0.39370  0.50     203      80     163      388   1.91
1990-1999      101      0.51678  0.41067  0.50     123      51      98      225   1.82
1990-1999      102      0.54327  0.42722  0.50      73      31      57      127   1.75
1990-1999      103      0.56952  0.44329  0.50      42      18      32       70   1.68
1990-1999      104      0.59538  0.45880  0.50      23      11      18       37   1.61
1990-1999      105      0.62073  0.47371  0.50      13       6      10       19   1.55
1990-1999      106      0.64543  0.48796  0.50       7       3       5       10   1.50
1990-1999      107      0.66938  0.50152  0.50       3       2       3        5   1.45
1990-1999      108      0.69248  0.51438  0.50       2       1       1        2   1.41
1990-1999      109      0.71466  0.52652  0.50       1       0       1        1   1.38
1990-1999      110+     0.73585  1.00000  1.36       0       0       1        1   1.36
2000-2009        0      0.00583  0.00580  0.14  100000     580   99500  7594208  75.94
2000-2009        1      0.00040  0.00040  0.50   99420      40   99400  7494709  75.38
2000-2009        2      0.00028  0.00028  0.50   99380      28   99366  7395309  74.41
2000-2009        3      0.00025  0.00025  0.50   99352      25   99339  7295943  73.44
2000-2009        4      0.00013  0.00013  0.50   99327      13   99320  7196604  72.45
2000-2009        5      0.00015  0.00015  0.50   99314      15   99307  7097284  71.46
2000-2009        6      0.00015  0.00015  0.50   99299      15   99292  6997977  70.47
2000-2009        7      0.00014  0.00014  0.50   99284      14   99277  6898685  69.48
2000-2009        8      0.00012  0.00012  0.50   99270      12   99264  6799408  68.49
2000-2009        9      0.00022  0.00022  0.50   99258      22   99247  6700144  67.50
2000-2009       10      0.00012  0.00012  0.50   99236      12   99230  6600897  66.52
2000-2009       11      0.00017  0.00017  0.50   99224      17   99216  6501667  65.53
2000-2009       12      0.00022  0.00022  0.50   99207      21   99196  6402452  64.54
2000-2009       13      0.00017  0.00017  0.50   99186      17   99177  6303255  63.55
2000-2009       14      0.00026  0.00026  0.50   99168      26   99155  6204078  62.56
2000-2009       15      0.00048  0.00048  0.50   99142      47   99119  6104923  61.58
2000-2009       16      0.00052  0.00052  0.50   99095      51   99069  6005804  60.61
2000-2009       17      0.00074  0.00074  0.50   99044      73   99007  5906735  59.64
2000-2009       18      0.00105  0.00105  0.50   98970     103   98919  5807728  58.68
2000-2009       19      0.00101  0.00101  0.50   98867     100   98817  5708809  57.74
2000-2009       20      0.00110  0.00110  0.50   98767     109   98712  5609992  56.80
2000-2009       21      0.00098  0.00098  0.50   98658      97   98609  5511280  55.86
2000-2009       22      0.00108  0.00108  0.50   98561     107   98508  5412670  54.92
2000-2009       23      0.00102  0.00102  0.50   98454     100   98404  5314163  53.98
2000-2009       24      0.00106  0.00106  0.50   98354     104   98302  5215758  53.03
2000-2009       25      0.00099  0.00099  0.50   98250      97   98202  5117456  52.09
2000-2009       26      0.00097  0.00096  0.50   98153      95   98106  5019255  51.14
2000-2009       27      0.00115  0.00115  0.50   98058     112   98002  4921149  50.19
2000-2009       28      0.00101  0.00101  0.50   97946      99   97897  4823147  49.24
2000-2009       29      0.00090  0.00090  0.50   97847      88   97803  4725251  48.29
2000-2009       30      0.00098  0.00097  0.50   97759      95   97712  4627447  47.34
2000-2009       31      0.00101  0.00101  0.50   97664      98   97615  4529736  46.38
2000-2009       32      0.00097  0.00097  0.50   97566      95   97518  4432121  45.43
2000-2009       33      0.00098  0.00098  0.50   97471      96   97423  4334602  44.47
2000-2009       34      0.00118  0.00118  0.50   97375     114   97318  4237179  43.51
2000-2009       35      0.00112  0.00112  0.50   97261     109   97206  4139861  42.56
2000-2009       36      0.00149  0.00148  0.50   97151     144   97079  4042655  41.61
2000-2009       37      0.00136  0.00135  0.50   97007     131   96942  3945576  40.67
2000-2009       38      0.00141  0.00141  0.50   96876     136   96808  3848634  39.73
2000-2009       39      0.00169  0.00169  0.50   96740     164   96658  3751827  38.78
2000-2009       40      0.00167  0.00167  0.50   96576     161   96495  3655169  37.85
2000-2009       41      0.00186  0.00186  0.50   96415     180   96325  3558674  36.91
2000-2009       42      0.00198  0.00198  0.50   96235     191   96140  3462349  35.98
2000-2009       43      0.00207  0.00207  0.50   96044     199   95945  3366209  35.05
2000-2009       44      0.00238  0.00238  0.50   95846     228   95732  3270264  34.12
2000-2009       45      0.00275  0.00275  0.50   95618     263   95486  3174533  33.20
2000-2009       46      0.00298  0.00298  0.50   95355     284   95213  3079046  32.29
2000-2009       47      0.00305  0.00305  0.50   95071     290   94926  2983834  31.39
2000-2009       48      0.00360  0.00360  0.50   94781     341   94611  2888907  30.48
2000-2009       49      0.00360  0.00360  0.50   94440     340   94270  2794297  29.59
2000-2009       50      0.00384  0.00383  0.50   94101     361   93920  2700026  28.69
2000-2009       51      0.00425  0.00424  0.50   93740     397   93541  2606106  27.80
2000-2009       52      0.00490  0.00489  0.50   93343     456   93115  2512565  26.92
2000-2009       53      0.00523  0.00522  0.50   92887     485   92644  2419450  26.05
2000-2009       54      0.00587  0.00585  0.50   92402     541   92131  2326806  25.18
2000-2009       55      0.00617  0.00615  0.50   91861     565   91578  2234675  24.33
2000-2009       56      0.00676  0.00674  0.50   91296     615   90988  2143096  23.47
2000-2009       57      0.00741  0.00739  0.50   90681     670   90346  2052108  22.63
2000-2009       58      0.00828  0.00825  0.50   90011     743   89640  1961762  21.79
2000-2009       59      0.00944  0.00940  0.50   89268     839   88849  1872123  20.97
2000-2009       60      0.01099  0.01093  0.50   88429     967   87946  1783274  20.17
2000-2009       61      0.01092  0.01086  0.50   87463     950   86988  1695327  19.38
2000-2009       62      0.01258  0.01250  0.50   86513    1082   85972  1608339  18.59
2000-2009       63      0.01387  0.01377  0.50   85431    1177   84843  1522367  17.82
2000-2009       64      0.01606  0.01593  0.50   84255    1342   83584  1437524  17.06
2000-2009       65      0.01618  0.01605  0.50   82913    1331   82247  1353940  16.33
2000-2009       66      0.01924  0.01906  0.50   81582    1555   80804  1271693  15.59
2000-2009       67      0.01943  0.01924  0.50   80027    1540   79257  1190889  14.88
2000-2009       68      0.02134  0.02111  0.50   78487    1657   77658  1111633  14.16
2000-2009       69      0.02461  0.02431  0.50   76830    1868   75896  1033974  13.46
2000-2009       70      0.02677  0.02641  0.50   74962    1980   73972   958078  12.78
2000-2009       71      0.03057  0.03011  0.50   72982    2197   71883   884106  12.11
2000-2009       72      0.03384  0.03327  0.50   70785    2355   69607   812223  11.47
2000-2009       73      0.03710  0.03643  0.50   68429    2493   67183   742616  10.85
2000-2009       74      0.04245  0.04157  0.50   65937    2741   64566   675433  10.24
2000-2009       75      0.04886  0.04770  0.50   63196    3014   61689   610866   9.67
2000-2009       76      0.04923  0.04805  0.50   60182    2891   58736   549177   9.13
2000-2009       77      0.05850  0.05683  0.50   57290    3256   55662   490441   8.56
2000-2009       78      0.06702  0.06484  0.50   54034    3504   52282   434779   8.05
2000-2009       79      0.07077  0.06835  0.50   50530    3454   48804   382497   7.57
2000-2009       80      0.08269  0.07940  0.50   47077    3738   45208   333693   7.09
2000-2009       81      0.08935  0.08553  0.50   43339    3707   41485   288486   6.66
2000-2009       82      0.10035  0.09556  0.50   39632    3787   37738   247001   6.23
2000-2009       83      0.10827  0.10271  0.50   35845    3682   34004   209262   5.84
2000-2009       84      0.11896  0.11228  0.50   32163    3611   30357   175258   5.45
2000-2009       85      0.13608  0.12741  0.50   28552    3638   26733   144901   5.08
2000-2009       86      0.14261  0.13311  0.50   24914    3316   23256   118168   4.74
2000-2009       87      0.16351  0.15115  0.50   21598    3264   19965    94912   4.39
2000-2009       88      0.18771  0.17160  0.50   18333    3146   16760    74947   4.09
2000-2009       89      0.20638  0.18708  0.50   15187    2841   13767    58187   3.83
2000-2009       90      0.21654  0.19539  0.50   12346    2412   11140    44421   3.60
2000-2009       91      0.23843  0.21303  0.50    9934    2116    8876    33281   3.35
2000-2009       92      0.27370  0.24075  0.50    7818    1882    6876    24405   3.12
2000-2009       93      0.28342  0.24825  0.50    5935    1473    5199    17529   2.95
2000-2009       94      0.30020  0.26102  0.50    4462    1165    3880    12330   2.76
2000-2009       95      0.34038  0.29088  0.50    3297     959    2818     8450   2.56
2000-2009       96      0.36758  0.31051  0.50    2338     726    1975     5633   2.41
2000-2009       97      0.39564  0.33030  0.50    1612     532    1346     3657   2.27
2000-2009       98      0.42440  0.35011  0.50    1080     378     891     2312   2.14
2000-2009       99      0.45369  0.36980  0.50     702     259     572     1421   2.02
2000-2009      100      0.48330  0.38924  0.50     442     172     356      849   1.92
2000-2009      101      0.51303  0.40829  0.50     270     110     215      493   1.82
2000-2009      102      0.54266  0.42685  0.50     160      68     126      278   1.74
2000-2009      103      0.57200  0.44479  0.50      92      41      71      152   1.66
2000-2009      104      0.60084  0.46204  0.50      51      23      39       81   1.59
2000-2009      105      0.62900  0.47851  0.50      27      13      21       42   1.53
2000-2009      106      0.65631  0.49415  0.50      14       7      11       21   1.47
2000-2009      107      0.68262  0.50892  0.50       7       4       5       10   1.42
2000-2009      108      0.70781  0.52279  0.50       4       2       3        5   1.38
2000-2009      109      0.73179  0.53576  0.50       2       1       1        2   1.35
2000-2009      110+     0.75448  1.00000  1.33       1       1       1        1   1.33
2010-2018        0      0.00485  0.00483  0.14  100000     483   99585  7823368  78.23
2010-2018        1      0.00024  0.00024  0.50   99517      23   99506  7723784  77.61
2010-2018        2      0.00024  0.00024  0.50   99494      24   99482  7624278  76.63
2010-2018        3      0.00012  0.00012  0.50   99470      12   99464  7524796  75.65
2010-2018        4      0.00012  0.00012  0.50   99458      12   99452  7425332  74.66
2010-2018        5      0.00008  0.00008  0.50   99446       8   99442  7325880  73.67
2010-2018        6      0.00014  0.00014  0.50   99438      14   99431  7226439  72.67
2010-2018        7      0.00007  0.00007  0.50   99424       7   99420  7127008  71.68
2010-2018        8      0.00012  0.00012  0.50   99417      12   99411  7027587  70.69
2010-2018        9      0.00005  0.00005  0.50   99405       5   99403  6928176  69.70
2010-2018       10      0.00013  0.00013  0.50   99400      13   99394  6828773  68.70
2010-2018       11      0.00011  0.00011  0.50   99387      11   99382  6729379  67.71
2010-2018       12      0.00012  0.00012  0.50   99376      12   99370  6629997  66.72
2010-2018       13      0.00010  0.00010  0.50   99364      10   99359  6530627  65.72
2010-2018       14      0.00018  0.00018  0.50   99354      17   99345  6431268  64.73
2010-2018       15      0.00032  0.00032  0.50   99336      32   99321  6331923  63.74
2010-2018       16      0.00034  0.00034  0.50   99305      34   99288  6232602  62.76
2010-2018       17      0.00042  0.00042  0.50   99271      42   99250  6133315  61.78
2010-2018       18      0.00065  0.00065  0.50   99229      64   99197  6034065  60.81
2010-2018       19      0.00086  0.00085  0.50   99165      85   99122  5934868  59.85
2010-2018       20      0.00079  0.00079  0.50   99080      78   99041  5835746  58.90
2010-2018       21      0.00086  0.00086  0.50   99002      85   98959  5736705  57.95
2010-2018       22      0.00080  0.00080  0.50   98917      79   98877  5637745  56.99
2010-2018       23      0.00092  0.00092  0.50   98838      91   98792  5538868  56.04
2010-2018       24      0.00086  0.00086  0.50   98747      85   98704  5440076  55.09
2010-2018       25      0.00106  0.00106  0.50   98661     105   98609  5341372  54.14
2010-2018       26      0.00094  0.00094  0.50   98557      93   98510  5242763  53.20
2010-2018       27      0.00087  0.00087  0.50   98464      86   98421  5144252  52.25
2010-2018       28      0.00097  0.00097  0.50   98378      95   98331  5045831  51.29
2010-2018       29      0.00106  0.00106  0.50   98283     104   98231  4947501  50.34
2010-2018       30      0.00113  0.00113  0.50   98179     111   98123  4849270  49.39
2010-2018       31      0.00099  0.00099  0.50   98068      97   98019  4751147  48.45
2010-2018       32      0.00117  0.00117  0.50   97970     115   97913  4653128  47.50
2010-2018       33      0.00114  0.00114  0.50   97855     112   97800  4555215  46.55
2010-2018       34      0.00118  0.00118  0.50   97744     116   97686  4457415  45.60
2010-2018       35      0.00116  0.00115  0.50   97628     113   97572  4359729  44.66
2010-2018       36      0.00136  0.00136  0.50   97515     132   97449  4262158  43.71
2010-2018       37      0.00134  0.00134  0.50   97383     130   97318  4164708  42.77
2010-2018       38      0.00122  0.00122  0.50   97253     119   97194  4067390  41.82
2010-2018       39      0.00179  0.00179  0.50   97134     174   97048  3970197  40.87
2010-2018       40      0.00143  0.00143  0.50   96961     138   96892  3873149  39.95
2010-2018       41      0.00167  0.00166  0.50   96822     161   96742  3776258  39.00
2010-2018       42      0.00196  0.00195  0.50   96661     189   96567  3679516  38.07
2010-2018       43      0.00211  0.00210  0.50   96472     203   96371  3582949  37.14
2010-2018       44      0.00222  0.00221  0.50   96269     213   96163  3486578  36.22
2010-2018       45      0.00224  0.00224  0.50   96056     215   95949  3390415  35.30
2010-2018       46      0.00270  0.00269  0.50   95841     258   95712  3294466  34.37
2010-2018       47      0.00270  0.00270  0.50   95583     258   95455  3198754  33.47
2010-2018       48      0.00289  0.00289  0.50   95326     275   95188  3103299  32.55
2010-2018       49      0.00323  0.00323  0.50   95050     307   94897  3008111  31.65
2010-2018       50      0.00366  0.00365  0.50   94744     346   94571  2913214  30.75
2010-2018       51      0.00374  0.00373  0.50   94398     352   94222  2818643  29.86
2010-2018       52      0.00440  0.00439  0.50   94046     413   93840  2724421  28.97
2010-2018       53      0.00401  0.00400  0.50   93633     375   93446  2630582  28.09
2010-2018       54      0.00493  0.00492  0.50   93259     459   93029  2537136  27.21
2010-2018       55      0.00531  0.00530  0.50   92800     492   92554  2444107  26.34
2010-2018       56      0.00554  0.00552  0.50   92308     510   92053  2351552  25.48
2010-2018       57      0.00626  0.00624  0.50   91798     573   91512  2259499  24.61
2010-2018       58      0.00703  0.00700  0.50   91225     639   90906  2167987  23.77
2010-2018       59      0.00780  0.00777  0.50   90587     704   90235  2077081  22.93
2010-2018       60      0.00816  0.00812  0.50   89883     730   89518  1986847  22.10
2010-2018       61      0.00925  0.00920  0.50   89153     820   88742  1897329  21.28
2010-2018       62      0.00951  0.00946  0.50   88332     836   87914  1808587  20.47
2010-2018       63      0.01057  0.01051  0.50   87496     920   87036  1720672  19.67
2010-2018       64      0.01199  0.01191  0.50   86577    1031   86061  1633636  18.87
2010-2018       65      0.01249  0.01241  0.50   85545    1062   85014  1547575  18.09
2010-2018       66      0.01451  0.01441  0.50   84483    1217   83874  1462561  17.31
2010-2018       67      0.01516  0.01505  0.50   83266    1253   82639  1378687  16.56
2010-2018       68      0.01717  0.01702  0.50   82013    1396   81315  1296047  15.80
2010-2018       69      0.01963  0.01944  0.50   80617    1567   79833  1214732  15.07
2010-2018       70      0.02117  0.02095  0.50   79050    1656   78222  1134899  14.36
2010-2018       71      0.02291  0.02265  0.50   77394    1753   76517  1056677  13.65
2010-2018       72      0.02610  0.02576  0.50   75641    1949   74666   980160  12.96
2010-2018       73      0.02793  0.02754  0.50   73692    2030   72677   905494  12.29
2010-2018       74      0.03266  0.03214  0.50   71662    2303   70511   832817  11.62
2010-2018       75      0.03637  0.03572  0.50   69359    2478   68120   762306  10.99
2010-2018       76      0.03794  0.03723  0.50   66881    2490   65636   694186  10.38
2010-2018       77      0.04435  0.04339  0.50   64391    2794   62994   628550   9.76
2010-2018       78      0.04850  0.04735  0.50   61597    2917   60139   565555   9.18
2010-2018       79      0.05381  0.05240  0.50   58681    3075   57143   505416   8.61
2010-2018       80      0.06189  0.06004  0.50   55606    3338   53937   448273   8.06
2010-2018       81      0.06783  0.06561  0.50   52267    3429   50553   394337   7.54
2010-2018       82      0.07769  0.07479  0.50   48838    3652   47012   343784   7.04
2010-2018       83      0.08650  0.08291  0.50   45186    3746   43313   296772   6.57
2010-2018       84      0.09438  0.09012  0.50   41439    3735   39572   253459   6.12
2010-2018       85      0.10758  0.10209  0.50   37705    3849   35780   213887   5.67
2010-2018       86      0.12185  0.11485  0.50   33855    3888   31911   178107   5.26
2010-2018       87      0.13829  0.12935  0.50   29967    3876   28029   146196   4.88
2010-2018       88      0.15162  0.14093  0.50   26091    3677   24252   118167   4.53
2010-2018       89      0.16948  0.15624  0.50   22414    3502   20663    93914   4.19
2010-2018       90      0.18989  0.17342  0.50   18912    3280   17272    73251   3.87
2010-2018       91      0.22418  0.20158  0.50   15632    3151   14057    55979   3.58
2010-2018       92      0.24042  0.21462  0.50   12481    2679   11142    41923   3.36
2010-2018       93      0.26235  0.23193  0.50    9802    2273    8666    30781   3.14
2010-2018       94      0.26937  0.23739  0.50    7529    1787    6635    22116   2.94
2010-2018       95      0.31464  0.27187  0.50    5742    1561    4961    15480   2.70
2010-2018       96      0.34371  0.29331  0.50    4181    1226    3568    10519   2.52
2010-2018       97      0.37400  0.31508  0.50    2954     931    2489     6952   2.35
2010-2018       98      0.40531  0.33702  0.50    2024     682    1683     4463   2.21
2010-2018       99      0.43741  0.35892  0.50    1342     482    1101     2780   2.07
2010-2018      100      0.47005  0.38060  0.50     860     327     696     1679   1.95
2010-2018      101      0.50294  0.40188  0.50     533     214     426      983   1.85
2010-2018      102      0.53580  0.42259  0.50     319     135     251      557   1.75
2010-2018      103      0.56836  0.44259  0.50     184      81     143      306   1.66
2010-2018      104      0.60034  0.46174  0.50     103      47      79      163   1.59
2010-2018      105      0.63148  0.47994  0.50      55      26      42       84   1.52
2010-2018      106      0.66157  0.49713  0.50      29      14      22       42   1.46
2010-2018      107      0.69040  0.51323  0.50      14       7      11       20   1.41
2010-2018      108      0.71783  0.52824  0.50       7       4       5       10   1.36
2010-2018      109      0.74372  0.54213  0.50       3       2       2        4   1.33
2010-2018      110+     0.76801  1.00000  1.30       2       2       2        2   1.30
