Iceland, Life tables (cohort 5x10), Total	Last modified: 02 Apr 2020;  Methods Protocol: v6 (2017)

  Year          Age         mx       qx    ax      lx      dx      Lx       Tx     ex
1838-1839        0      0.43104  0.33182  0.31  100000   33182   76982  3205040  32.05
1838-1839      1-4      0.03228  0.11738  0.90   66818    7843  242941  3128057  46.81
1838-1839      5-9      0.00409  0.02030  3.04   58975    1197  292528  2885116  48.92
1838-1839     10-14     0.00553  0.02723  2.31   57778    1573  284664  2592588  44.87
1838-1839     15-19     0.00578  0.02857  2.99   56205    1606  277791  2307924  41.06
1838-1839     20-24     0.01334  0.06454  2.51   54599    3524  264229  2030133  37.18
1838-1839     25-29     0.01592  0.07639  2.36   51075    3902  245090  1765904  34.57
1838-1839     30-34     0.01421  0.06876  2.67   47173    3244  228313  1520814  32.24
1838-1839     35-39     0.01468  0.07083  2.54   43929    3111  211981  1292502  29.42
1838-1839     40-44     0.01843  0.08804  2.48   40818    3594  195035  1080520  26.47
1838-1839     45-49     0.01746  0.08402  2.78   37224    3128  179174   885485  23.79
1838-1839     50-54     0.02223  0.10544  2.57   34097    3595  161741   706311  20.71
1838-1839     55-59     0.02552  0.11994  2.50   30501    3658  143363   544570  17.85
1838-1839     60-64     0.03480  0.15975  2.44   26843    4288  123241   401207  14.95
1838-1839     65-69     0.04629  0.20834  2.60   22555    4699  101512   277966  12.32
1838-1839     70-74     0.06175  0.26865  2.58   17856    4797   77683   176454   9.88
1838-1839     75-79     0.10137  0.40331  2.47   13059    5267   51953    98771   7.56
1838-1839     80-84     0.13804  0.50964  2.43    7792    3971   28769    46818   6.01
1838-1839     85-89     0.19462  0.64502  2.39    3821    2465   12663    18049   4.72
1838-1839     90-94     0.21956  0.65983  1.98    1356     895    4076     5385   3.97
1838-1839     95-99     0.29933  0.82221  2.26     461     379    1267     1309   2.84
1838-1839    100-104    1.96154  1.00000  0.51      82      82      42       42   0.51
1838-1839    105-109         .       .    .       0       0       0        0      .
1838-1839    110+             .        .     .       0       0       0        0      .
1840-1849        0      0.39665  0.31102  0.31  100000   31102   78411  3428160  34.28
1840-1849      1-4      0.03051  0.11323  1.45   68898    7802  255680  3349749  48.62
1840-1849      5-9      0.00809  0.03959  2.25   61096    2419  298826  3094069  50.64
1840-1849     10-14     0.00567  0.02796  2.45   58678    1641  289201  2795243  47.64
1840-1849     15-19     0.00777  0.03816  2.71   57037    2177  280210  2506041  43.94
1840-1849     20-24     0.01117  0.05437  2.58   54861    2983  267084  2225832  40.57
1840-1849     25-29     0.01074  0.05224  2.39   51878    2710  252313  1958748  37.76
1840-1849     30-34     0.01167  0.05678  2.66   49168    2792  239305  1706435  34.71
1840-1849     35-39     0.01388  0.06710  2.51   46376    3112  224143  1467130  31.64
1840-1849     40-44     0.01363  0.06581  2.42   43264    2847  208964  1242987  28.73
1840-1849     45-49     0.01483  0.07156  2.57   40417    2892  195050  1034024  25.58
1840-1849     50-54     0.01881  0.08984  2.50   37524    3371  179186   838973  22.36
1840-1849     55-59     0.02093  0.09958  2.57   34153    3401  162501   659788  19.32
1840-1849     60-64     0.02672  0.12548  2.58   30752    3859  144439   497286  16.17
1840-1849     65-69     0.03793  0.17374  2.59   26894    4672  123185   352848  13.12
1840-1849     70-74     0.05992  0.26216  2.62   22221    5826   97223   229662  10.34
1840-1849     75-79     0.08857  0.36212  2.48   16396    5937   67031   132439   8.08
1840-1849     80-84     0.12474  0.47128  2.41   10459    4929   39514    65409   6.25
1840-1849     85-89     0.18401  0.61149  2.26    5530    3381   18376    25894   4.68
1840-1849     90-94     0.25738  0.74579  2.18    2148    1602    6225     7518   3.50
1840-1849     95-99     0.38118  0.85900  1.80     546     469    1231     1293   2.37
1840-1849    100-104    1.22926  1.00000  0.81      77      77      63       63   0.81
1840-1849    105-109         .       .    .       0       0       0        0      .
1840-1849    110+             .        .     .       0       0       0        0      .
1850-1859        0      0.29602  0.24557  0.31  100000   24557   82958  3664115  36.64
1850-1859      1-4      0.03672  0.13505  1.61   75443   10188  277442  3581157  47.47
1850-1859      5-9      0.01489  0.07134  2.05   65254    4655  312555  3303715  50.63
1850-1859     10-14     0.00688  0.03381  2.46   60599    2049  297786  2991160  49.36
1850-1859     15-19     0.00706  0.03470  2.53   58550    2032  287740  2693374  46.00
1850-1859     20-24     0.00999  0.04883  2.66   56519    2760  276139  2405634  42.56
1850-1859     25-29     0.01298  0.06290  2.53   53759    3381  260441  2129495  39.61
1850-1859     30-34     0.01088  0.05282  2.25   50377    2661  244579  1869055  37.10
1850-1859     35-39     0.01040  0.05072  2.53   47717    2420  232604  1624476  34.04
1850-1859     40-44     0.01161  0.05641  2.49   45297    2555  220070  1391872  30.73
1850-1859     45-49     0.01198  0.05820  2.54   42741    2488  207592  1171802  27.42
1850-1859     50-54     0.01373  0.06641  2.56   40254    2673  194748   964211  23.95
1850-1859     55-59     0.01716  0.08237  2.56   37581    3096  180350   769463  20.48
1850-1859     60-64     0.02375  0.11241  2.63   34485    3876  163237   589113  17.08
1850-1859     65-69     0.03595  0.16531  2.57   30609    5060  140736   425876  13.91
1850-1859     70-74     0.04991  0.22204  2.52   25549    5673  113658   285140  11.16
1850-1859     75-79     0.07217  0.30681  2.56   19876    6098   84500   171482   8.63
1850-1859     80-84     0.12464  0.47343  2.46   13778    6523   52332    86981   6.31
1850-1859     85-89     0.17949  0.60139  2.26    7255    4363   24308    34649   4.78
1850-1859     90-94     0.25635  0.73848  2.13    2892    2136    8331    10341   3.58
1850-1859     95-99     0.32877  0.80545  1.83     756     609    1853     2010   2.66
1850-1859    100-104    0.93540  1.00000  1.07     147     147     157      157   1.07
1850-1859    105-109         .       .    .       0       0       0        0      .
1850-1859    110+             .        .     .       0       0       0        0      .
1860-1869        0      0.33332  0.27069  0.31  100000   27069   81210  3837850  38.38
1860-1869      1-4      0.03528  0.12953  1.46   72931    9447  267729  3756640  51.51
1860-1869      5-9      0.00926  0.04507  2.02   63485    2861  308889  3488911  54.96
1860-1869     10-14     0.00485  0.02396  2.45   60623    1453  299418  3180023  52.46
1860-1869     15-19     0.00660  0.03251  2.69   59171    1924  291407  2880605  48.68
1860-1869     20-24     0.00903  0.04416  2.47   57247    2528  279847  2589197  45.23
1860-1869     25-29     0.00867  0.04239  2.41   54719    2320  267591  2309350  42.20
1860-1869     30-34     0.00849  0.04158  2.51   52400    2179  256576  2041759  38.97
1860-1869     35-39     0.00923  0.04512  2.51   50221    2266  245473  1785183  35.55
1860-1869     40-44     0.00929  0.04543  2.53   47955    2179  234405  1539710  32.11
1860-1869     45-49     0.00997  0.04861  2.50   45777    2225  223311  1305306  28.51
1860-1869     50-54     0.01271  0.06164  2.58   43551    2684  211252  1081995  24.84
1860-1869     55-59     0.01590  0.07654  2.55   40867    3128  196686   870743  21.31
1860-1869     60-64     0.02110  0.10034  2.57   37739    3787  179476   674057  17.86
1860-1869     65-69     0.02970  0.13883  2.65   33952    4714  158706   494582  14.57
1860-1869     70-74     0.04893  0.21870  2.58   29239    6394  130691   335876  11.49
1860-1869     75-79     0.06957  0.29716  2.55   22844    6788   97578   205185   8.98
1860-1869     80-84     0.11170  0.43486  2.45   16056    6982   62509   107607   6.70
1860-1869     85-89     0.16646  0.57548  2.32    9074    5222   31370    45099   4.97
1860-1869     90-94     0.25336  0.73928  2.18    3852    2848   11240    13729   3.56
1860-1869     95-99     0.36552  0.85394  1.88    1004     858    2346     2489   2.48
1860-1869    100-104    1.02881  1.00000  0.97     147     147     143      143   0.97
1860-1869    105-109         .       .    .       0       0       0        0      .
1860-1869    110+             .        .     .       0       0       0        0      .
1870-1879        0      0.23121  0.19924  0.31  100000   19924   86174  4257514  42.58
1870-1879      1-4      0.04141  0.14996  1.48   80076   12008  289988  4171341  52.09
1870-1879      5-9      0.00922  0.04478  1.79   68067    3048  330564  3881352  57.02
1870-1879     10-14     0.00410  0.02029  2.45   65019    1319  321729  3550788  54.61
1870-1879     15-19     0.00479  0.02369  2.71   63700    1509  315039  3229059  50.69
1870-1879     20-24     0.00762  0.03739  2.59   62191    2326  305353  2914021  46.86
1870-1879     25-29     0.00878  0.04295  2.51   59866    2571  292927  2608668  43.58
1870-1879     30-34     0.00740  0.03632  2.45   57295    2081  281170  2315741  40.42
1870-1879     35-39     0.00785  0.03851  2.57   55214    2127  270894  2034571  36.85
1870-1879     40-44     0.00925  0.04519  2.49   53087    2399  259414  1763678  33.22
1870-1879     45-49     0.00983  0.04797  2.50   50689    2431  247363  1504264  29.68
1870-1879     50-54     0.01095  0.05333  2.54   48257    2574  234957  1256901  26.05
1870-1879     55-59     0.01285  0.06229  2.58   45684    2846  221526  1021944  22.37
1870-1879     60-64     0.01852  0.08872  2.63   42838    3800  205198   800418  18.68
1870-1879     65-69     0.02786  0.13050  2.58   39038    5094  182859   595220  15.25
1870-1879     70-74     0.03894  0.17798  2.59   33943    6041  155129   412361  12.15
1870-1879     75-79     0.06176  0.26890  2.60   27902    7503  121489   257232   9.22
1870-1879     80-84     0.11149  0.43570  2.49   20399    8888   79721   135743   6.65
1870-1879     85-89     0.17282  0.59187  2.34   11511    6813   39424    56022   4.87
1870-1879     90-94     0.26333  0.74392  2.08    4698    3495   13272    16598   3.53
1870-1879     95-99     0.33485  0.82719  1.94    1203     995    2972     3326   2.76
1870-1879    100-104    0.59004  0.89952  1.14     208     187     317      354   1.70
1870-1879    105-109    0.56252  1.00000  1.78      21      21      37       37   1.78
1870-1879    110+             .        .     .       0       0       0        0      .
1880-1889        0      0.23210  0.19989  0.31  100000   19989   86125  4567000  45.67
1880-1889      1-4      0.02946  0.10884  1.19   80011    8708  295557  4480875  56.00
1880-1889      5-9      0.00444  0.02192  2.07   71303    1563  351929  4185317  58.70
1880-1889     10-14     0.00364  0.01806  2.65   69740    1260  345744  3833388  54.97
1880-1889     15-19     0.00646  0.03182  2.71   68480    2179  337410  3487644  50.93
1880-1889     20-24     0.00811  0.03974  2.52   66301    2635  324981  3150234  47.51
1880-1889     25-29     0.00855  0.04184  2.49   63666    2664  311650  2825253  44.38
1880-1889     30-34     0.00891  0.04354  2.44   61003    2656  298225  2513603  41.20
1880-1889     35-39     0.00850  0.04160  2.42   58346    2427  285462  2215378  37.97
1880-1889     40-44     0.00754  0.03700  2.43   55919    2069  274276  1929916  34.51
1880-1889     45-49     0.00795  0.03901  2.56   53850    2101  264124  1655640  30.75
1880-1889     50-54     0.00975  0.04760  2.54   51749    2463  252697  1391516  26.89
1880-1889     55-59     0.01153  0.05611  2.61   49286    2766  239810  1138819  23.11
1880-1889     60-64     0.01664  0.08000  2.59   46521    3722  223643   899009  19.32
1880-1889     65-69     0.02318  0.10987  2.63   42799    4703  202843   675366  15.78
1880-1889     70-74     0.03748  0.17207  2.63   38096    6555  174917   472523  12.40
1880-1889     75-79     0.06170  0.26876  2.60   31541    8477  137399   297606   9.44
1880-1889     80-84     0.10578  0.41769  2.48   23064    9634   91070   160207   6.95
1880-1889     85-89     0.16911  0.58057  2.30   13430    7797   46109    69137   5.15
1880-1889     90-94     0.21722  0.67259  2.17    5633    3789   17442    23028   4.09
1880-1889     95-99     0.29871  0.77399  1.89    1844    1428    4779     5586   3.03
1880-1889    100-104    0.50446  0.96202  1.78     417     401     795      807   1.94
1880-1889    105-109    1.31403  1.00000  0.76      16      16      12       12   0.76
1880-1889    110+             .        .     .       0       0       0        0      .
1890-1899        0      0.13966  0.12731  0.31  100000   12731   91163  5525981  55.26
1890-1899      1-4      0.01286  0.04973  1.34   87269    4340  337508  5434819  62.28
1890-1899      5-9      0.00417  0.02061  2.26   82928    1709  409958  5097311  61.47
1890-1899     10-14     0.00363  0.01798  2.61   81219    1460  402606  4687353  57.71
1890-1899     15-19     0.00566  0.02794  2.60   79759    2229  393456  4284747  53.72
1890-1899     20-24     0.00801  0.03929  2.57   77530    3046  380261  3891291  50.19
1890-1899     25-29     0.00814  0.03982  2.35   74484    2966  364559  3511030  47.14
1890-1899     30-34     0.00695  0.03414  2.48   71518    2442  351434  3146471  44.00
1890-1899     35-39     0.00619  0.03049  2.43   69076    2106  339960  2795036  40.46
1890-1899     40-44     0.00580  0.02859  2.50   66970    1915  330072  2455076  36.66
1890-1899     45-49     0.00627  0.03089  2.55   65055    2010  320355  2125005  32.66
1890-1899     50-54     0.00713  0.03502  2.52   63046    2208  309762  1804649  28.62
1890-1899     55-59     0.00897  0.04388  2.59   60838    2669  297746  1494887  24.57
1890-1899     60-64     0.01311  0.06356  2.61   58168    3697  281994  1197141  20.58
1890-1899     65-69     0.02106  0.10040  2.68   54471    5469  259662   915147  16.80
1890-1899     70-74     0.03456  0.15961  2.61   49002    7821  226301   655486  13.38
1890-1899     75-79     0.05363  0.23688  2.54   41181    9755  181905   429185  10.42
1890-1899     80-84     0.08499  0.35075  2.51   31426   11023  129686   247280   7.87
1890-1899     85-89     0.13500  0.50039  2.42   20404   10210   75630   117594   5.76
1890-1899     90-94     0.21243  0.67355  2.28   10194    6866   32322    41964   4.12
1890-1899     95-99     0.32317  0.81664  1.97    3328    2718    8409     9643   2.90
1890-1899    100-104    0.49832  0.93846  1.68     610     573    1149     1233   2.02
1890-1899    105-109    0.44588  1.00000  2.24      38      38      84       84   2.24
1890-1899    110+             .        .     .       0       0       0        0      .
1900-1909        0      0.12103  0.11165  0.31  100000   11165   92249  5771313  57.71
1900-1909      1-4      0.01457  0.05609  1.30   88835    4982  341884  5679064  63.93
1900-1909      5-9      0.00357  0.01769  2.22   83853    1483  415141  5337181  63.65
1900-1909     10-14     0.00283  0.01407  2.70   82370    1159  409188  4922040  59.76
1900-1909     15-19     0.00559  0.02758  2.72   81211    2240  400958  4512852  55.57
1900-1909     20-24     0.00773  0.03792  2.48   78971    2995  387315  4111894  52.07
1900-1909     25-29     0.00609  0.02997  2.40   75976    2277  373969  3724579  49.02
1900-1909     30-34     0.00525  0.02589  2.45   73699    1908  363637  3350610  45.46
1900-1909     35-39     0.00441  0.02182  2.39   71792    1566  354876  2986973  41.61
1900-1909     40-44     0.00401  0.01983  2.50   70225    1393  347639  2632097  37.48
1900-1909     45-49     0.00474  0.02342  2.58   68832    1612  340263  2284458  33.19
1900-1909     50-54     0.00641  0.03156  2.60   67221    2121  331017  1944195  28.92
1900-1909     55-59     0.00977  0.04775  2.63   65099    3109  318136  1613178  24.78
1900-1909     60-64     0.01379  0.06681  2.66   61991    4142  300242  1295042  20.89
1900-1909     65-69     0.02197  0.10432  2.59   57849    6035  274707   994800  17.20
1900-1909     70-74     0.03185  0.14792  2.60   51814    7664  240641   720092  13.90
1900-1909     75-79     0.04865  0.21787  2.61   44150    9619  197711   479451  10.86
1900-1909     80-84     0.07802  0.32770  2.56   34531   11316  145027   281740   8.16
1900-1909     85-89     0.12811  0.48120  2.42   23215   11171   87202   136713   5.89
1900-1909     90-94     0.21440  0.67355  2.24   12044    8112   37836    49511   4.11
1900-1909     95-99     0.31369  0.80782  2.00    3932    3176   10125    11675   2.97
1900-1909    100-104    0.48721  0.92582  1.65     756     700    1436     1549   2.05
1900-1909    105-109    0.49407  1.00000  2.02      56      56     113      113   2.02
1900-1909    110+             .        .     .       0       0       0        0      .
1910-1919        0      0.07652  0.07263  0.30  100000    7263   94907  6386502  63.87
1910-1919      1-4      0.00964  0.03765  1.46   92737    3492  362096  6291595  67.84
1910-1919      5-9      0.00305  0.01511  2.10   89246    1348  442315  5929499  66.44
1910-1919     10-14     0.00237  0.01176  2.64   87897    1034  437049  5487184  62.43
1910-1919     15-19     0.00413  0.02045  2.70   86864    1777  430230  5050135  58.14
1910-1919     20-24     0.00540  0.02661  2.47   85087    2264  419702  4619906  54.30
1910-1919     25-29     0.00448  0.02215  2.39   82823    1834  409318  4200203  50.71
1910-1919     30-34     0.00336  0.01666  2.28   80988    1349  401275  3790886  46.81
1910-1919     35-39     0.00266  0.01323  2.47   79639    1053  395528  3389611  42.56
1910-1919     40-44     0.00276  0.01373  2.61   78586    1079  390354  2994083  38.10
1910-1919     45-49     0.00425  0.02104  2.62   77506    1631  383644  2603729  33.59
1910-1919     50-54     0.00629  0.03100  2.70   75876    2352  373971  2220085  29.26
1910-1919     55-59     0.01000  0.04880  2.59   73524    3588  358970  1846115  25.11
1910-1919     60-64     0.01299  0.06296  2.58   69936    4403  339003  1487145  21.26
1910-1919     65-69     0.01967  0.09389  2.58   65533    6153  312801  1148142  17.52
1910-1919     70-74     0.02985  0.13940  2.63   59380    8277  277285   835340  14.07
1910-1919     75-79     0.04895  0.21864  2.56   51103   11173  228268   558055  10.92
1910-1919     80-84     0.07621  0.32036  2.52   39930   12792  167860   329787   8.26
1910-1919     85-89     0.12539  0.47657  2.48   27138   12933  103146   161927   5.97
1910-1919     90-94     0.20770  0.66193  2.26   14205    9402   45268    58781   4.14
1910-1919     95-99     0.33962  0.82897  1.91    4802    3981   11722    13512   2.81
1910-1919    100-104    0.45768  0.93550  1.84     821     768    1679     1791   2.18
1910-1919    105-109    0.47300  1.00000  2.11      53      53     112      112   2.11
1910-1919    110+             .        .     .       0       0       0        0      .
1920-1927        0      0.06114  0.05847  0.25  100000    5847   95636  6920627  69.21
1920-1927      1-4      0.00685  0.02690  1.33   94153    2533  369839  6824991  72.49
1920-1927      5-9      0.00197  0.00980  2.37   91620     898  455742  6455152  70.46
1920-1927     10-14     0.00165  0.00822  2.59   90722     745  451814  5999410  66.13
1920-1927     15-19     0.00298  0.01477  2.66   89976    1329  446775  5547596  61.66
1920-1927     20-24     0.00302  0.01499  2.32   88647    1329  439680  5100821  57.54
1920-1927     25-29     0.00189  0.00939  2.30   87318     820  434380  4661141  53.38
1920-1927     30-34     0.00157  0.00784  2.52   86498     678  430813  4226761  48.87
1920-1927     35-39     0.00179  0.00891  2.52   85820     765  427205  3795948  44.23
1920-1927     40-44     0.00260  0.01292  2.65   85056    1099  422690  3368742  39.61
1920-1927     45-49     0.00389  0.01928  2.67   83956    1619  416014  2946052  35.09
1920-1927     50-54     0.00553  0.02728  2.61   82337    2246  406318  2530039  30.73
1920-1927     55-59     0.00775  0.03805  2.62   80091    3048  393217  2123721  26.52
1920-1927     60-64     0.01160  0.05646  2.66   77044    4350  375048  1730504  22.46
1920-1927     65-69     0.01687  0.08103  2.58   72694    5891  349214  1355456  18.65
1920-1927     70-74     0.02623  0.12338  2.60   66803    8242  314209  1006242  15.06
1920-1927     75-79     0.03904  0.17849  2.60   58561   10453  267758   692033  11.82
1920-1927     80-84     0.06498  0.28072  2.58   48108   13505  207831   424274   8.82
1920-1927     85-89     0.11236  0.44097  2.56   34603   15259  135800   216443   6.26
1920-1927     90-94     0.20598  0.66408  2.33   19344   12846   62365    80643   4.17
1920-1927     95-99     0.33969  0.82907  1.91    6498    5387   15860    18278   2.81
1920-1927    100-104    0.45891  0.93668  1.84    1111    1040    2267     2418   2.18
1920-1927    105-109    0.46565  1.00000  2.15      70      70     151      151   2.15
1920-1927    110+             .        .     .       0       0       0        0      .
