Iceland, Life tables (period 5x5), Males	Last modified: 02 Apr 2020;  Methods Protocol: v6 (2017)

  Year          Age         mx       qx    ax      lx      dx      Lx       Tx     ex
1838-1839        0      0.41217  0.31979  0.30  100000   31979   77587  2857064  28.57
1838-1839      1-4      0.03813  0.13859  1.36   68021    9427  247241  2779477  40.86
1838-1839      5-9      0.00918  0.04480  2.34   58594    2625  285976  2532236  43.22
1838-1839     10-14     0.00646  0.03175  2.28   55969    1777  275005  2246260  40.13
1838-1839     15-19     0.00674  0.03324  2.88   54192    1801  267133  1971255  36.38
1838-1839     20-24     0.01560  0.07529  2.69   52391    3945  252843  1704121  32.53
1838-1839     25-29     0.01436  0.06911  2.29   48446    3348  233169  1451278  29.96
1838-1839     30-34     0.01612  0.07779  2.75   45098    3508  217606  1218110  27.01
1838-1839     35-39     0.01791  0.08552  2.36   41590    3557  198555  1000504  24.06
1838-1839     40-44     0.02009  0.09579  2.58   38033    3643  181348   801950  21.09
1838-1839     45-49     0.02702  0.12626  2.41   34390    4342  160707   620602  18.05
1838-1839     50-54     0.03481  0.16150  2.77   30048    4853  139414   459895  15.31
1838-1839     55-59     0.05214  0.23051  2.49   25195    5808  111394   320482  12.72
1838-1839     60-64     0.06634  0.28305  2.41   19387    5488   82723   209087  10.78
1838-1839     65-69     0.06728  0.28722  2.46   13900    3992   59339   126364   9.09
1838-1839     70-74     0.12401  0.47123  2.45    9907    4669   37646    67025   6.77
1838-1839     75-79     0.16937  0.57218  2.17    5239    2997   17698    29379   5.61
1838-1839     80-84     0.18227  0.60149  2.17    2241    1348    7396    11681   5.21
1838-1839     85-89     0.19946  0.63498  2.14     893     567    2843     4285   4.80
1838-1839     90-94     0.21783  0.66774  2.10     326     218     999     1442   4.42
1838-1839     95-99     0.23738  0.69946  2.06     108      76     319      442   4.08
1838-1839    100-104    0.25809  0.72986  2.02      33      24      92      123   3.78
1838-1839    105-109    0.27995  0.75869  1.98       9       7      24       31   3.52
1838-1839    110+       0.29622  1.00000  3.38       2       2       7        7   3.38
1840-1844        0      0.36935  0.29340  0.30  100000   29340   79437  3253905  32.54
1840-1844      1-4      0.02268  0.08518  1.14   70660    6019  265428  3174469  44.93
1840-1844      5-9      0.00517  0.02559  2.93   64641    1654  319781  2909041  45.00
1840-1844     10-14     0.00406  0.02008  2.40   62987    1265  311647  2589260  41.11
1840-1844     15-19     0.00761  0.03742  2.76   61722    2310  303433  2277612  36.90
1840-1844     20-24     0.01280  0.06209  2.60   59412    3689  288198  1974179  33.23
1840-1844     25-29     0.01463  0.07063  2.54   55724    3936  268934  1685981  30.26
1840-1844     30-34     0.01605  0.07709  2.46   51788    3992  248796  1417047  27.36
1840-1844     35-39     0.01883  0.09004  2.58   47796    4303  228550  1168251  24.44
1840-1844     40-44     0.02328  0.11010  2.54   43492    4788  205672   939700  21.61
1840-1844     45-49     0.02734  0.12804  2.53   38704    4956  181283   734029  18.97
1840-1844     50-54     0.03325  0.15329  2.46   33748    5173  155604   552746  16.38
1840-1844     55-59     0.03850  0.17627  2.61   28575    5037  130829   397142  13.90
1840-1844     60-64     0.06182  0.26730  2.47   23538    6292  101780   266313  11.31
1840-1844     65-69     0.06687  0.28577  2.46   17246    4928   73701   164533   9.54
1840-1844     70-74     0.10166  0.40555  2.51   12318    4995   49137    90832   7.37
1840-1844     75-79     0.15320  0.54446  2.34    7322    3987   26022    41695   5.69
1840-1844     80-84     0.19318  0.62706  2.20    3336    2092   10828    15672   4.70
1840-1844     85-89     0.24038  0.70864  2.10    1244     882    3667     4845   3.89
1840-1844     90-94     0.29477  0.78131  1.99     362     283     961     1178   3.25
1840-1844     95-99     0.35558  0.84181  1.87      79      67     188      217   2.74
1840-1844    100-104    0.42140  0.88897  1.75      13      11      26       29   2.33
1840-1844    105-109    0.49017  0.92357  1.63       1       1       3        3   2.02
1840-1844    110+       0.54572  1.00000  1.83       0       0       0        0   1.83
1845-1849        0      0.47548  0.35663  0.30  100000   35663   75005  3064731  30.65
1845-1849      1-4      0.02740  0.10215  1.34   64337    6572  239842  2989725  46.47
1845-1849      5-9      0.00539  0.02659  2.43   57765    1536  284883  2749884  47.60
1845-1849     10-14     0.00523  0.02584  2.52   56229    1453  277547  2465001  43.84
1845-1849     15-19     0.00750  0.03686  2.73   54776    2019  269287  2187454  39.93
1845-1849     20-24     0.01126  0.05475  2.52   52757    2888  256617  1918167  36.36
1845-1849     25-29     0.01211  0.05873  2.46   49868    2929  241894  1661550  33.32
1845-1849     30-34     0.01103  0.05372  2.58   46940    2522  228601  1419656  30.24
1845-1849     35-39     0.01509  0.07270  2.50   44418    3229  214013  1191055  26.81
1845-1849     40-44     0.01712  0.08212  2.53   41189    3382  197595   977042  23.72
1845-1849     45-49     0.02023  0.09647  2.60   37806    3647  180274   779447  20.62
1845-1849     50-54     0.02768  0.12958  2.54   34159    4426  159891   599173  17.54
1845-1849     55-59     0.03132  0.14532  2.52   29733    4321  137963   439282  14.77
1845-1849     60-64     0.05349  0.23662  2.56   25412    6013  112417   301320  11.86
1845-1849     65-69     0.06493  0.27972  2.53   19399    5426   83566   188903   9.74
1845-1849     70-74     0.10453  0.41448  2.50   13973    5791   55403   105337   7.54
1845-1849     75-79     0.15180  0.54000  2.33    8181    4418   29103    49934   6.10
1845-1849     80-84     0.15155  0.53944  2.33    3763    2030   13395    20831   5.54
1845-1849     85-89     0.20932  0.66012  2.20    1733    1144    5466     7436   4.29
1845-1849     90-94     0.28135  0.76854  2.05     589     453    1609     1970   3.34
1845-1849     95-99     0.36633  0.85379  1.87     136     116     318      360   2.64
1845-1849    100-104    0.46045  0.91262  1.69      20      18      40       43   2.14
1845-1849    105-109    0.55772  0.94894  1.52       2       2       3        3   1.78
1845-1849    110+       0.63578  1.00000  1.57       0       0       0        0   1.57
1850-1854        0      0.28964  0.24076  0.30  100000   24076   83126  3736911  37.37
1850-1854      1-4      0.03053  0.11389  1.63   75924    8647  283176  3653785  48.12
1850-1854      5-9      0.01028  0.04985  1.99   67277    3354  326294  3370609  50.10
1850-1854     10-14     0.00459  0.02268  2.47   63923    1450  315945  3044315  47.62
1850-1854     15-19     0.00636  0.03136  2.68   62473    1959  307818  2728370  43.67
1850-1854     20-24     0.01048  0.05113  2.66   60514    3094  295344  2420552  40.00
1850-1854     25-29     0.01047  0.05092  2.31   57420    2924  279241  2125208  37.01
1850-1854     30-34     0.00820  0.04015  2.45   54496    2188  266910  1845967  33.87
1850-1854     35-39     0.01047  0.05113  2.75   52308    2674  255513  1579057  30.19
1850-1854     40-44     0.01568  0.07542  2.48   49634    3743  238744  1323544  26.67
1850-1854     45-49     0.01666  0.08003  2.53   45891    3673  220398  1084801  23.64
1850-1854     50-54     0.02065  0.09829  2.55   42218    4150  200929   864403  20.47
1850-1854     55-59     0.02436  0.11492  2.55   38068    4375  179609   663473  17.43
1850-1854     60-64     0.03721  0.17082  2.60   33693    5756  154662   483864  14.36
1850-1854     65-69     0.05904  0.25711  2.49   27938    7183  121668   329202  11.78
1850-1854     70-74     0.07354  0.30900  2.42   20755    6413   87212   207534  10.00
1850-1854     75-79     0.07924  0.32927  2.43   14342    4722   59593   120322   8.39
1850-1854     80-84     0.12297  0.46666  2.42    9619    4489   36503    60729   6.31
1850-1854     85-89     0.18243  0.60995  2.28    5130    3129   17153    24225   4.72
1850-1854     90-94     0.26133  0.74436  2.11    2001    1490    5700     7073   3.53
1850-1854     95-99     0.35871  0.84956  1.90     512     435    1212     1373   2.68
1850-1854    100-104    0.46916  0.91818  1.69      77      71     151      161   2.10
1850-1854    105-109    0.58315  0.95657  1.49       6       6      10       11   1.70
1850-1854    110+       0.67359  1.00000  1.48       0       0       0        0   1.48
1855-1859        0      0.31301  0.25670  0.30  100000   25670   82009  3376497  33.76
1855-1859      1-4      0.03027  0.11292  1.61   74330    8394  277289  3294488  44.32
1855-1859      5-9      0.01135  0.05497  2.14   65936    3624  319314  3017199  45.76
1855-1859     10-14     0.00465  0.02297  2.25   62312    1431  307620  2697884  43.30
1855-1859     15-19     0.00705  0.03471  2.84   60881    2113  299848  2390264  39.26
1855-1859     20-24     0.01211  0.05879  2.53   58767    3455  285298  2090416  35.57
1855-1859     25-29     0.01327  0.06423  2.51   55312    3553  267704  1805118  32.63
1855-1859     30-34     0.01143  0.05554  2.44   51760    2875  251447  1537414  29.70
1855-1859     35-39     0.01663  0.07991  2.58   48885    3907  234982  1285967  26.31
1855-1859     40-44     0.01723  0.08262  2.52   44978    3716  215668  1050985  23.37
1855-1859     45-49     0.02129  0.10113  2.52   41262    4173  195981   835318  20.24
1855-1859     50-54     0.02995  0.13937  2.52   37089    5169  172622   639337  17.24
1855-1859     55-59     0.03344  0.15458  2.56   31920    4934  147576   466715  14.62
1855-1859     60-64     0.05293  0.23410  2.53   26986    6317  119351   319138  11.83
1855-1859     65-69     0.07252  0.30647  2.47   20668    6334   87342   199787   9.67
1855-1859     70-74     0.10684  0.41475  2.30   14334    5945   55644   112445   7.84
1855-1859     75-79     0.11139  0.42959  2.34    8389    3604   32354    56801   6.77
1855-1859     80-84     0.17007  0.58123  2.28    4785    2781   16354    24447   5.11
1855-1859     85-89     0.22679  0.68927  2.16    2004    1381    6090     8092   4.04
1855-1859     90-94     0.29538  0.78435  2.01     623     488    1653     2002   3.22
1855-1859     95-99     0.37442  0.85916  1.85     134     115     308      349   2.60
1855-1859    100-104    0.46074  0.91202  1.69      19      17      37       40   2.14
1855-1859    105-109    0.54966  0.94608  1.53       2       2       3        3   1.81
1855-1859    110+       0.62115  1.00000  1.61       0       0       0        0   1.61
1860-1864        0      0.35059  0.28144  0.30  100000   28144   80275  2586251  25.86
1860-1864      1-4      0.05395  0.19018  1.50   71856   13666  253297  2505976  34.87
1860-1864      5-9      0.01686  0.08036  2.09   58190    4676  277359  2252679  38.71
1860-1864     10-14     0.00805  0.03941  2.39   53514    2109  262071  1975320  36.91
1860-1864     15-19     0.01007  0.04915  2.61   51405    2527  250989  1713249  33.33
1860-1864     20-24     0.01548  0.07472  2.68   48878    3652  235913  1462260  29.92
1860-1864     25-29     0.02013  0.09572  2.43   45226    4329  215008  1226347  27.12
1860-1864     30-34     0.01968  0.09384  2.53   40897    3838  195017  1011339  24.73
1860-1864     35-39     0.02191  0.10378  2.46   37059    3846  175536   816322  22.03
1860-1864     40-44     0.02674  0.12546  2.55   33213    4167  155854   640786  19.29
1860-1864     45-49     0.03454  0.15918  2.54   29046    4624  133869   484932  16.70
1860-1864     50-54     0.03789  0.17268  2.43   24423    4217  111294   351063  14.37
1860-1864     55-59     0.05353  0.23659  2.55   20205    4780   89304   239770  11.87
1860-1864     60-64     0.06903  0.29521  2.55   15425    4554   65965   150465   9.75
1860-1864     65-69     0.10207  0.40287  2.39   10871    4380   42908    84500   7.77
1860-1864     70-74     0.11774  0.45036  2.39    6492    2924   24830    41592   6.41
1860-1864     75-79     0.20061  0.64568  2.24    3568    2304   11484    16763   4.70
1860-1864     80-84     0.22409  0.68155  2.13    1264     862    3845     5278   4.18
1860-1864     85-89     0.26797  0.74683  2.04     403     301    1122     1434   3.56
1860-1864     90-94     0.31685  0.80431  1.94     102      82     259      311   3.06
1860-1864     95-99     0.37009  0.85251  1.84      20      17      46       53   2.64
1860-1864    100-104    0.42666  0.89108  1.73       3       3       6        7   2.31
1860-1864    105-109    0.48524  0.92065  1.63       0       0       1        1   2.05
1860-1864    110+       0.53231  1.00000  1.88       0       0       0        0   1.88
1865-1869        0      0.35289  0.28292  0.30  100000   28292   80172  2919129  29.19
1865-1869      1-4      0.03519  0.12934  1.49   71708    9275  263530  2838957  39.59
1865-1869      5-9      0.01096  0.05317  2.19   62434    3320  302838  2575427  41.25
1865-1869     10-14     0.00745  0.03655  2.46   59114    2161  290090  2272589  38.44
1865-1869     15-19     0.00945  0.04626  2.71   56953    2635  278729  1982498  34.81
1865-1869     20-24     0.01454  0.07016  2.52   54318    3811  262145  1703769  31.37
1865-1869     25-29     0.01609  0.07736  2.53   50507    3907  242873  1441625  28.54
1865-1869     30-34     0.01576  0.07573  2.42   46600    3529  223878  1198751  25.72
1865-1869     35-39     0.01869  0.08954  2.66   43071    3857  206332   974873  22.63
1865-1869     40-44     0.02610  0.12237  2.46   39214    4799  183896   768540  19.60
1865-1869     45-49     0.02890  0.13500  2.57   34415    4646  160772   584645  16.99
1865-1869     50-54     0.04526  0.20399  2.59   29769    6073  134184   423872  14.24
1865-1869     55-59     0.05052  0.22349  2.42   23697    5296  104827   289688  12.22
1865-1869     60-64     0.07348  0.30998  2.48   18401    5704   77623   184861  10.05
1865-1869     65-69     0.08737  0.35830  2.49   12697    4549   52072   107238   8.45
1865-1869     70-74     0.12509  0.46956  2.35    8148    3826   30584    55167   6.77
1865-1869     75-79     0.14548  0.52504  2.35    4322    2269   15598    24582   5.69
1865-1869     80-84     0.19992  0.64526  2.25    2053    1325    6625     8984   4.38
1865-1869     85-89     0.28882  0.78049  2.06     728     568    1968     2359   3.24
1865-1869     90-94     0.39696  0.87877  1.83     160     140     354      391   2.45
1865-1869     95-99     0.51629  0.93746  1.60      19      18      35       37   1.91
1865-1869    100-104    0.63453  0.96765  1.41       1       1       2        2   1.57
1865-1869    105-109    0.73937  0.98200  1.26       0       0       0        0   1.35
1865-1869    110+       0.81396  1.00000  1.23       0       0       0        0   1.23
1870-1874        0      0.29332  0.24330  0.30  100000   24330   82948  3236638  32.37
1870-1874      1-4      0.03951  0.14328  1.39   75670   10842  274434  3153690  41.68
1870-1874      5-9      0.00851  0.04146  1.88   64828    2688  315751  2879256  44.41
1870-1874     10-14     0.00686  0.03376  2.62   62140    2098  305699  2563505  41.25
1870-1874     15-19     0.00814  0.03994  2.64   60042    2398  294558  2257806  37.60
1870-1874     20-24     0.01427  0.06901  2.65   57644    3978  278859  1963248  34.06
1870-1874     25-29     0.01382  0.06665  2.35   53666    3577  258849  1684389  31.39
1870-1874     30-34     0.01451  0.07013  2.62   50089    3513  242071  1425540  28.46
1870-1874     35-39     0.01766  0.08452  2.48   46576    3937  222954  1183469  25.41
1870-1874     40-44     0.02146  0.10209  2.61   42639    4353  202814   960515  22.53
1870-1874     45-49     0.02526  0.11857  2.41   38286    4540  179687   757701  19.79
1870-1874     50-54     0.02840  0.13270  2.53   33747    4478  157680   578015  17.13
1870-1874     55-59     0.03937  0.18019  2.65   29268    5274  133952   420335  14.36
1870-1874     60-64     0.05900  0.25650  2.46   23994    6155  104319   286383  11.94
1870-1874     65-69     0.07296  0.30658  2.40   17840    5469   74967   182064  10.21
1870-1874     70-74     0.08374  0.34541  2.47   12371    4273   51026   107097   8.66
1870-1874     75-79     0.11028  0.42832  2.39    8098    3468   31450    56071   6.92
1870-1874     80-84     0.15742  0.55420  2.33    4629    2566   16297    24621   5.32
1870-1874     85-89     0.22383  0.68642  2.18    2064    1417    6329     8324   4.03
1870-1874     90-94     0.30741  0.80004  2.00     647     518    1684     1995   3.08
1870-1874     95-99     0.40552  0.88297  1.80     129     114     282      311   2.40
1870-1874    100-104    0.51188  0.93493  1.61      15      14      28       29   1.93
1870-1874    105-109    0.61769  0.96387  1.43       1       1       2        2   1.61
1870-1874    110+       0.70021  1.00000  1.43       0       0       0        0   1.43
1875-1879        0      0.20465  0.17898  0.30  100000   17898   87456  3674799  36.75
1875-1879      1-4      0.03974  0.14391  1.37   82102   11815  297313  3587342  43.69
1875-1879      5-9      0.00912  0.04452  2.31   70287    3129  343032  3290029  46.81
1875-1879     10-14     0.00447  0.02210  2.35   67158    1484  331861  2946997  43.88
1875-1879     15-19     0.00713  0.03508  2.78   65674    2304  323246  2615136  39.82
1875-1879     20-24     0.01201  0.05836  2.58   63370    3698  307917  2291890  36.17
1875-1879     25-29     0.01272  0.06161  2.45   59672    3676  289003  1983973  33.25
1875-1879     30-34     0.01084  0.05278  2.50   55996    2956  272597  1694970  30.27
1875-1879     35-39     0.01778  0.08532  2.65   53040    4525  254545  1422373  26.82
1875-1879     40-44     0.01811  0.08648  2.41   48515    4195  231713  1167829  24.07
1875-1879     45-49     0.02272  0.10781  2.63   44319    4778  210287   936116  21.12
1875-1879     50-54     0.02736  0.12782  2.43   39541    5054  184710   725829  18.36
1875-1879     55-59     0.03369  0.15574  2.58   34487    5371  159428   541119  15.69
1875-1879     60-64     0.04629  0.20754  2.51   29116    6043  130538   381691  13.11
1875-1879     65-69     0.05219  0.23118  2.53   23074    5334  102202   251153  10.88
1875-1879     70-74     0.09465  0.37997  2.41   17739    6740   71213   148951   8.40
1875-1879     75-79     0.09356  0.37655  2.41   10999    4142   44266    77738   7.07
1875-1879     80-84     0.17751  0.59834  2.28    6857    4103   23114    33471   4.88
1875-1879     85-89     0.24472  0.71880  2.13    2754    1980    8090    10357   3.76
1875-1879     90-94     0.32678  0.81921  1.96     774     634    1942     2267   2.93
1875-1879     95-99     0.42078  0.89172  1.77     140     125     297      326   2.32
1875-1879    100-104    0.52103  0.93768  1.59      15      14      27       29   1.90
1875-1879    105-109    0.62004  0.96404  1.43       1       1       1        2   1.61
1875-1879    110+       0.69737  1.00000  1.43       0       0       0        0   1.43
1880-1884        0      0.31668  0.25916  0.30  100000   25916   81837  3017416  30.17
1880-1884      1-4      0.05304  0.18596  1.34   74084   13776  259756  2935580  39.63
1880-1884      5-9      0.01274  0.06130  1.94   60307    3697  290224  2675823  44.37
1880-1884     10-14     0.00484  0.02390  2.45   56610    1353  279596  2385599  42.14
1880-1884     15-19     0.00839  0.04121  2.80   55257    2277  271274  2106003  38.11
1880-1884     20-24     0.01549  0.07466  2.58   52980    3955  255315  1834729  34.63
1880-1884     25-29     0.01666  0.07995  2.47   49025    3920  235220  1579414  32.22
1880-1884     30-34     0.01789  0.08568  2.54   45105    3865  216021  1344195  29.80
1880-1884     35-39     0.01795  0.08573  2.38   41240    3535  196925  1128174  27.36
1880-1884     40-44     0.01726  0.08274  2.51   37705    3120  180755   931248  24.70
1880-1884     45-49     0.01735  0.08317  2.52   34585    2876  165780   750494  21.70
1880-1884     50-54     0.02729  0.12824  2.66   31709    4066  149035   584714  18.44
1880-1884     55-59     0.03213  0.14829  2.41   27643    4099  127591   435679  15.76
1880-1884     60-64     0.04294  0.19460  2.59   23543    4581  106695   308088  13.09
1880-1884     65-69     0.06152  0.26724  2.55   18962    5067   82374   201393  10.62
1880-1884     70-74     0.08862  0.36024  2.40   13895    5005   56482   119019   8.57
1880-1884     75-79     0.10187  0.40728  2.54    8889    3620   35539    62537   7.04
1880-1884     80-84     0.17566  0.59096  2.23    5269    3114   17726    26998   5.12
1880-1884     85-89     0.21561  0.66761  2.15    2155    1439    6673     9272   4.30
1880-1884     90-94     0.26165  0.73877  2.05     716     529    2023     2599   3.63
1880-1884     95-99     0.31349  0.80129  1.95     187     150     478      576   3.08
1880-1884    100-104    0.37037  0.85320  1.84      37      32      86       98   2.64
1880-1884    105-109    0.43108  0.89404  1.73       5       5      11       13   2.29
1880-1884    110+       0.48001  1.00000  2.08       1       1       1        1   2.08
1885-1889        0      0.16319  0.14644  0.30  100000   14644   89737  4276640  42.77
1885-1889      1-4      0.02010  0.07661  1.55   85356    6539  325398  4186904  49.05
1885-1889      5-9      0.00548  0.02696  1.89   78817    2125  387483  3861506  48.99
1885-1889     10-14     0.00529  0.02614  2.62   76692    2005  378698  3474023  45.30
1885-1889     15-19     0.00578  0.02852  2.66   74687    2130  368450  3095325  41.44
1885-1889     20-24     0.01118  0.05449  2.69   72557    3954  353657  2726875  37.58
1885-1889     25-29     0.01387  0.06698  2.42   68603    4595  331166  2373218  34.59
1885-1889     30-34     0.01063  0.05172  2.42   64008    3311  311511  2042052  31.90
1885-1889     35-39     0.01321  0.06407  2.65   60698    3889  294343  1730541  28.51
1885-1889     40-44     0.01528  0.07351  2.44   56809    4176  273371  1436198  25.28
1885-1889     45-49     0.01880  0.09001  2.64   52633    4738  252007  1162827  22.09
1885-1889     50-54     0.02404  0.11332  2.48   47895    5427  225808   910821  19.02
1885-1889     55-59     0.03027  0.14107  2.59   42468    5991  197903   685013  16.13
1885-1889     60-64     0.04015  0.18235  2.49   36477    6652  165688   487110  13.35
1885-1889     65-69     0.06349  0.27506  2.57   29825    8204  129214   321422  10.78
1885-1889     70-74     0.08256  0.33945  2.38   21622    7340   88903   192207   8.89
1885-1889     75-79     0.10391  0.40796  2.37   14282    5827   56074   103305   7.23
1885-1889     80-84     0.14245  0.51960  2.40    8456    4394   30843    47231   5.59
1885-1889     85-89     0.22000  0.68257  2.22    4062    2773   12603    16388   4.03
1885-1889     90-94     0.32270  0.81877  1.99    1289    1056    3272     3785   2.94
1885-1889     95-99     0.44538  0.90819  1.74     234     212     477      513   2.20
1885-1889    100-104    0.57562  0.95560  1.50      21      21      36       37   1.72
1885-1889    105-109    0.69724  0.97748  1.32       1       1       1        1   1.43
1885-1889    110+       0.78570  1.00000  1.27       0       0       0        0   1.27
1890-1894        0      0.16876  0.15091  0.30  100000   15091   89423  4391856  43.92
1890-1894      1-4      0.01679  0.06433  1.39   84909    5462  325399  4302433  50.67
1890-1894      5-9      0.00382  0.01885  1.74   79447    1498  392350  3977034  50.06
1890-1894     10-14     0.00266  0.01325  2.90   77949    1033  387583  3584684  45.99
1890-1894     15-19     0.00636  0.03135  2.72   76917    2411  379095  3197101  41.57
1890-1894     20-24     0.00909  0.04444  2.56   74505    3311  364446  2818006  37.82
1890-1894     25-29     0.01032  0.05029  2.46   71194    3580  346887  2453560  34.46
1890-1894     30-34     0.00845  0.04136  2.50   67614    2796  331067  2106673  31.16
1890-1894     35-39     0.01209  0.05874  2.57   64817    3807  314832  1775606  27.39
1890-1894     40-44     0.01438  0.06952  2.63   61010    4241  294993  1460774  23.94
1890-1894     45-49     0.02214  0.10508  2.59   56769    5965  269480  1165781  20.54
1890-1894     50-54     0.03117  0.14475  2.53   50803    7354  235886   896301  17.64
1890-1894     55-59     0.03030  0.14092  2.52   43450    6123  202073   660414  15.20
1890-1894     60-64     0.05144  0.22918  2.62   37327    8554  166285   458342  12.28
1890-1894     65-69     0.05866  0.25415  2.38   28772    7312  124667   292056  10.15
1890-1894     70-74     0.09683  0.39384  2.63   21460    8452   87287   167389   7.80
1890-1894     75-79     0.11923  0.45353  2.36   13008    5899   49479    80102   6.16
1890-1894     80-84     0.23172  0.68784  2.05    7109    4890   21101    30624   4.31
1890-1894     85-89     0.23263  0.68927  2.04    2219    1530    6575     9522   4.29
1890-1894     90-94     0.23354  0.69071  2.04     690     476    2039     2947   4.27
1890-1894     95-99     0.23445  0.69214  2.04     213     148     630      908   4.26
1890-1894    100-104    0.23537  0.69356  2.04      66      46     193      279   4.24
1890-1894    105-109    0.23628  0.69499  2.04      20      14      59       85   4.23
1890-1894    110+       0.23692  1.00000  4.22       6       6      26       26   4.22
1895-1899        0      0.14381  0.13064  0.30  100000   13064   90844  4645978  46.46
1895-1899      1-4      0.01309  0.05057  1.31   86936    4396  335930  4555133  52.40
1895-1899      5-9      0.00437  0.02163  2.43   82540    1785  408108  4219204  51.12
1895-1899     10-14     0.00310  0.01540  2.52   80755    1244  400685  3811096  47.19
1895-1899     15-19     0.00596  0.02940  2.77   79511    2338  392351  3410411  42.89
1895-1899     20-24     0.01011  0.04937  2.59   77174    3810  376668  3018060  39.11
1895-1899     25-29     0.00977  0.04768  2.43   73364    3498  357834  2641392  36.00
1895-1899     30-34     0.01088  0.05300  2.56   69866    3703  340284  2283558  32.68
1895-1899     35-39     0.01245  0.06039  2.50   66163    3996  320844  1943274  29.37
1895-1899     40-44     0.01277  0.06186  2.48   62168    3846  301149  1622430  26.10
1895-1899     45-49     0.01628  0.07848  2.71   58322    4577  281113  1321281  22.66
1895-1899     50-54     0.02608  0.12236  2.48   53745    6576  252176  1040168  19.35
1895-1899     55-59     0.02827  0.13229  2.58   47168    6240  220741   787992  16.71
1895-1899     60-64     0.03901  0.17783  2.52   40928    7278  186572   567251  13.86
1895-1899     65-69     0.05219  0.23194  2.60   33650    7805  149537   380679  11.31
1895-1899     70-74     0.07133  0.30122  2.42   25845    7785  109134   231142   8.94
1895-1899     75-79     0.11082  0.43849  2.62   18060    7919   71459   122008   6.76
1895-1899     80-84     0.17505  0.59215  2.27   10141    6005   34305    50549   4.98
1895-1899     85-89     0.23411  0.70127  2.14    4136    2900   12389    16244   3.93
1895-1899     90-94     0.30539  0.79580  1.99    1236     983    3220     3855   3.12
1895-1899     95-99     0.38716  0.86873  1.83     252     219     566      635   2.52
1895-1899    100-104    0.47581  0.91913  1.66      33      30      64       69   2.07
1895-1899    105-109    0.56624  0.95090  1.51       3       3       4        5   1.76
1895-1899    110+       0.63858  1.00000  1.57       0       0       0        0   1.57
1900-1904        0      0.11962  0.11037  0.30  100000   11037   92265  4794646  47.95
1900-1904      1-4      0.01627  0.06228  1.25   88963    5541  340627  4702381  52.86
1900-1904      5-9      0.00410  0.02030  2.43   83423    1694  412755  4361754  52.28
1900-1904     10-14     0.00339  0.01682  2.63   81729    1375  405388  3948999  48.32
1900-1904     15-19     0.00657  0.03238  2.73   80354    2602  395876  3543610  44.10
1900-1904     20-24     0.00962  0.04698  2.53   77752    3653  379734  3147734  40.48
1900-1904     25-29     0.01078  0.05248  2.53   74099    3889  360876  2768001  37.36
1900-1904     30-34     0.01016  0.04950  2.39   70211    3475  341978  2407125  34.28
1900-1904     35-39     0.00949  0.04637  2.53   66735    3095  326045  2065147  30.95
1900-1904     40-44     0.01204  0.05849  2.57   63640    3722  309174  1739102  27.33
1900-1904     45-49     0.01398  0.06755  2.51   59918    4047  289511  1429928  23.86
1900-1904     50-54     0.01670  0.08032  2.62   55871    4487  268661  1140417  20.41
1900-1904     55-59     0.02329  0.11019  2.56   51383    5662  243095   871756  16.97
1900-1904     60-64     0.03561  0.16459  2.70   45722    7525  211304   628661  13.75
1900-1904     65-69     0.05884  0.25668  2.52   38196    9804  166632   417357  10.93
1900-1904     70-74     0.08074  0.33639  2.52   28392    9551  118290   250725   8.83
1900-1904     75-79     0.10006  0.39548  2.35   18841    7451   74471   132436   7.03
1900-1904     80-84     0.17211  0.58520  2.27   11390    6665   38728    57965   5.09
1900-1904     85-89     0.22558  0.68669  2.15    4725    3244   14382    19236   4.07
1900-1904     90-94     0.28959  0.77692  2.02    1480    1150    3971     4854   3.28
1900-1904     95-99     0.36303  0.84960  1.87     330     281     773      883   2.67
1900-1904    100-104    0.44341  0.90277  1.72      50      45     101      110   2.22
1900-1904    105-109    0.52697  0.93851  1.57       5       5       9        9   1.88
1900-1904    110+       0.59450  1.00000  1.68       0       0       0        0   1.68
1905-1909        0      0.14223  0.12933  0.30  100000   12933   90936  4712533  47.13
1905-1909      1-4      0.01471  0.05672  1.48   87067    4938  335803  4621597  53.08
1905-1909      5-9      0.00376  0.01858  2.00   82128    1526  406057  4285794  52.18
1905-1909     10-14     0.00342  0.01696  2.86   80602    1367  400089  3879737  48.13
1905-1909     15-19     0.00809  0.03973  2.71   79235    3148  388969  3479648  43.92
1905-1909     20-24     0.01006  0.04909  2.56   76087    3735  371329  3090679  40.62
1905-1909     25-29     0.01156  0.05611  2.38   72352    4059  351123  2719349  37.58
1905-1909     30-34     0.00834  0.04083  2.48   68293    2788  334443  2368226  34.68
1905-1909     35-39     0.01081  0.05266  2.54   65504    3449  319040  2033783  31.05
1905-1909     40-44     0.01152  0.05602  2.57   62055    3476  301811  1714743  27.63
1905-1909     45-49     0.01649  0.07929  2.56   58579    4645  281582  1412932  24.12
1905-1909     50-54     0.01713  0.08209  2.47   53934    4428  258480  1131350  20.98
1905-1909     55-59     0.02100  0.10001  2.62   49506    4951  235741   872870  17.63
1905-1909     60-64     0.03194  0.14843  2.62   44555    6613  207052   637129  14.30
1905-1909     65-69     0.05591  0.24666  2.61   37942    9359  167383   430077  11.34
1905-1909     70-74     0.06826  0.28968  2.39   28583    8280  121299   262695   9.19
1905-1909     75-79     0.09404  0.38399  2.61   20303    7796   82902   141396   6.96
1905-1909     80-84     0.18160  0.60987  2.31   12507    7628   42003    58494   4.68
1905-1909     85-89     0.27344  0.76260  2.10    4879    3721   13608    16491   3.38
1905-1909     90-94     0.38868  0.87423  1.85    1158    1013    2605     2883   2.49
1905-1909     95-99     0.51793  0.93877  1.60     146     137     264      278   1.91
1905-1909    100-104    0.64578  0.97001  1.39       9       9      13       14   1.54
1905-1909    105-109    0.75680  0.98386  1.24       0       0       0        0   1.32
1905-1909    110+       0.83343  1.00000  1.20       0       0       0        0   1.20
1910-1914        0      0.09815  0.09183  0.30  100000    9183   93564  5205917  52.06
1910-1914      1-4      0.01078  0.04190  1.33   90817    3806  353108  5112353  56.29
1910-1914      5-9      0.00336  0.01663  2.35   87011    1447  431217  4759245  54.70
1910-1914     10-14     0.00238  0.01184  2.68   85564    1013  425470  4328028  50.58
1910-1914     15-19     0.00568  0.02804  2.73   84551    2371  417378  3902558  46.16
1910-1914     20-24     0.00834  0.04088  2.60   82180    3360  402855  3485180  42.41
1910-1914     25-29     0.00989  0.04826  2.53   78821    3804  384702  3082325  39.11
1910-1914     30-34     0.00894  0.04365  2.32   75017    3275  366297  2697623  35.96
1910-1914     35-39     0.00798  0.03915  2.67   71742    2809  352156  2331326  32.50
1910-1914     40-44     0.01335  0.06459  2.51   68933    4453  333599  1979170  28.71
1910-1914     45-49     0.01102  0.05359  2.47   64481    3456  313658  1645571  25.52
1910-1914     50-54     0.01587  0.07649  2.65   61025    4668  294170  1331913  21.83
1910-1914     55-59     0.02169  0.10295  2.54   56357    5802  267529  1037742  18.41
1910-1914     60-64     0.02844  0.13324  2.63   50555    6736  236816   770213  15.24
1910-1914     65-69     0.04430  0.19965  2.53   43819    8749  197469   533397  12.17
1910-1914     70-74     0.06433  0.27838  2.58   35070    9763  151750   335928   9.58
1910-1914     75-79     0.09387  0.37830  2.44   25308    9574  101988   184177   7.28
1910-1914     80-84     0.15372  0.54861  2.39   15734    8632   56152    82190   5.22
1910-1914     85-89     0.24598  0.72594  2.18    7102    5156   20960    26037   3.67
1910-1914     90-94     0.36798  0.86050  1.91    1946    1675    4552     5077   2.61
1910-1914     95-99     0.50943  0.93681  1.63     272     254     499      526   1.94
1910-1914    100-104    0.65064  0.97130  1.39      17      17      26       26   1.53
1910-1914    105-109    0.77101  0.98531  1.22       0       0       1        1   1.30
1910-1914    110+       0.85116  1.00000  1.17       0       0       0        0   1.17
1915-1919        0      0.07923  0.07500  0.29  100000    7500   94650  5252566  52.53
1915-1919      1-4      0.00857  0.03351  1.34   92500    3100  361762  5157916  55.76
1915-1919      5-9      0.00312  0.01546  2.25   89401    1382  443205  4796154  53.65
1915-1919     10-14     0.00227  0.01130  2.74   88018     994  437840  4352949  49.46
1915-1919     15-19     0.00606  0.02992  2.80   87024    2603  429380  3915109  44.99
1915-1919     20-24     0.00960  0.04690  2.57   84420    3959  412477  3485729  41.29
1915-1919     25-29     0.01081  0.05263  2.51   80462    4235  391765  3073252  38.20
1915-1919     30-34     0.01043  0.05080  2.48   76227    3872  371374  2681487  35.18
1915-1919     35-39     0.01043  0.05081  2.47   72355    3676  352457  2310113  31.93
1915-1919     40-44     0.01205  0.05854  2.56   68678    4021  333575  1957656  28.50
1915-1919     45-49     0.01395  0.06744  2.53   64658    4361  312517  1624081  25.12
1915-1919     50-54     0.01679  0.08062  2.55   60297    4861  289559  1311564  21.75
1915-1919     55-59     0.02056  0.09787  2.54   55436    5426  263839  1022005  18.44
1915-1919     60-64     0.02674  0.12567  2.61   50010    6285  235008   758166  15.16
1915-1919     65-69     0.04303  0.19545  2.66   43726    8546  198597   523158  11.96
1915-1919     70-74     0.06482  0.27852  2.48   35179    9798  151167   324561   9.23
1915-1919     75-79     0.10859  0.43082  2.60   25381   10935  100697   173395   6.83
1915-1919     80-84     0.16897  0.58063  2.31   14447    8388   49644    72697   5.03
1915-1919     85-89     0.23997  0.71254  2.15    6059    4317   17990    23053   3.81
1915-1919     90-94     0.32839  0.82177  1.96    1742    1431    4358     5064   2.91
1915-1919     95-99     0.43063  0.89822  1.76     310     279     647      705   2.27
1915-1919    100-104    0.53935  0.94423  1.56      32      30      55       58   1.84
1915-1919    105-109    0.64505  0.96905  1.39       2       2       3        3   1.54
1915-1919    110+       0.72619  1.00000  1.38       0       0       0        0   1.38
1920-1924        0      0.06895  0.06557  0.25  100000    6557   95103  5226452  52.26
1920-1924      1-4      0.01076  0.04192  1.53   93443    3917  364082  5131349  54.91
1920-1924      5-9      0.00351  0.01740  2.20   89526    1558  443262  4767268  53.25
1920-1924     10-14     0.00232  0.01155  2.75   87968    1016  437561  4324005  49.15
1920-1924     15-19     0.00624  0.03079  2.80   86953    2677  428882  3886444  44.70
1920-1924     20-24     0.01029  0.05020  2.55   84276    4231  411018  3457563  41.03
1920-1924     25-29     0.00999  0.04872  2.43   80045    3900  390195  3046544  38.06
1920-1924     30-34     0.00957  0.04673  2.53   76145    3559  371929  2656350  34.89
1920-1924     35-39     0.01044  0.05089  2.49   72587    3694  353670  2284421  31.47
1920-1924     40-44     0.00971  0.04740  2.50   68893    3266  336292  1930751  28.03
1920-1924     45-49     0.01441  0.06965  2.63   65627    4571  317285  1594459  24.30
1920-1924     50-54     0.01767  0.08466  2.52   61056    5169  292466  1277174  20.92
1920-1924     55-59     0.02179  0.10350  2.59   55887    5785  265485   984707  17.62
1920-1924     60-64     0.03260  0.15126  2.62   50103    7578  232471   719222  14.36
1920-1924     65-69     0.04854  0.21706  2.56   42524    9230  190142   486751  11.45
1920-1924     70-74     0.07244  0.30907  2.63   33294   10290  142054   296609   8.91
1920-1924     75-79     0.11120  0.42946  2.35   23004    9879   88844   154555   6.72
1920-1924     80-84     0.17083  0.58440  2.30   13125    7670   44900    65712   5.01
1920-1924     85-89     0.23975  0.71179  2.15    5455    3883   16194    20812   3.82
1920-1924     90-94     0.32502  0.81804  1.96    1572    1286    3957     4618   2.94
1920-1924     95-99     0.42342  0.89375  1.77     286     256     604      661   2.31
1920-1924    100-104    0.52847  0.94052  1.58      30      29      54       57   1.87
1920-1924    105-109    0.63156  0.96648  1.41       2       2       3        3   1.58
1920-1924    110+       0.71145  1.00000  1.41       0       0       0        0   1.41
1925-1929        0      0.05787  0.05536  0.22  100000    5536   95665  5840265  58.40
1925-1929      1-4      0.00595  0.02343  1.31   94464    2213  371904  5744600  60.81
1925-1929      5-9      0.00273  0.01355  2.51   92251    1250  458142  5372696  58.24
1925-1929     10-14     0.00208  0.01033  2.73   91001     940  452866  4914554  54.01
1925-1929     15-19     0.00602  0.02970  2.80   90061    2675  444408  4461688  49.54
1925-1929     20-24     0.00832  0.04075  2.47   87386    3561  427920  4017280  45.97
1925-1929     25-29     0.00680  0.03344  2.42   83825    2803  411897  3589360  42.82
1925-1929     30-34     0.00731  0.03588  2.52   81022    2907  397903  3177463  39.22
1925-1929     35-39     0.00748  0.03672  2.52   78115    2868  383457  2779560  35.58
1925-1929     40-44     0.00783  0.03840  2.50   75247    2890  369022  2396103  31.84
1925-1929     45-49     0.00802  0.03932  2.53   72357    2845  354759  2027082  28.01
1925-1929     50-54     0.01134  0.05519  2.58   69513    3836  338290  1672323  24.06
1925-1929     55-59     0.01391  0.06734  2.63   65676    4423  317881  1334033  20.31
1925-1929     60-64     0.02271  0.10774  2.62   61253    6599  290592  1016152  16.59
1925-1929     65-69     0.03350  0.15521  2.64   54654    8483  253227   725560  13.28
1925-1929     70-74     0.05771  0.25304  2.57   46171   11683  202467   472333  10.23
1925-1929     75-79     0.08550  0.35465  2.60   34488   12231  143059   269866   7.82
1925-1929     80-84     0.13078  0.49197  2.48   22257   10950   83724   126807   5.70
1925-1929     85-89     0.23110  0.70579  2.24   11307    7980   34532    43083   3.81
1925-1929     90-94     0.37255  0.86695  1.92    3327    2884    7741     8552   2.57
1925-1929     95-99     0.53970  0.94831  1.58     443     420     778      810   1.83
1925-1929    100-104    0.70066  0.97894  1.32      23      22      32       33   1.42
1925-1929    105-109    0.82564  0.98939  1.16       0       0       1        1   1.21
1925-1929    110+       0.89974  1.00000  1.11       0       0       0        0   1.11
1930-1934        0      0.05328  0.05111  0.20  100000    5111   95922  5991902  59.92
1930-1934      1-4      0.00461  0.01823  1.33   94889    1730  374936  5895980  62.14
1930-1934      5-9      0.00179  0.00893  2.44   93159     832  463664  5521043  59.26
1930-1934     10-14     0.00159  0.00791  2.71   92328     730  459969  5057379  54.78
1930-1934     15-19     0.00406  0.02013  2.83   91598    1844  453992  4597410  50.19
1930-1934     20-24     0.00726  0.03570  2.61   89754    3204  441125  4143417  46.16
1930-1934     25-29     0.00793  0.03886  2.46   86549    3363  424209  3702293  42.78
1930-1934     30-34     0.00693  0.03401  2.39   83186    2829  408557  3278083  39.41
1930-1934     35-39     0.00595  0.02929  2.50   80357    2354  395905  2869526  35.71
1930-1934     40-44     0.00754  0.03702  2.62   78003    2887  383130  2473621  31.71
1930-1934     45-49     0.00987  0.04824  2.64   75116    3623  367043  2090491  27.83
1930-1934     50-54     0.01347  0.06510  2.46   71492    4654  345638  1723448  24.11
1930-1934     55-59     0.01331  0.06448  2.57   66838    4310  323730  1377810  20.61
1930-1934     60-64     0.02222  0.10565  2.68   62528    6606  297328  1054080  16.86
1930-1934     65-69     0.03507  0.16177  2.60   55923    9046  257945   756752  13.53
1930-1934     70-74     0.05179  0.22996  2.57   46876   10780  208142   498808  10.64
1930-1934     75-79     0.08252  0.34285  2.53   36097   12376  149965   290666   8.05
1930-1934     80-84     0.13898  0.50801  2.35   23721   12050   86707   140701   5.93
1930-1934     85-89     0.19127  0.62582  2.24   11671    7304   38184    53994   4.63
1930-1934     90-94     0.25697  0.73589  2.10    4367    3214   12506    15809   3.62
1930-1934     95-99     0.33550  0.82682  1.93    1153     954    2842     3304   2.86
1930-1934    100-104    0.42416  0.89308  1.76     200     178     421      461   2.31
1930-1934    105-109    0.51809  0.93620  1.59      21      20      39       41   1.91
1930-1934    110+       0.59445  1.00000  1.68       1       1       2        2   1.68
1935-1939        0      0.04963  0.04771  0.19  100000    4771   96136  6073018  60.73
1935-1939      1-4      0.00525  0.02072  1.33   95229    1974  375645  5976882  62.76
1935-1939      5-9      0.00234  0.01161  2.37   93256    1082  463425  5601237  60.06
1935-1939     10-14     0.00185  0.00921  2.67   92173     849  458885  5137812  55.74
1935-1939     15-19     0.00432  0.02139  2.74   91324    1953  452208  4678927  51.23
1935-1939     20-24     0.00589  0.02904  2.53   89371    2596  440447  4226719  47.29
1935-1939     25-29     0.00592  0.02915  2.45   86775    2529  427436  3786272  43.63
1935-1939     30-34     0.00503  0.02482  2.43   84246    2091  415864  3358836  39.87
1935-1939     35-39     0.00501  0.02474  2.53   82155    2032  405751  2942973  35.82
1935-1939     40-44     0.00600  0.02955  2.58   80123    2367  394889  2537222  31.67
1935-1939     45-49     0.00846  0.04147  2.69   77755    3224  381313  2142333  27.55
1935-1939     50-54     0.01252  0.06074  2.57   74531    4527  361662  1761020  23.63
1935-1939     55-59     0.01358  0.06572  2.56   70004    4601  338788  1399358  19.99
1935-1939     60-64     0.02331  0.11054  2.67   65403    7229  310172  1060570  16.22
1935-1939     65-69     0.03699  0.17011  2.64   58174    9896  267500   750398  12.90
1935-1939     70-74     0.06186  0.26867  2.56   48278   12971  209684   482898  10.00
1935-1939     75-79     0.08523  0.35179  2.52   35307   12421  145728   273214   7.74
1935-1939     80-84     0.14888  0.53346  2.34   22886   12209   82004   127486   5.57
1935-1939     85-89     0.21000  0.66201  2.21   10677    7069   33659    45482   4.26
1935-1939     90-94     0.28720  0.77643  2.04    3609    2802    9757    11823   3.28
1935-1939     95-99     0.37875  0.86402  1.85     807     697    1841     2066   2.56
1935-1939    100-104    0.47980  0.92196  1.66     110     101     211      225   2.05
1935-1939    105-109    0.58289  0.95592  1.49       9       8      14       15   1.71
1935-1939    110+       0.66476  1.00000  1.50       0       0       1        1   1.50
1940-1944        0      0.04535  0.04372  0.18  100000    4372   96398  6257029  62.57
1940-1944      1-4      0.00361  0.01432  1.52   95628    1369  379117  6160631  64.42
1940-1944      5-9      0.00167  0.00830  2.20   94259     783  469104  5781513  61.34
1940-1944     10-14     0.00105  0.00522  2.83   93476     488  466324  5312410  56.83
1940-1944     15-19     0.00340  0.01686  2.83   92988    1568  461542  4846086  52.11
1940-1944     20-24     0.00553  0.02727  2.57   91421    2493  451037  4384544  47.96
1940-1944     25-29     0.00577  0.02843  2.51   88928    2529  438338  3933506  44.23
1940-1944     30-34     0.00666  0.03278  2.52   86399    2832  424982  3495168  40.45
1940-1944     35-39     0.00624  0.03070  2.44   83567    2566  411257  3070186  36.74
1940-1944     40-44     0.00599  0.02949  2.52   81001    2389  399075  2658929  32.83
1940-1944     45-49     0.00750  0.03682  2.61   78612    2894  386134  2259854  28.75
1940-1944     50-54     0.01026  0.05005  2.60   75718    3790  369491  1873720  24.75
1940-1944     55-59     0.01292  0.06268  2.63   71928    4509  348962  1504229  20.91
1940-1944     60-64     0.02091  0.09961  2.62   67419    6715  321146  1155267  17.14
1940-1944     65-69     0.03239  0.15030  2.61   60704    9124  281703   834121  13.74
1940-1944     70-74     0.04816  0.21583  2.60   51580   11133  231179   552418  10.71
1940-1944     75-79     0.08233  0.34319  2.58   40448   13881  168608   321239   7.94
1940-1944     80-84     0.13817  0.50816  2.40   26567   13500   97704   152631   5.75
1940-1944     85-89     0.20981  0.66395  2.24   13067    8676   41349    54927   4.20
1940-1944     90-94     0.30446  0.79889  2.03    4391    3508   11522    13578   3.09
1940-1944     95-99     0.41855  0.89278  1.79     883     788    1884     2057   2.33
1940-1944    100-104    0.54233  0.94614  1.56      95      90     165      173   1.83
1940-1944    105-109    0.66199  0.97237  1.37       5       5       7        8   1.51
1940-1944    110+       0.75192  1.00000  1.33       0       0       0        0   1.33
1945-1949        0      0.03071  0.02991  0.13  100000    2991   97393  6759647  67.60
1945-1949      1-4      0.00265  0.01055  1.66   97009    1023  385638  6662254  68.68
1945-1949      5-9      0.00122  0.00610  2.17   95985     585  478269  6276617  65.39
1945-1949     10-14     0.00093  0.00463  2.71   95400     442  475992  5798348  60.78
1945-1949     15-19     0.00197  0.00978  2.79   94958     929  472740  5322356  56.05
1945-1949     20-24     0.00329  0.01630  2.57   94029    1532  466428  4849616  51.58
1945-1949     25-29     0.00348  0.01724  2.54   92497    1594  458569  4383188  47.39
1945-1949     30-34     0.00418  0.02066  2.53   90903    1878  449875  3924620  43.17
1945-1949     35-39     0.00402  0.01990  2.44   89024    1772  440595  3474745  39.03
1945-1949     40-44     0.00402  0.01990  2.62   87253    1736  432138  3034150  34.77
1945-1949     45-49     0.00628  0.03091  2.57   85517    2643  421159  2602012  30.43
1945-1949     50-54     0.00690  0.03395  2.61   82874    2813  407649  2180853  26.32
1945-1949     55-59     0.01211  0.05891  2.70   80060    4716  389460  1773204  22.15
1945-1949     60-64     0.01756  0.08432  2.64   75344    6353  361710  1383744  18.37
1945-1949     65-69     0.02741  0.12856  2.59   68991    8870  323559  1022034  14.81
1945-1949     70-74     0.04227  0.19202  2.62   60121   11545  273113   698474  11.62
1945-1949     75-79     0.06934  0.29673  2.57   48577   14414  207878   425362   8.76
1945-1949     80-84     0.11625  0.44907  2.47   34163   15341  131971   217484   6.37
1945-1949     85-89     0.18750  0.62270  2.30   18821   11720   62507    85513   4.54
1945-1949     90-94     0.28682  0.78021  2.08    7101    5540   19317    23006   3.24
1945-1949     95-99     0.41108  0.88966  1.81    1561    1389    3378     3689   2.36
1945-1949    100-104    0.54813  0.94870  1.55     172     163     298      311   1.81
1945-1949    105-109    0.67949  0.97536  1.35       9       9      13       13   1.47
1945-1949    110+       0.77583  1.00000  1.29       0       0       0        0   1.29
1950-1954        0      0.02293  0.02247  0.10  100000    2247   97986  6984745  69.85
1950-1954      1-4      0.00133  0.00530  1.59   97753     518  389764  6886760  70.45
1950-1954      5-9      0.00103  0.00515  2.42   97235     501  484883  6496996  66.82
1950-1954     10-14     0.00066  0.00327  2.60   96734     316  482911  6012113  62.15
1950-1954     15-19     0.00157  0.00782  2.70   96417     754  480349  5529202  57.35
1950-1954     20-24     0.00192  0.00957  2.59   95663     915  476108  5048853  52.78
1950-1954     25-29     0.00250  0.01240  2.53   94748    1175  470841  4572746  48.26
1950-1954     30-34     0.00258  0.01283  2.57   93573    1200  464950  4101905  43.84
1950-1954     35-39     0.00356  0.01763  2.60   92372    1629  457949  3636955  39.37
1950-1954     40-44     0.00409  0.02025  2.52   90743    1838  449163  3179006  35.03
1950-1954     45-49     0.00468  0.02316  2.61   88906    2059  439614  2729844  30.70
1950-1954     50-54     0.00750  0.03684  2.68   86846    3199  426796  2290229  26.37
1950-1954     55-59     0.01107  0.05392  2.60   83647    4510  407405  1863434  22.28
1950-1954     60-64     0.01609  0.07758  2.69   79137    6140  381510  1456029  18.40
1950-1954     65-69     0.02680  0.12608  2.66   72998    9204  343422  1074519  14.72
1950-1954     70-74     0.04148  0.18866  2.60   63794   12035  290119   731097  11.46
1950-1954     75-79     0.07416  0.31506  2.61   51759   16307  219896   440978   8.52
1950-1954     80-84     0.12578  0.47422  2.41   35452   16812  133667   221082   6.24
1950-1954     85-89     0.18459  0.61411  2.28   18640   11447   62013    87415   4.69
1950-1954     90-94     0.26197  0.74490  2.10    7193    5358   20453    25402   3.53
1950-1954     95-99     0.35696  0.84780  1.90    1835    1556    4358     4949   2.70
1950-1954    100-104    0.46455  0.91583  1.69     279     256     551      591   2.12
1950-1954    105-109    0.57594  0.95464  1.50      24      22      39       41   1.73
1950-1954    110+       0.66466  1.00000  1.50       1       1       2        2   1.50
1955-1959        0      0.02115  0.02076  0.11  100000    2076   98146  7094865  70.95
1955-1959      1-4      0.00109  0.00433  1.68   97924     424  390711  6996719  71.45
1955-1959      5-9      0.00049  0.00243  2.21   97499     237  486837  6606008  67.75
1955-1959     10-14     0.00065  0.00324  2.71   97262     315  485590  6119171  62.91
1955-1959     15-19     0.00116  0.00577  2.86   96947     560  483537  5633582  58.11
1955-1959     20-24     0.00221  0.01100  2.53   96387    1060  479312  5150045  53.43
1955-1959     25-29     0.00170  0.00845  2.45   95327     806  474579  4670733  49.00
1955-1959     30-34     0.00202  0.01003  2.52   94521     948  470260  4196154  44.39
1955-1959     35-39     0.00198  0.00983  2.60   93574     920  465658  3725894  39.82
1955-1959     40-44     0.00343  0.01702  2.73   92654    1577  459693  3260236  35.19
1955-1959     45-49     0.00550  0.02713  2.63   91077    2470  449520  2800543  30.75
1955-1959     50-54     0.00719  0.03535  2.61   88606    3132  435551  2351023  26.53
1955-1959     55-59     0.01088  0.05305  2.65   85474    4534  416712  1915472  22.41
1955-1959     60-64     0.01599  0.07698  2.60   80940    6231  389749  1498760  18.52
1955-1959     65-69     0.02473  0.11703  2.71   74709    8743  353563  1109011  14.84
1955-1959     70-74     0.04458  0.20173  2.65   65966   13307  298520   755449  11.45
1955-1959     75-79     0.06929  0.29594  2.54   52659   15584  224898   456929   8.68
1955-1959     80-84     0.12054  0.46097  2.45   37075   17091  141785   232031   6.26
1955-1959     85-89     0.19003  0.62719  2.29   19985   12534   65958    90246   4.52
1955-1959     90-94     0.28535  0.77770  2.08    7450    5794   20305    24288   3.26
1955-1959     95-99     0.40373  0.88441  1.82    1656    1465    3628     3982   2.40
1955-1959    100-104    0.53468  0.94430  1.58     191     181     338      354   1.85
1955-1959    105-109    0.66206  0.97265  1.37      11      10      16       16   1.51
1955-1959    110+       0.75728  1.00000  1.32       0       0       0        0   1.32
1960-1964        0      0.01978  0.01944  0.11  100000    1944   98270  7111795  71.12
1960-1964      1-4      0.00132  0.00528  1.55   98056     518  390956  7013526  71.53
1960-1964      5-9      0.00053  0.00262  2.49   97538     256  487050  6622570  67.90
1960-1964     10-14     0.00056  0.00278  2.60   97283     270  485765  6135520  63.07
1960-1964     15-19     0.00086  0.00430  2.83   97012     417  484155  5649755  58.24
1960-1964     20-24     0.00184  0.00915  2.62   96595     884  480871  5165600  53.48
1960-1964     25-29     0.00165  0.00823  2.42   95711     788  476521  4684729  48.95
1960-1964     30-34     0.00169  0.00840  2.58   94924     798  472690  4208208  44.33
1960-1964     35-39     0.00237  0.01178  2.67   94126    1109  468045  3735518  39.69
1960-1964     40-44     0.00375  0.01859  2.67   93017    1729  461050  3267473  35.13
1960-1964     45-49     0.00524  0.02589  2.59   91288    2364  450733  2806423  30.74
1960-1964     50-54     0.00754  0.03709  2.73   88924    3298  437120  2355690  26.49
1960-1964     55-59     0.01297  0.06290  2.60   85626    5386  415194  1918570  22.41
1960-1964     60-64     0.01623  0.07808  2.59   80240    6265  386084  1503376  18.74
1960-1964     65-69     0.02471  0.11662  2.60   73975    8627  349186  1117292  15.10
1960-1964     70-74     0.03797  0.17441  2.67   65348   11397  300152   768105  11.75
1960-1964     75-79     0.07061  0.30242  2.63   53950   16316  231061   467954   8.67
1960-1964     80-84     0.11715  0.45199  2.47   37635   17011  145205   236892   6.29
1960-1964     85-89     0.19212  0.63252  2.30   20624   13045   67900    91687   4.45
1960-1964     90-94     0.29728  0.79317  2.06    7579    6011   20221    23787   3.14
1960-1964     95-99     0.42842  0.90035  1.78    1568    1411    3294     3566   2.27
1960-1964    100-104    0.57099  0.95514  1.52     156     149     261      271   1.74
1960-1964    105-109    0.70411  0.97865  1.31       7       7      10       10   1.42
1960-1964    110+       0.79910  1.00000  1.25       0       0       0        0   1.25
1965-1969        0      0.01616  0.01593  0.12  100000    1593   98593  7107936  71.08
1965-1969      1-4      0.00106  0.00424  1.77   98407     417  392697  7009343  71.23
1965-1969      5-9      0.00066  0.00330  2.51   97990     323  489145  6616646  67.52
1965-1969     10-14     0.00050  0.00248  2.83   97666     243  487806  6127502  62.74
1965-1969     15-19     0.00156  0.00776  2.71   97424     756  485386  5639696  57.89
1965-1969     20-24     0.00167  0.00830  2.48   96668     803  481320  5154310  53.32
1965-1969     25-29     0.00195  0.00969  2.57   95865     929  477064  4672990  48.75
1965-1969     30-34     0.00210  0.01044  2.49   94936     991  472196  4195926  44.20
1965-1969     35-39     0.00208  0.01035  2.52   93945     972  467308  3723730  39.64
1965-1969     40-44     0.00273  0.01359  2.73   92973    1263  461997  3256422  35.03
1965-1969     45-49     0.00526  0.02596  2.70   91709    2381  453064  2794425  30.47
1965-1969     50-54     0.00788  0.03869  2.65   89328    3456  438520  2341361  26.21
1965-1969     55-59     0.01217  0.05916  2.62   85872    5080  417288  1902840  22.16
1965-1969     60-64     0.01713  0.08234  2.64   80792    6652  388282  1485553  18.39
1965-1969     65-69     0.02877  0.13456  2.60   74140    9976  346792  1097271  14.80
1965-1969     70-74     0.04049  0.18433  2.57   64164   11827  292115   750479  11.70
1965-1969     75-79     0.06882  0.29536  2.60   52337   15458  224616   458364   8.76
1965-1969     80-84     0.11696  0.45114  2.47   36879   16637  142250   233748   6.34
1965-1969     85-89     0.18873  0.62521  2.30   20241   12655   67056    91497   4.52
1965-1969     90-94     0.28869  0.78250  2.07    7586    5936   20563    24441   3.22
1965-1969     95-99     0.41357  0.89121  1.81    1650    1471    3556     3878   2.35
1965-1969    100-104    0.55098  0.94953  1.55     180     170     309      323   1.80
1965-1969    105-109    0.68229  0.97575  1.34       9       9      13       13   1.46
1965-1969    110+       0.77832  1.00000  1.28       0       0       0        0   1.28
1970-1974        0      0.01412  0.01395  0.12  100000    1395   98774  7121957  71.22
1970-1974      1-4      0.00074  0.00297  1.62   98605     293  393726  7023182  71.23
1970-1974      5-9      0.00054  0.00270  2.28   98313     266  490840  6629456  67.43
1970-1974     10-14     0.00033  0.00163  2.97   98047     160  489911  6138616  62.61
1970-1974     15-19     0.00126  0.00628  2.72   97887     615  488035  5648706  57.71
1970-1974     20-24     0.00144  0.00719  2.56   97272     699  484656  5160671  53.05
1970-1974     25-29     0.00197  0.00982  2.57   96573     948  480560  4676015  48.42
1970-1974     30-34     0.00206  0.01025  2.54   95625     980  475717  4195454  43.87
1970-1974     35-39     0.00261  0.01294  2.53   94644    1225  470193  3719738  39.30
1970-1974     40-44     0.00296  0.01468  2.70   93419    1371  463947  3249544  34.78
1970-1974     45-49     0.00548  0.02707  2.65   92048    2492  454374  2785597  30.26
1970-1974     50-54     0.00771  0.03786  2.71   89556    3391  440006  2331223  26.03
1970-1974     55-59     0.01364  0.06606  2.62   86166    5692  417273  1891217  21.95
1970-1974     60-64     0.01800  0.08632  2.64   80474    6947  385942  1473944  18.32
1970-1974     65-69     0.02938  0.13725  2.60   73527   10092  343452  1088002  14.80
1970-1974     70-74     0.04304  0.19481  2.57   63435   12358  287116   744551  11.74
1970-1974     75-79     0.06655  0.28608  2.55   51078   14612  219565   457435   8.96
1970-1974     80-84     0.10857  0.42732  2.51   36466   15582  143518   237870   6.52
1970-1974     85-89     0.18638  0.62200  2.33   20883   12989   69693    94352   4.52
1970-1974     90-94     0.29796  0.79520  2.07    7894    6277   21067    24660   3.12
1970-1974     95-99     0.43899  0.90704  1.77    1617    1466    3340     3593   2.22
1970-1974    100-104    0.59143  0.96049  1.49     150     144     244      252   1.68
1970-1974    105-109    0.72989  0.98172  1.28       6       6       8        8   1.37
1970-1974    110+       0.82501  1.00000  1.21       0       0       0        0   1.21
1975-1979        0      0.00997  0.00988  0.13  100000     988   99140  7335807  73.36
1975-1979      1-4      0.00095  0.00380  1.66   99012     376  395167  7236667  73.09
1975-1979      5-9      0.00054  0.00272  2.39   98636     268  492481  6841501  69.36
1975-1979     10-14     0.00038  0.00192  2.85   98368     189  491433  6349019  64.54
1975-1979     15-19     0.00126  0.00628  2.69   98179     617  489467  5857586  59.66
1975-1979     20-24     0.00128  0.00640  2.42   97562     624  486201  5368119  55.02
1975-1979     25-29     0.00111  0.00555  2.50   96938     538  483342  4881919  50.36
1975-1979     30-34     0.00138  0.00689  2.63   96400     664  480428  4398576  45.63
1975-1979     35-39     0.00200  0.00995  2.63   95736     953  476422  3918148  40.93
1975-1979     40-44     0.00290  0.01439  2.68   94783    1364  470750  3441726  36.31
1975-1979     45-49     0.00461  0.02280  2.66   93419    2130  462103  2970976  31.80
1975-1979     50-54     0.00689  0.03390  2.66   91289    3095  449217  2508873  27.48
1975-1979     55-59     0.01128  0.05497  2.67   88194    4848  429690  2059655  23.35
1975-1979     60-64     0.01692  0.08129  2.60   83346    6776  400453  1629966  19.56
1975-1979     65-69     0.02402  0.11361  2.63   76571    8700  362224  1229513  16.06
1975-1979     70-74     0.03722  0.17080  2.59   67871   11593  311449   867288  12.78
1975-1979     75-79     0.05756  0.25224  2.55   56279   14196  246610   555839   9.88
1975-1979     80-84     0.09197  0.37475  2.53   42083   15771  171472   309229   7.35
1975-1979     85-89     0.15389  0.54871  2.39   26312   14438   93821   137757   5.24
1975-1979     90-94     0.24362  0.72195  2.18   11874    8573   35189    43936   3.70
1975-1979     95-99     0.36184  0.85524  1.92    3302    2824    7804     8747   2.65
1975-1979    100-104    0.49932  0.93285  1.64     478     446     893      943   1.97
1975-1979    105-109    0.63800  0.96907  1.41      32      31      49       50   1.56
1975-1979    110+       0.74315  1.00000  1.35       1       1       1        1   1.35
1980-1984        0      0.00754  0.00749  0.13  100000     749   99351  7379282  73.79
1980-1984      1-4      0.00041  0.00165  2.08   99251     163  396688  7279931  73.35
1980-1984      5-9      0.00028  0.00142  1.75   99087     141  494979  6883242  69.47
1980-1984     10-14     0.00030  0.00150  3.00   98946     149  494434  6388263  64.56
1980-1984     15-19     0.00114  0.00569  2.84   98798     562  492775  5893829  59.66
1980-1984     20-24     0.00130  0.00647  2.44   98236     636  489554  5401054  54.98
1980-1984     25-29     0.00130  0.00647  2.46   97600     631  486399  4911500  50.32
1980-1984     30-34     0.00122  0.00609  2.55   96969     590  483396  4425101  45.63
1980-1984     35-39     0.00149  0.00741  2.69   96379     714  480244  3941705  40.90
1980-1984     40-44     0.00250  0.01241  2.95   95664    1188  475884  3461461  36.18
1980-1984     45-49     0.00386  0.01914  2.64   94477    1809  468117  2985577  31.60
1980-1984     50-54     0.00682  0.03362  2.81   92668    3116  456528  2517460  27.17
1980-1984     55-59     0.01021  0.04985  2.65   89552    4464  437264  2060932  23.01
1980-1984     60-64     0.01591  0.07656  2.54   85088    6515  409388  1623669  19.08
1980-1984     65-69     0.02738  0.12831  2.55   78574   10082  368218  1214281  15.45
1980-1984     70-74     0.04184  0.18978  2.55   68492   12998  310658   846063  12.35
1980-1984     75-79     0.05993  0.26093  2.52   55494   14480  241607   535405   9.65
1980-1984     80-84     0.09338  0.37725  2.45   41014   15472  165686   293799   7.16
1980-1984     85-89     0.16608  0.57686  2.35   25541   14734   88716   128112   5.02
1980-1984     90-94     0.24843  0.72894  2.17   10808    7878   31711    39396   3.65
1980-1984     95-99     0.36604  0.85836  1.91    2930    2515    6870     7684   2.62
1980-1984    100-104    0.50195  0.93369  1.64     415     387     772      815   1.96
1980-1984    105-109    0.63864  0.96911  1.41      28      27      42       43   1.56
1980-1984    110+       0.74232  1.00000  1.35       1       1       1        1   1.35
1985-1989        0      0.00561  0.00559  0.14  100000     559   99518  7508250  75.08
1985-1989      1-4      0.00028  0.00114  2.24   99441     113  397566  7408732  74.50
1985-1989      5-9      0.00029  0.00147  3.21   99328     146  496379  7011166  70.59
1985-1989     10-14     0.00022  0.00111  3.58   99182     110  495754  6514787  65.69
1985-1989     15-19     0.00104  0.00517  2.70   99072     512  494183  6019033  60.75
1985-1989     20-24     0.00113  0.00562  2.19   98560     554  491246  5524850  56.06
1985-1989     25-29     0.00125  0.00622  2.72   98006     609  488641  5033604  51.36
1985-1989     30-34     0.00093  0.00463  2.57   97397     451  485885  4544963  46.66
1985-1989     35-39     0.00130  0.00646  2.96   96946     627  483452  4059077  41.87
1985-1989     40-44     0.00205  0.01020  2.74   96319     983  479377  3575625  37.12
1985-1989     45-49     0.00341  0.01691  2.64   95336    1612  472883  3096248  32.48
1985-1989     50-54     0.00562  0.02774  2.56   93724    2600  462287  2623365  27.99
1985-1989     55-59     0.00846  0.04147  2.59   91124    3779  446504  2161078  23.72
1985-1989     60-64     0.01387  0.06722  2.69   87345    5871  423173  1714575  19.63
1985-1989     65-69     0.02288  0.10841  2.59   81474    8832  386048  1291401  15.85
1985-1989     70-74     0.03822  0.17526  2.63   72642   12731  333079   905354  12.46
1985-1989     75-79     0.06373  0.27464  2.49   59911   16454  258182   572275   9.55
1985-1989     80-84     0.09812  0.39473  2.53   43457   17154  174831   314093   7.23
1985-1989     85-89     0.15275  0.54647  2.40   26303   14374   94100   139262   5.29
1985-1989     90-94     0.23797  0.71218  2.18   11929    8496   35701    45162   3.79
1985-1989     95-99     0.34672  0.84147  1.94    3433    2889    8333     9461   2.76
1985-1989    100-104    0.47390  0.92183  1.69     544     502    1059     1129   2.07
1985-1989    105-109    0.60530  0.96246  1.46      43      41      68       70   1.64
1985-1989    110+       0.70782  1.00000  1.41       2       2       2        2   1.41
1990-1994        0      0.00559  0.00556  0.14  100000     556   99521  7618087  76.18
1990-1994      1-4      0.00039  0.00155  1.64   99444     154  397412  7518566  75.61
1990-1994      5-9      0.00011  0.00057  2.66   99290      56  496318  7121154  71.72
1990-1994     10-14     0.00015  0.00073  2.90   99234      72  496018  6624835  66.76
1990-1994     15-19     0.00098  0.00488  3.24   99162     484  494959  6128818  61.81
1990-1994     20-24     0.00100  0.00501  2.27   98678     494  492039  5633859  57.09
1990-1994     25-29     0.00090  0.00450  2.59   98184     441  489853  5141820  52.37
1990-1994     30-34     0.00094  0.00470  2.92   97742     460  487757  4651967  47.59
1990-1994     35-39     0.00123  0.00614  2.76   97283     598  485078  4164210  42.81
1990-1994     40-44     0.00166  0.00825  2.65   96685     798  481554  3679132  38.05
1990-1994     45-49     0.00271  0.01347  2.75   95887    1292  476529  3197578  33.35
1990-1994     50-54     0.00454  0.02249  2.85   94595    2128  468408  2721049  28.77
1990-1994     55-59     0.00786  0.03857  2.66   92468    3566  453978  2252641  24.36
1990-1994     60-64     0.01234  0.06003  2.75   88901    5337  432501  1798663  20.23
1990-1994     65-69     0.02057  0.09792  2.55   83564    8183  397777  1366163  16.35
1990-1994     70-74     0.03599  0.16606  2.67   75381   12518  347766   968386  12.85
1990-1994     75-79     0.05871  0.25714  2.59   62864   16165  275325   620620   9.87
1990-1994     80-84     0.09426  0.38180  2.51   46699   17830  189156   345295   7.39
1990-1994     85-89     0.15201  0.54008  2.32   28869   15592  102574   156139   5.41
1990-1994     90-94     0.22134  0.68389  2.21   13277    9080   41024    53566   4.03
1990-1994     95-99     0.31699  0.81195  2.00    4197    3408   10751    12542   2.99
1990-1994    100-104    0.43061  0.89949  1.76     789     710    1649     1791   2.27
1990-1994    105-109    0.55235  0.94892  1.54      79      75     136      143   1.80
1990-1994    110+       0.65062  1.00000  1.54       4       4       6        6   1.54
1995-1999        0      0.00475  0.00473  0.14  100000     473   99593  7677020  76.77
1995-1999      1-4      0.00031  0.00123  2.05   99527     122  397870  7577427  76.13
1995-1999      5-9      0.00023  0.00113  1.99   99405     112  496686  7179557  72.23
1995-1999     10-14     0.00011  0.00057  3.15   99293      57  496357  6682871  67.30
1995-1999     15-19     0.00069  0.00346  2.81   99236     343  495427  6186514  62.34
1995-1999     20-24     0.00078  0.00388  2.08   98893     384  493342  5691087  57.55
1995-1999     25-29     0.00077  0.00386  2.57   98509     380  491621  5197745  52.76
1995-1999     30-34     0.00082  0.00407  2.39   98129     400  489602  4706124  47.96
1995-1999     35-39     0.00107  0.00534  2.54   97730     522  487364  4216522  43.14
1995-1999     40-44     0.00167  0.00833  2.69   97208     810  484173  3729158  38.36
1995-1999     45-49     0.00232  0.01155  2.59   96398    1113  479313  3244985  33.66
1995-1999     50-54     0.00347  0.01722  2.77   95285    1641  472759  2765673  29.03
1995-1999     55-59     0.00789  0.03874  2.63   93644    3627  459629  2292913  24.49
1995-1999     60-64     0.01189  0.05790  2.73   90017    5212  438279  1833284  20.37
1995-1999     65-69     0.01931  0.09243  2.68   84805    7839  405853  1395005  16.45
1995-1999     70-74     0.03420  0.15808  2.61   76966   12167  355718   989153  12.85
1995-1999     75-79     0.05808  0.25530  2.63   64799   16543  284851   633435   9.78
1995-1999     80-84     0.09706  0.38945  2.46   48256   18793  193623   348584   7.22
1995-1999     85-89     0.15361  0.54772  2.38   29463   16137  105056   154961   5.26
1995-1999     90-94     0.24093  0.71699  2.18   13325    9554   39655    49904   3.75
1995-1999     95-99     0.35205  0.84629  1.93    3771    3191    9065    10249   2.72
1995-1999    100-104    0.48158  0.92526  1.67     580     536    1114     1184   2.04
1995-1999    105-109    0.61446  0.96442  1.44      43      42      68       70   1.62
1995-1999    110+       0.71740  1.00000  1.39       2       2       2        2   1.39
2000-2004        0      0.00318  0.00317  0.14  100000     317   99728  7861308  78.61
2000-2004      1-4      0.00016  0.00066  0.93   99683      65  398530  7761580  77.86
2000-2004      5-9      0.00011  0.00054  1.64   99617      53  497908  7363050  73.91
2000-2004     10-14     0.00014  0.00069  2.41   99564      69  497641  6865142  68.95
2000-2004     15-19     0.00049  0.00244  2.98   99495     243  496985  6367501  64.00
2000-2004     20-24     0.00105  0.00521  2.39   99252     517  494908  5870516  59.15
2000-2004     25-29     0.00094  0.00468  2.59   98734     462  492559  5375608  54.45
2000-2004     30-34     0.00078  0.00387  2.51   98273     381  490418  4883049  49.69
2000-2004     35-39     0.00071  0.00355  2.77   97892     348  488686  4392631  44.87
2000-2004     40-44     0.00141  0.00705  2.72   97545     687  486155  3903945  40.02
2000-2004     45-49     0.00230  0.01145  2.77   96857    1109  481815  3417789  35.29
2000-2004     50-54     0.00347  0.01720  2.62   95748    1647  474815  2935974  30.66
2000-2004     55-59     0.00580  0.02862  2.75   94101    2693  464438  2461159  26.15
2000-2004     60-64     0.00944  0.04627  2.82   91408    4229  447834  1996721  21.84
2000-2004     65-69     0.01500  0.07253  2.73   87178    6323  421522  1548887  17.77
2000-2004     70-74     0.02736  0.12831  2.59   80855   10374  379235  1127365  13.94
2000-2004     75-79     0.04807  0.21520  2.57   70481   15167  315500   748129  10.61
2000-2004     80-84     0.08057  0.33386  2.44   55313   18467  229202   432629   7.82
2000-2004     85-89     0.13893  0.51403  2.47   36847   18940  136327   203428   5.52
2000-2004     90-94     0.23809  0.71502  2.21   17906   12803   53775    67101   3.75
2000-2004     95-99     0.36689  0.86076  1.92    5103    4392   11972    13326   2.61
2000-2004    100-104    0.51779  0.94038  1.61     711     668    1290     1354   1.91
2000-2004    105-109    0.66710  0.97413  1.37      42      41      62       63   1.49
2000-2004    110+       0.77647  1.00000  1.29       1       1       1        1   1.29
2005-2009        0      0.00240  0.00239  0.14  100000     239   99795  7954400  79.54
2005-2009      1-4      0.00025  0.00098  1.43   99761      98  398791  7854605  78.73
2005-2009      5-9      0.00006  0.00028  2.48   99663      28  498244  7455814  74.81
2005-2009     10-14     0.00012  0.00061  2.47   99635      60  498022  6957569  69.83
2005-2009     15-19     0.00051  0.00255  3.35   99575     254  497455  6459547  64.87
2005-2009     20-24     0.00079  0.00395  2.60   99321     393  495662  5962092  60.03
2005-2009     25-29     0.00064  0.00321  2.72   98928     317  493920  5466431  55.26
2005-2009     30-34     0.00072  0.00361  2.69   98611     355  492234  4972511  50.43
2005-2009     35-39     0.00076  0.00378  2.68   98256     371  490418  4480277  45.60
2005-2009     40-44     0.00122  0.00611  2.95   97884     598  488195  3989859  40.76
2005-2009     45-49     0.00190  0.00944  2.67   97287     918  484298  3501665  35.99
2005-2009     50-54     0.00325  0.01611  2.62   96368    1552  478154  3017367  31.31
2005-2009     55-59     0.00483  0.02384  2.49   94816    2260  468409  2539213  26.78
2005-2009     60-64     0.00914  0.04476  2.65   92556    4143  453022  2070804  22.37
2005-2009     65-69     0.01391  0.06740  2.73   88413    5959  428514  1617782  18.30
2005-2009     70-74     0.02497  0.11807  2.69   82454    9735  389828  1189268  14.42
2005-2009     75-79     0.04078  0.18586  2.62   72718   13515  331410   799440  10.99
2005-2009     80-84     0.07853  0.33119  2.64   59203   19608  249675   468030   7.91
2005-2009     85-89     0.13773  0.51183  2.49   39595   20266  147141   218355   5.51
2005-2009     90-94     0.24175  0.72295  2.22   19329   13974   57803    71215   3.68
2005-2009     95-99     0.38396  0.87476  1.89    5355    4685   12201    13412   2.50
2005-2009    100-104    0.54741  0.95022  1.56     671     637    1164     1212   1.81
2005-2009    105-109    0.70338  0.97914  1.32      33      33      46       47   1.42
2005-2009    110+       0.81219  1.00000  1.23       1       1       1        1   1.23
2010-2014        0      0.00128  0.00128  0.15  100000     128   99891  8056222  80.56
2010-2014      1-4      0.00017  0.00066  1.12   99872      66  399296  7956332  79.67
2010-2014      5-9      0.00011  0.00053  2.06   99806      53  498872  7557035  75.72
2010-2014     10-14     0.00009  0.00046  2.48   99752      46  498646  7058164  70.76
2010-2014     15-19     0.00031  0.00153  2.47   99706     153  498145  6559517  65.79
2010-2014     20-24     0.00048  0.00242  2.82   99553     241  497241  6061373  60.89
2010-2014     25-29     0.00066  0.00328  2.38   99312     325  495711  5564131  56.03
2010-2014     30-34     0.00102  0.00510  2.54   98987     505  493692  5068420  51.20
2010-2014     35-39     0.00084  0.00420  2.26   98482     413  491276  4574728  46.45
2010-2014     40-44     0.00120  0.00600  2.58   98069     589  488917  4083451  41.64
2010-2014     45-49     0.00178  0.00888  2.61   97480     866  485331  3594534  36.87
2010-2014     50-54     0.00281  0.01396  2.64   96614    1349  479890  3109203  32.18
2010-2014     55-59     0.00465  0.02303  2.83   95266    2194  471572  2629314  27.60
2010-2014     60-64     0.00697  0.03425  2.56   93072    3188  457595  2157742  23.18
2010-2014     65-69     0.01280  0.06220  2.75   89884    5591  436824  1700147  18.91
2010-2014     70-74     0.02021  0.09650  2.66   84293    8134  402414  1263323  14.99
2010-2014     75-79     0.03845  0.17629  2.65   76159   13426  349200   860909  11.30
2010-2014     80-84     0.07131  0.30373  2.56   62732   19054  267180   511708   8.16
2010-2014     85-89     0.12998  0.49245  2.54   43679   21509  165480   244529   5.60
2010-2014     90-94     0.25370  0.73357  2.13   22169   16263   64102    79048   3.57
2010-2014     95-99     0.37928  0.87192  1.90    5907    5150   13579    14946   2.53
2010-2014    100-104    0.54695  0.95038  1.57     756     719    1314     1367   1.81
2010-2014    105-109    0.70693  0.97966  1.31      38      37      52       53   1.41
2010-2014    110+       0.81755  1.00000  1.22       1       1       1        1   1.22
2015-2018        0      0.00188  0.00188  0.15  100000     188   99839  8079965  80.80
2015-2018      1-4      0.00020  0.00079  1.75   99812      79  399070  7980126  79.95
2015-2018      5-9      0.00002  0.00010  0.50   99733      10  498617  7581056  76.01
2015-2018     10-14     0.00013  0.00066  1.52   99722      66  498381  7082439  71.02
2015-2018     15-19     0.00055  0.00277  3.11   99656     276  497760  6584058  66.07
2015-2018     20-24     0.00045  0.00227  2.89   99380     225  496425  6086298  61.24
2015-2018     25-29     0.00078  0.00389  2.18   99155     385  494688  5589873  56.38
2015-2018     30-34     0.00118  0.00588  2.53   98769     581  492415  5095186  51.59
2015-2018     35-39     0.00120  0.00598  2.66   98188     587  489566  4602771  46.88
2015-2018     40-44     0.00116  0.00579  2.78   97602     565  486751  4113204  42.14
2015-2018     45-49     0.00159  0.00792  3.07   97036     768  483699  3626454  37.37
2015-2018     50-54     0.00257  0.01276  2.76   96268    1228  478585  3142755  32.65
2015-2018     55-59     0.00492  0.02430  2.58   95040    2310  469609  2664170  28.03
2015-2018     60-64     0.00587  0.02893  2.61   92731    2682  457246  2194560  23.67
2015-2018     65-69     0.01136  0.05528  2.56   90048    4978  438106  1737314  19.29
2015-2018     70-74     0.02119  0.10093  2.66   85070    8586  405253  1299208  15.27
2015-2018     75-79     0.03304  0.15331  2.66   76484   11726  354922   893956  11.69
2015-2018     80-84     0.06840  0.29506  2.67   64758   19107  279363   539034   8.32
2015-2018     85-89     0.13205  0.49814  2.54   45650   22740  172215   259671   5.69
2015-2018     90-94     0.23012  0.70419  2.25   22910   16133   70106    87455   3.82
2015-2018     95-99     0.37423  0.86838  1.91    6777    5885   15725    17349   2.56
2015-2018    100-104    0.54297  0.94934  1.57     892     847    1560     1624   1.82
2015-2018    105-109    0.70475  0.97945  1.31      45      44      63       64   1.41
2015-2018    110+       0.81675  1.00000  1.22       1       1       1        1   1.22
