PopName,Area,Sex,Year,YearReg,RefCode,Access,Births,NoteCode1,NoteCode2,NoteCode3,LDB
DEUTE,1,m,1946,1946,13,O,98183,4,5,.,1
DEUTE,1,f,1946,1946,13,O,90496,4,5,.,1
DEUTE,1,m,1947,1947,13,O,128008,4,5,.,1
DEUTE,1,f,1947,1947,13,O,119267,4,5,.,1
DEUTE,1,m,1948,1948,13,O,126384,4,5,.,1
DEUTE,1,f,1948,1948,13,O,116927,4,5,.,1
DEUTE,1,m,1949,1949,13,O,141790,4,5,.,1
DEUTE,1,f,1949,1949,13,O,132232,4,5,.,1
DEUTE,1,m,1950,1950,13,O,157247,4,5,.,1
DEUTE,1,f,1950,1950,13,O,146619,4,5,.,1
DEUTE,1,m,1951,1951,13,O,161117,4,5,.,1
DEUTE,1,f,1951,1951,13,O,149655,4,5,.,1
DEUTE,1,m,1952,1952,13,O,158109,4,5,.,1
DEUTE,1,f,1952,1952,13,O,147895,4,5,.,1
DEUTE,1,m,1953,1953,13,O,154745,4,5,.,1
DEUTE,1,f,1953,1953,13,O,144188,4,5,.,1
DEUTE,1,m,1954,1954,13,O,151693,4,5,.,1
DEUTE,1,f,1954,1954,13,O,142022,4,5,.,1
DEUTE,1,m,1955,1955,13,O,151844,4,5,.,1
DEUTE,1,f,1955,1955,13,O,141436,4,5,.,1
DEUTE,1,m,1956,1956,13,O,145012,4,5,.,1
DEUTE,1,f,1956,1956,13,O,136270,4,5,.,1
DEUTE,1,m,1957,1957,13,O,141221,4,5,.,1
DEUTE,1,f,1957,1957,13,O,132106,4,5,.,1
DEUTE,1,m,1958,1958,13,O,140234,4,5,.,1
DEUTE,1,f,1958,1958,13,O,131171,4,5,.,1
DEUTE,1,m,1959,1959,13,O,150586,4,5,.,1
DEUTE,1,f,1959,1959,13,O,141394,4,5,.,1
DEUTE,1,m,1960,1960,13,O,150746,4,5,.,1
DEUTE,1,f,1960,1960,13,O,142239,4,5,.,1
DEUTE,1,m,1961,1961,13,O,154827,4,5,.,1
DEUTE,1,f,1961,1961,13,O,145991,4,5,.,1
DEUTE,1,m,1962,1962,13,O,153482,1,4,5,1
DEUTE,1,f,1962,1962,13,O,144500,1,4,5,1
DEUTE,1,m,1963,1963,13,O,155174,1,4,5,1
DEUTE,1,f,1963,1963,13,O,146298,1,4,5,1
DEUTE,1,m,1964,1964,13,O,150067,1,4,5,1
DEUTE,1,f,1964,1964,13,O,141800,1,4,5,1
DEUTE,1,m,1965,1965,13,O,145270,1,4,5,1
DEUTE,1,f,1965,1965,13,O,135788,1,4,5,1
DEUTE,1,m,1966,1966,13,O,137561,1,4,5,1
DEUTE,1,f,1966,1966,13,O,130397,1,4,5,1
DEUTE,1,m,1967,1967,13,O,130015,1,4,5,1
DEUTE,1,f,1967,1967,13,O,122802,1,4,5,1
DEUTE,1,m,1968,1968,13,O,126171,1,4,5,1
DEUTE,1,f,1968,1968,13,O,118972,1,4,5,1
DEUTE,1,m,1969,1969,13,O,123013,1,4,5,1
DEUTE,1,f,1969,1969,13,O,115897,1,4,5,1
DEUTE,1,m,1970,1970,13,O,121601,1,4,5,1
DEUTE,1,f,1970,1970,13,O,115328,1,4,5,1
DEUTE,1,m,1971,1971,13,O,120938,1,4,5,1
DEUTE,1,f,1971,1971,13,O,113932,1,4,5,1
DEUTE,1,m,1972,1972,13,O,103135,1,4,5,1
DEUTE,1,f,1972,1972,13,O,97308,1,4,5,1
DEUTE,1,m,1973,1973,13,O,92718,1,4,5,1
DEUTE,1,f,1973,1973,13,O,87618,1,4,5,1
DEUTE,1,m,1974,1974,13,O,92030,1,4,5,1
DEUTE,1,f,1974,1974,13,O,87097,1,4,5,1
DEUTE,1,m,1975,1975,13,O,93655,1,4,5,1
DEUTE,1,f,1975,1975,13,O,88143,1,4,5,1
DEUTE,1,m,1976,1976,13,O,100364,1,4,5,1
DEUTE,1,f,1976,1976,13,O,95119,1,4,5,1
DEUTE,1,m,1977,1977,13,O,114914,1,4,5,1
DEUTE,1,f,1977,1977,13,O,108238,1,4,5,1
DEUTE,1,m,1978,1978,13,O,119518,1,4,5,1
DEUTE,1,f,1978,1978,13,O,112633,1,4,5,1
DEUTE,1,m,1979,1979,13,O,121415,2,4,5,1
DEUTE,1,f,1979,1979,13,O,113818,2,4,5,1
DEUTE,1,m,1980,1980,13,O,125668,2,4,5,1
DEUTE,1,f,1980,1980,13,O,119464,2,4,5,1
DEUTE,1,m,1981,1981,13,O,121907,2,4,5,1
DEUTE,1,f,1981,1981,13,O,115636,2,4,5,1
DEUTE,1,m,1982,1982,13,O,123466,2,4,5,1
DEUTE,1,f,1982,1982,13,O,116636,2,4,5,1
DEUTE,1,m,1983,1983,13,O,120184,2,4,5,1
DEUTE,1,f,1983,1983,13,O,113572,2,4,5,1
DEUTE,1,m,1984,1984,13,O,117127,2,4,5,1
DEUTE,1,f,1984,1984,13,O,111008,2,4,5,1
DEUTE,1,m,1985,1985,13,O,117195,2,4,5,1
DEUTE,1,f,1985,1985,13,O,110453,2,4,5,1
DEUTE,1,m,1986,1986,13,O,113717,2,4,5,1
DEUTE,1,f,1986,1986,13,O,108552,2,4,5,1
DEUTE,1,m,1987,1987,13,O,116012,2,4,5,1
DEUTE,1,f,1987,1987,13,O,109947,2,4,5,1
DEUTE,1,m,1988,1988,13,O,110913,2,4,5,1
DEUTE,1,f,1988,1988,13,O,104821,2,4,5,1
DEUTE,1,m,1989,1989,13,O,102407,2,4,5,1
DEUTE,1,f,1989,1989,13,O,96515,2,4,5,1
DEUTE,1,m,1990,1990,13,O,91652,2,5,.,1
DEUTE,1,f,1990,1990,13,O,86824,2,5,.,1
DEUTE,1,m,1991,1991,13,O,55042,3,4,5,1
DEUTE,1,f,1991,1991,13,O,52727,3,4,5,1
DEUTE,1,m,1992,1992,13,O,45308,3,4,5,1
DEUTE,1,f,1992,1992,13,O,43012,3,4,5,1
DEUTE,1,m,1993,1993,13,O,41508,3,4,5,1
DEUTE,1,f,1993,1993,13,O,39024,3,4,5,1
DEUTE,1,m,1994,1994,13,O,40466,3,4,5,1
DEUTE,1,f,1994,1994,13,O,38232,3,4,5,1
DEUTE,1,m,1995,1995,13,O,43166,3,4,5,1
DEUTE,1,f,1995,1995,13,O,40681,3,4,5,1
DEUTE,1,m,1996,1996,13,O,47902,3,4,5,1
DEUTE,1,f,1996,1996,13,O,45423,3,4,5,1
DEUTE,1,m,1997,1997,13,O,51542,3,4,5,1
DEUTE,1,f,1997,1997,13,O,48716,3,4,5,1
DEUTE,1,m,1998,1998,13,O,52613,3,4,5,1
DEUTE,1,f,1998,1998,13,O,50249,3,4,5,1
DEUTE,1,m,1999,1999,13,O,54876,3,4,5,1
DEUTE,1,f,1999,1999,13,O,51850,3,4,5,1
DEUTE,1,m,2000,2000,14,O,57109,3,4,.,1
DEUTE,1,f,2000,2000,14,O,54158,3,4,.,1
DEUTE,1,m,2001,2001,21,O,55412,3,4,6,1
DEUTE,1,m,2002,2002,21,O,54755,3,4,6,1
DEUTE,1,m,2003,2003,22,O,54587,3,4,6,1
DEUTE,1,m,2004,2004,23,O,56431,3,4,6,1
DEUTE,1,f,2001,2001,21,O,52434,3,4,6,1
DEUTE,1,f,2002,2002,21,O,51873,3,4,6,1
DEUTE,1,f,2003,2003,22,O,52339,3,4,6,1
DEUTE,1,f,2004,2004,23,O,53540,3,4,6,1
DEUTE,1,m,2005,2005,29,O,55047,3,6,.,1
DEUTE,1,f,2005,2005,29,O,52915,3,6,.,1
DEUTE,1,m,2006,2006,29,O,55800,3,6,.,1
DEUTE,1,f,2006,2006,29,O,52401,3,6,.,1
DEUTE,1,m,2007,2007,29,O,58007,3,6,.,1
DEUTE,1,f,2007,2007,29,O,54492,3,6,.,1
DEUTE,1,m,2008,2008,29,O,58641,3,6,.,1
DEUTE,1,f,2008,2008,29,O,55911,3,6,.,1
DEUTE,1,m,2009,2009,29,O,57909,3,6,.,1
DEUTE,1,f,2009,2009,29,O,55193,3,6,.,1
DEUTE,1,m,2010,2010,29,O,59425,3,6,.,1
DEUTE,1,f,2010,2010,29,O,56757,3,6,.,1
DEUTE,1,m,2011,2011,32,O,58080,3,6,.,1
DEUTE,1,f,2011,2011,32,O,55306,3,6,.,1
DEUTE,1,m,2012,2012,36,O,58647,3,6,.,1
DEUTE,1,f,2012,2012,36,O,56078,3,6,.,1
DEUTE,1,m,2013,2013,36,O,58976,3,6,.,1
DEUTE,1,f,2013,2013,36,O,55560,3,6,.,1
DEUTE,1,m,2014,2014,39,O,60709,3,6,.,1
DEUTE,1,f,2014,2014,39,O,58021,3,6,.,1
DEUTE,1,m,2015,2015,39,O,61610,3,6,.,1
DEUTE,1,f,2015,2015,39,O,58488,3,6,.,1
DEUTE,1,m,2016,2016,42,O,76780,8,.,.,1
DEUTE,1,m,2017,2017,42,O,75047,8,.,.,1
DEUTE,1,f,2016,2016,42,O,73189,8,.,.,1
DEUTE,1,f,2017,2017,42,O,71333,8,.,.,1
