Australia, Life tables (period 5x10), Males	Last modified: 14 Apr 2020;  Methods Protocol: v6 (2017)

  Year          Age         mx       qx    ax      lx      dx      Lx       Tx     ex
1921-1929        0      0.06482  0.06177  0.24  100000    6177   95303  6073467  60.73
1921-1929      1-4      0.00551  0.02172  1.36   93823    2037  369917  5978164  63.72
1921-1929      5-9      0.00174  0.00865  2.29   91785     794  456774  5608247  61.10
1921-1929     10-14     0.00144  0.00715  2.58   90991     651  453378  5151473  56.62
1921-1929     15-19     0.00221  0.01099  2.69   90340     993  449404  4698094  52.00
1921-1929     20-24     0.00292  0.01449  2.58   89347    1294  443603  4248691  47.55
1921-1929     25-29     0.00333  0.01651  2.56   88053    1454  436712  3805088  43.21
1921-1929     30-34     0.00384  0.01905  2.57   86599    1649  428992  3368376  38.90
1921-1929     35-39     0.00500  0.02471  2.60   84949    2099  419700  2939384  34.60
1921-1929     40-44     0.00661  0.03251  2.58   82850    2694  407721  2519684  30.41
1921-1929     45-49     0.00939  0.04591  2.57   80156    3680  391837  2111963  26.35
1921-1929     50-54     0.01297  0.06289  2.58   76476    4809  370752  1720126  22.49
1921-1929     55-59     0.01818  0.08713  2.61   71667    6244  343424  1349374  18.83
1921-1929     60-64     0.02773  0.12999  2.60   65423    8504  306733  1005950  15.38
1921-1929     65-69     0.04170  0.18898  2.52   56918   10756  257950   699217  12.28
1921-1929     70-74     0.06386  0.27640  2.57   46162   12759  199805   441267   9.56
1921-1929     75-79     0.10263  0.40633  2.44   33403   13572  132248   241463   7.23
1921-1929     80-84     0.14728  0.53174  2.39   19830   10545   71597   109215   5.51
1921-1929     85-89     0.22501  0.68563  2.15    9286    6367   28295    37618   4.05
1921-1929     90-94     0.29393  0.78044  2.00    2919    2278    7751     9323   3.19
1921-1929     95-99     0.39654  0.87725  1.82     641     562    1418     1572   2.45
1921-1929    100-104    0.50434  0.93229  1.62      79      73     145      154   1.96
1921-1929    105-109    0.61224  0.96284  1.44       5       5       8        9   1.63
1921-1929    110+       0.69660  1.00000  1.44       0       0       0        0   1.44
1930-1939        0      0.04716  0.04541  0.18  100000    4541   96286  6348324  63.48
1930-1939      1-4      0.00401  0.01588  1.48   95459    1516  378009  6252038  65.49
1930-1939      5-9      0.00154  0.00767  2.28   93943     720  467755  5874029  62.53
1930-1939     10-14     0.00124  0.00618  2.62   93223     576  464743  5406275  57.99
1930-1939     15-19     0.00184  0.00914  2.70   92646     847  461281  4941532  53.34
1930-1939     20-24     0.00240  0.01192  2.52   91799    1094  456280  4480251  48.80
1930-1939     25-29     0.00257  0.01277  2.53   90705    1158  450667  4023972  44.36
1930-1939     30-34     0.00292  0.01448  2.60   89547    1296  444622  3573305  39.90
1930-1939     35-39     0.00395  0.01955  2.61   88250    1725  437136  3128683  35.45
1930-1939     40-44     0.00531  0.02620  2.62   86525    2267  427225  2691547  31.11
1930-1939     45-49     0.00785  0.03853  2.64   84259    3247  413627  2264322  26.87
1930-1939     50-54     0.01175  0.05717  2.65   81012    4631  394183  1850694  22.84
1930-1939     55-59     0.01769  0.08489  2.63   76381    6484  366564  1456511  19.07
1930-1939     60-64     0.02657  0.12499  2.64   69897    8736  328855  1089947  15.59
1930-1939     65-69     0.04060  0.18470  2.56   61161   11297  278242   761093  12.44
1930-1939     70-74     0.06236  0.27098  2.58   49864   13512  216675   482851   9.68
1930-1939     75-79     0.10003  0.39878  2.46   36352   14496  144918   266176   7.32
1930-1939     80-84     0.14648  0.53247  2.44   21856   11638   79446   121258   5.55
1930-1939     85-89     0.22293  0.68504  2.19   10218    7000   31399    41811   4.09
1930-1939     90-94     0.28638  0.77259  2.02    3218    2486    8682    10413   3.24
1930-1939     95-99     0.41217  0.88813  1.80     732     650    1577     1730   2.36
1930-1939    100-104    0.52811  0.94117  1.58      82      77     146      153   1.87
1930-1939    105-109    0.64181  0.96878  1.40       5       5       7        7   1.55
1930-1939    110+       0.72887  1.00000  1.37       0       0       0        0   1.37
1940-1949        0      0.03727  0.03612  0.15  100000    3612   96929  6549357  65.49
1940-1949      1-4      0.00257  0.01020  1.54   96388     984  383130  6452428  66.94
1940-1949      5-9      0.00113  0.00566  2.28   95404     540  475554  6069298  63.62
1940-1949     10-14     0.00097  0.00485  2.56   94865     460  473201  5593744  58.97
1940-1949     15-19     0.00146  0.00729  2.61   94405     689  470381  5120543  54.24
1940-1949     20-24     0.00160  0.00795  2.55   93716     745  466753  4650162  49.62
1940-1949     25-29     0.00166  0.00828  2.57   92971     769  462985  4183409  45.00
1940-1949     30-34     0.00202  0.01003  2.61   92201     925  458798  3720424  40.35
1940-1949     35-39     0.00284  0.01409  2.67   91277    1286  453389  3261626  35.73
1940-1949     40-44     0.00429  0.02122  2.68   89991    1909  445520  2808237  31.21
1940-1949     45-49     0.00708  0.03485  2.68   88081    3070  433287  2362717  26.82
1940-1949     50-54     0.01127  0.05493  2.68   85012    4669  414248  1929429  22.70
1940-1949     55-59     0.01762  0.08463  2.67   80342    6799  385868  1515181  18.86
1940-1949     60-64     0.02781  0.13049  2.65   73543    9597  345151  1129313  15.36
1940-1949     65-69     0.04269  0.19337  2.57   63946   12365  289665   784162  12.26
1940-1949     70-74     0.06416  0.27749  2.57   51581   14313  223083   494497   9.59
1940-1949     75-79     0.10023  0.39992  2.47   37268   14904  148694   271414   7.28
1940-1949     80-84     0.14630  0.53087  2.42   22364   11872   81149   122720   5.49
1940-1949     85-89     0.22882  0.69340  2.16   10491    7275   31792    41571   3.96
1940-1949     90-94     0.30775  0.80027  2.00    3217    2574    8365     9779   3.04
1940-1949     95-99     0.44477  0.90759  1.74     642     583    1311     1414   2.20
1940-1949    100-104    0.57197  0.95452  1.51      59      57      99      103   1.73
1940-1949    105-109    0.69134  0.97664  1.33       3       3       4        4   1.44
1940-1949    110+       0.77885  1.00000  1.28       0       0       0        0   1.28
1950-1959        0      0.02577  0.02520  0.11  100000    2520   97763  6709659  67.10
1950-1959      1-4      0.00159  0.00635  1.55   97480     619  388407  6611896  67.83
1950-1959      5-9      0.00066  0.00328  2.36   96861     318  483469  6223489  64.25
1950-1959     10-14     0.00060  0.00301  2.65   96544     291  482035  5740020  59.46
1950-1959     15-19     0.00147  0.00731  2.86   96253     703  479757  5257985  54.63
1950-1959     20-24     0.00190  0.00947  2.44   95549     905  475430  4778227  50.01
1950-1959     25-29     0.00166  0.00827  2.48   94644     783  471248  4302797  45.46
1950-1959     30-34     0.00185  0.00920  2.58   93861     863  467213  3831549  40.82
1950-1959     35-39     0.00244  0.01212  2.65   92998    1127  462346  3364335  36.18
1950-1959     40-44     0.00368  0.01823  2.65   91871    1675  455417  2901989  31.59
1950-1959     45-49     0.00617  0.03041  2.71   90196    2743  444695  2446572  27.13
1950-1959     50-54     0.01049  0.05120  2.71   87453    4477  426993  2001877  22.89
1950-1959     55-59     0.01726  0.08301  2.70   82976    6888  399002  1574884  18.98
1950-1959     60-64     0.02713  0.12758  2.67   76088    9707  357794  1175881  15.45
1950-1959     65-69     0.04227  0.19173  2.58   66380   12727  301068   818088  12.32
1950-1959     70-74     0.06473  0.28006  2.60   53653   15026  232150   517020   9.64
1950-1959     75-79     0.09939  0.39688  2.46   38627   15330  154237   284870   7.37
1950-1959     80-84     0.14198  0.51986  2.43   23297   12111   85302   130633   5.61
1950-1959     85-89     0.22246  0.68639  2.21   11186    7678   34512    45331   4.05
1950-1959     90-94     0.30315  0.79870  2.04    3508    2802    9242    10819   3.08
1950-1959     95-99     0.43788  0.90405  1.75     706     638    1458     1577   2.23
1950-1959    100-104    0.56576  0.95295  1.52      68      65     114      119   1.75
1950-1959    105-109    0.68647  0.97602  1.33       3       3       5        5   1.45
1950-1959    110+       0.77524  1.00000  1.29       0       0       0        0   1.29
1960-1969        0      0.02161  0.02120  0.11  100000    2120   98105  6773110  67.73
1960-1969      1-4      0.00105  0.00421  1.59   97880     412  390528  6675005  68.20
1960-1969      5-9      0.00048  0.00242  2.36   97469     236  486720  6284477  64.48
1960-1969     10-14     0.00049  0.00244  2.71   97233     238  485620  5797757  59.63
1960-1969     15-19     0.00131  0.00654  2.98   96995     635  483696  5312137  54.77
1960-1969     20-24     0.00169  0.00840  2.38   96361     810  479684  4828441  50.11
1960-1969     25-29     0.00146  0.00728  2.52   95551     695  476031  4348757  45.51
1960-1969     30-34     0.00167  0.00834  2.62   94855     791  472397  3872726  40.83
1960-1969     35-39     0.00235  0.01169  2.67   94064    1099  467758  3400329  36.15
1960-1969     40-44     0.00377  0.01869  2.69   92965    1738  460803  2932571  31.54
1960-1969     45-49     0.00619  0.03052  2.71   91227    2785  449754  2471769  27.09
1960-1969     50-54     0.01034  0.05051  2.71   88443    4467  432005  2022014  22.86
1960-1969     55-59     0.01704  0.08200  2.70   83976    6886  404009  1590009  18.93
1960-1969     60-64     0.02768  0.12993  2.65   77089   10017  361915  1186000  15.38
1960-1969     65-69     0.04307  0.19510  2.59   67073   13086  303804   824085  12.29
1960-1969     70-74     0.06539  0.28220  2.57   53987   15235  232976   520281   9.64
1960-1969     75-79     0.09929  0.39650  2.46   38752   15365  154750   287305   7.41
1960-1969     80-84     0.14067  0.51548  2.41   23387   12055   85699   132555   5.67
1960-1969     85-89     0.21586  0.67355  2.21   11331    7632   35357    46857   4.14
1960-1969     90-94     0.30148  0.79699  2.04    3699    2948    9779    11499   3.11
1960-1969     95-99     0.42606  0.89724  1.77     751     674    1581     1720   2.29
1960-1969    100-104    0.55083  0.94868  1.54      77      73     133      139   1.80
1960-1969    105-109    0.67044  0.97367  1.36       4       4       6        6   1.49
1960-1969    110+       0.75973  1.00000  1.32       0       0       0        0   1.32
1970-1979        0      0.01701  0.01676  0.12  100000    1676   98517  6913510  69.14
1970-1979      1-4      0.00086  0.00343  1.64   98324     337  392501  6814993  69.31
1970-1979      5-9      0.00039  0.00195  2.31   97987     191  489420  6422491  65.54
1970-1979     10-14     0.00039  0.00196  2.72   97796     191  488543  5933071  60.67
1970-1979     15-19     0.00149  0.00745  3.03   97604     727  486586  5444528  55.78
1970-1979     20-24     0.00176  0.00876  2.34   96877     849  482128  4957942  51.18
1970-1979     25-29     0.00134  0.00667  2.47   96028     641  478520  4475814  46.61
1970-1979     30-34     0.00141  0.00704  2.58   95388     672  475312  3997294  41.91
1970-1979     35-39     0.00204  0.01017  2.68   94716     963  471346  3521982  37.18
1970-1979     40-44     0.00325  0.01615  2.74   93753    1514  465348  3050636  32.54
1970-1979     45-49     0.00571  0.02816  2.72   92239    2598  455260  2585288  28.03
1970-1979     50-54     0.00935  0.04575  2.70   89641    4101  438764  2130028  23.76
1970-1979     55-59     0.01527  0.07374  2.69   85540    6308  413103  1691263  19.77
1970-1979     60-64     0.02453  0.11595  2.65   79232    9187  374579  1278161  16.13
1970-1979     65-69     0.03841  0.17588  2.61   70045   12320  320758   903582  12.90
1970-1979     70-74     0.05932  0.25936  2.58   57725   14972  252374   582824  10.10
1970-1979     75-79     0.09234  0.37459  2.48   42754   16015  173443   330451   7.73
1970-1979     80-84     0.13548  0.50164  2.41   26739   13413   99006   157008   5.87
1970-1979     85-89     0.20283  0.65062  2.25   13325    8670   42745    58002   4.35
1970-1979     90-94     0.28461  0.77653  2.07    4656    3615   12702    15257   3.28
1970-1979     95-99     0.39534  0.87742  1.83    1040     913    2309     2555   2.46
1970-1979    100-104    0.51222  0.93586  1.61     128     119     233      246   1.93
1970-1979    105-109    0.62846  0.96643  1.42       8       8      13       13   1.58
1970-1979    110+       0.71816  1.00000  1.39       0       0       0        0   1.39
1980-1989        0      0.01064  0.01054  0.13  100000    1054   99081  7227495  72.27
1980-1989      1-4      0.00056  0.00223  1.68   98946     221  395271  7128414  72.04
1980-1989      5-9      0.00027  0.00136  2.33   98725     135  493266  6733143  68.20
1980-1989     10-14     0.00030  0.00151  2.71   98590     149  492610  6239877  63.29
1980-1989     15-19     0.00112  0.00557  3.05   98441     548  491134  5747267  58.38
1980-1989     20-24     0.00152  0.00758  2.44   97893     742  487563  5256133  53.69
1980-1989     25-29     0.00136  0.00675  2.47   97150     656  484091  4768571  49.08
1980-1989     30-34     0.00130  0.00647  2.55   96494     624  480939  4284480  44.40
1980-1989     35-39     0.00153  0.00760  2.63   95870     729  477622  3803540  39.67
1980-1989     40-44     0.00232  0.01156  2.71   95141    1099  473192  3325919  34.96
1980-1989     45-49     0.00387  0.01916  2.70   94042    1802  466068  2852726  30.33
1980-1989     50-54     0.00682  0.03355  2.70   92240    3095  454087  2386658  25.87
1980-1989     55-59     0.01154  0.05621  2.70   89146    5011  434201  1932571  21.68
1980-1989     60-64     0.01861  0.08916  2.66   84135    7501  403151  1498370  17.81
1980-1989     65-69     0.03000  0.14006  2.63   76634   10733  357771  1095218  14.29
1980-1989     70-74     0.04807  0.21552  2.60   65900   14203  295471   737447  11.19
1980-1989     75-79     0.07633  0.32126  2.54   51698   16609  217580   441977   8.55
1980-1989     80-84     0.11873  0.45579  2.45   35089   15993  134701   224397   6.40
1980-1989     85-89     0.18155  0.60907  2.30   19096   11631   64064    89696   4.70
1980-1989     90-94     0.26933  0.75709  2.11    7465    5652   20984    25631   3.43
1980-1989     95-99     0.37681  0.86490  1.87    1813    1568    4162     4647   2.56
1980-1989    100-104    0.49853  0.93124  1.64     245     228     458      485   1.98
1980-1989    105-109    0.62116  0.96530  1.43      17      16      26       27   1.60
1980-1989    110+       0.71602  1.00000  1.40       1       1       1        1   1.40
1990-1999        0      0.00684  0.00680  0.14  100000     680   99413  7525440  75.25
1990-1999      1-4      0.00040  0.00158  1.63   99320     157  396908  7426028  74.77
1990-1999      5-9      0.00017  0.00087  2.43   99163      87  495593  7029119  70.88
1990-1999     10-14     0.00020  0.00100  2.80   99077      99  495164  6533526  65.94
1990-1999     15-19     0.00081  0.00406  3.00   98977     402  494080  6038362  61.01
1990-1999     20-24     0.00124  0.00616  2.52   98575     608  491369  5544282  56.24
1990-1999     25-29     0.00128  0.00639  2.51   97968     626  488280  5052912  51.58
1990-1999     30-34     0.00138  0.00689  2.51   97341     670  485037  4564632  46.89
1990-1999     35-39     0.00152  0.00759  2.55   96671     733  481558  4079595  42.20
1990-1999     40-44     0.00195  0.00968  2.62   95937     929  477477  3598037  37.50
1990-1999     45-49     0.00280  0.01390  2.66   95008    1320  471950  3120560  32.85
1990-1999     50-54     0.00459  0.02271  2.68   93688    2127  463515  2648611  28.27
1990-1999     55-59     0.00782  0.03840  2.71   91561    3516  449753  2185095  23.86
1990-1999     60-64     0.01358  0.06585  2.69   88045    5797  426818  1735343  19.71
1990-1999     65-69     0.02273  0.10791  2.66   82248    8875  390443  1308524  15.91
1990-1999     70-74     0.03699  0.16997  2.62   73372   12471  337179   918081  12.51
1990-1999     75-79     0.06049  0.26391  2.59   60902   16073  265731   580902   9.54
1990-1999     80-84     0.10066  0.40195  2.50   44829   18019  179012   315171   7.03
1990-1999     85-89     0.16150  0.56597  2.36   26810   15174   93955   136159   5.08
1990-1999     90-94     0.25073  0.73205  2.16   11636    8518   33975    42204   3.63
1990-1999     95-99     0.36383  0.85605  1.91    3118    2669    7336     8230   2.64
1990-1999    100-104    0.49482  0.93062  1.65     449     418     844      893   1.99
1990-1999    105-109    0.62746  0.96692  1.42      31      30      48       49   1.59
1990-1999    110+       0.72918  1.00000  1.37       1       1       1        1   1.37
2000-2009        0      0.00520  0.00517  0.14  100000     517   99554  7836489  78.36
2000-2009      1-4      0.00027  0.00106  1.61   99483     106  397678  7736935  77.77
2000-2009      5-9      0.00013  0.00063  2.37   99377      62  496721  7339257  73.85
2000-2009     10-14     0.00014  0.00068  2.74   99315      68  496420  6842536  68.90
2000-2009     15-19     0.00056  0.00282  3.02   99247     280  495680  6346116  63.94
2000-2009     20-24     0.00085  0.00422  2.54   98967     417  493808  5850436  59.12
2000-2009     25-29     0.00096  0.00480  2.55   98549     473  491589  5356628  54.35
2000-2009     30-34     0.00110  0.00548  2.54   98077     537  489062  4865038  49.60
2000-2009     35-39     0.00128  0.00639  2.58   97539     623  486186  4375976  44.86
2000-2009     40-44     0.00171  0.00853  2.64   96916     826  482628  3889791  40.14
2000-2009     45-49     0.00247  0.01227  2.64   96090    1179  477666  3407163  35.46
2000-2009     50-54     0.00362  0.01794  2.66   94910    1702  470573  2929497  30.87
2000-2009     55-59     0.00569  0.02809  2.68   93208    2619  459973  2458924  26.38
2000-2009     60-64     0.00928  0.04542  2.68   90589    4114  443381  1998950  22.07
2000-2009     65-69     0.01544  0.07451  2.66   86475    6443  417325  1555569  17.99
2000-2009     70-74     0.02607  0.12289  2.66   80032    9835  377187  1138244  14.22
2000-2009     75-79     0.04504  0.20352  2.63   70197   14286  317163   761058  10.84
2000-2009     80-84     0.07846  0.32953  2.57   55910   18424  234829   443895   7.94
2000-2009     85-89     0.13806  0.50976  2.43   37486   19109  138408   209065   5.58
2000-2009     90-94     0.23053  0.70286  2.22   18377   12917   56030    70657   3.84
2000-2009     95-99     0.35647  0.85231  1.94    5461    4654   13056    14627   2.68
2000-2009    100-104    0.50580  0.93618  1.64     806     755    1493     1571   1.95
2000-2009    105-109    0.65559  0.97239  1.38      51      50      76       78   1.52
2000-2009    110+       0.76661  1.00000  1.30       1       1       2        2   1.30
2010-2018        0      0.00370  0.00369  0.14  100000     369   99684  8058590  80.59
2010-2018      1-4      0.00017  0.00070  1.60   99631      70  398357  7958907  79.88
2010-2018      5-9      0.00009  0.00046  2.41   99562      46  497689  7560549  75.94
2010-2018     10-14     0.00011  0.00054  2.87   99516      54  497466  7062860  70.97
2010-2018     15-19     0.00040  0.00200  2.98   99462     199  496910  6565395  66.01
2010-2018     20-24     0.00059  0.00296  2.51   99264     294  495586  6068485  61.14
2010-2018     25-29     0.00067  0.00336  2.56   98970     333  494034  5572899  56.31
2010-2018     30-34     0.00084  0.00421  2.60   98637     415  492186  5078865  51.49
2010-2018     35-39     0.00112  0.00560  2.61   98221     550  489792  4586679  46.70
2010-2018     40-44     0.00154  0.00769  2.63   97671     751  486579  4096887  41.95
2010-2018     45-49     0.00226  0.01123  2.66   96920    1088  482059  3610308  37.25
2010-2018     50-54     0.00334  0.01655  2.66   95832    1586  475459  3128250  32.64
2010-2018     55-59     0.00509  0.02514  2.64   94247    2369  465637  2652791  28.15
2010-2018     60-64     0.00775  0.03805  2.64   91877    3496  451149  2187154  23.81
2010-2018     65-69     0.01209  0.05877  2.66   88382    5194  429745  1736005  19.64
2010-2018     70-74     0.01989  0.09504  2.67   83188    7906  397555  1306260  15.70
2010-2018     75-79     0.03447  0.15953  2.66   75282   12010  348365   908705  12.07
2010-2018     80-84     0.06299  0.27387  2.62   63272   17329  275106   560340   8.86
2010-2018     85-89     0.11526  0.44766  2.51   45944   20567  178437   285234   6.21
2010-2018     90-94     0.20384  0.65808  2.31   25377   16700   81927   106797   4.21
2010-2018     95-99     0.32903  0.82892  2.01    8677    7192   21859    24870   2.87
2010-2018    100-104    0.48420  0.92868  1.68    1484    1379    2847     3011   2.03
2010-2018    105-109    0.64406  0.97090  1.40     106     103     160      164   1.55
2010-2018    110+       0.76331  1.00000  1.31       3       3       4        4   1.31
