Australia, Life tables (period 1x10), Males	Last modified: 14 Apr 2020;  Methods Protocol: v6 (2017)

  Year          Age         mx       qx    ax      lx      dx      Lx       Tx     ex
1921-1929        0      0.06482  0.06177  0.24  100000    6177   95303  6073467  60.73
1921-1929        1      0.01132  0.01125  0.50   93823    1056   93295  5978164  63.72
1921-1929        2      0.00474  0.00473  0.50   92767     439   92547  5884870  63.44
1921-1929        3      0.00335  0.00334  0.50   92328     308   92173  5792322  62.74
1921-1929        4      0.00255  0.00254  0.50   92019     234   91902  5700149  61.95
1921-1929        5      0.00210  0.00209  0.50   91785     192   91689  5608247  61.10
1921-1929        6      0.00191  0.00191  0.50   91593     175   91506  5516558  60.23
1921-1929        7      0.00172  0.00172  0.50   91418     157   91340  5425053  59.34
1921-1929        8      0.00161  0.00161  0.50   91261     147   91188  5333713  58.44
1921-1929        9      0.00136  0.00136  0.50   91114     124   91053  5242525  57.54
1921-1929       10      0.00140  0.00140  0.50   90991     128   90927  5151473  56.62
1921-1929       11      0.00135  0.00135  0.50   90863     122   90802  5060546  55.69
1921-1929       12      0.00133  0.00133  0.50   90741     121   90680  4969744  54.77
1921-1929       13      0.00144  0.00144  0.50   90620     131   90555  4879063  53.84
1921-1929       14      0.00165  0.00165  0.50   90489     149   90414  4788509  52.92
1921-1929       15      0.00176  0.00176  0.50   90340     159   90260  4698094  52.00
1921-1929       16      0.00206  0.00206  0.50   90181     186   90088  4607834  51.10
1921-1929       17      0.00223  0.00223  0.50   89995     200   89895  4517746  50.20
1921-1929       18      0.00228  0.00228  0.50   89795     205   89692  4427852  49.31
1921-1929       19      0.00271  0.00271  0.50   89590     243   89469  4338159  48.42
1921-1929       20      0.00260  0.00260  0.50   89347     232   89231  4248691  47.55
1921-1929       21      0.00289  0.00288  0.50   89115     257   88986  4159460  46.68
1921-1929       22      0.00294  0.00294  0.50   88858     261   88727  4070473  45.81
1921-1929       23      0.00298  0.00297  0.50   88597     263   88465  3981746  44.94
1921-1929       24      0.00318  0.00318  0.50   88334     281   88193  3893281  44.07
1921-1929       25      0.00312  0.00311  0.50   88053     274   87916  3805088  43.21
1921-1929       26      0.00329  0.00328  0.50   87779     288   87635  3717172  42.35
1921-1929       27      0.00318  0.00318  0.50   87490     278   87351  3629537  41.48
1921-1929       28      0.00354  0.00353  0.50   87212     308   87058  3542186  40.62
1921-1929       29      0.00352  0.00352  0.50   86904     306   86752  3455127  39.76
1921-1929       30      0.00366  0.00366  0.50   86599     317   86440  3368376  38.90
1921-1929       31      0.00354  0.00353  0.50   86282     305   86130  3281935  38.04
1921-1929       32      0.00381  0.00381  0.50   85977     327   85814  3195806  37.17
1921-1929       33      0.00400  0.00399  0.50   85650     342   85479  3109992  36.31
1921-1929       34      0.00421  0.00420  0.50   85308     359   85129  3024513  35.45
1921-1929       35      0.00468  0.00467  0.50   84949     396   84751  2939384  34.60
1921-1929       36      0.00460  0.00459  0.50   84553     388   84359  2854633  33.76
1921-1929       37      0.00460  0.00459  0.50   84165     386   83972  2770274  32.91
1921-1929       38      0.00570  0.00568  0.50   83779     476   83541  2686302  32.06
1921-1929       39      0.00545  0.00544  0.50   83303     453   83077  2602761  31.24
1921-1929       40      0.00633  0.00631  0.50   82850     523   82589  2519684  30.41
1921-1929       41      0.00558  0.00556  0.50   82328     458   82099  2437095  29.60
1921-1929       42      0.00720  0.00717  0.50   81870     587   81576  2354996  28.77
1921-1929       43      0.00674  0.00671  0.50   81283     546   81010  2273420  27.97
1921-1929       44      0.00722  0.00719  0.50   80737     581   80447  2192410  27.15
1921-1929       45      0.00919  0.00915  0.50   80156     733   79790  2111963  26.35
1921-1929       46      0.00821  0.00818  0.50   79423     649   79098  2032173  25.59
1921-1929       47      0.00913  0.00908  0.50   78774     716   78416  1953075  24.79
1921-1929       48      0.01021  0.01016  0.50   78058     793   77662  1874659  24.02
1921-1929       49      0.01027  0.01021  0.50   77265     789   76871  1796997  23.26
1921-1929       50      0.01320  0.01311  0.50   76476    1003   75975  1720126  22.49
1921-1929       51      0.01007  0.01002  0.50   75473     756   75095  1644152  21.78
1921-1929       52      0.01316  0.01307  0.50   74717     977   74229  1569056  21.00
1921-1929       53      0.01353  0.01344  0.50   73740     991   73245  1494827  20.27
1921-1929       54      0.01499  0.01488  0.50   72749    1082   72208  1421583  19.54
1921-1929       55      0.01512  0.01500  0.50   71667    1075   71129  1349374  18.83
1921-1929       56      0.01774  0.01759  0.50   70592    1241   69971  1278245  18.11
1921-1929       57      0.01741  0.01726  0.50   69350    1197   68752  1208274  17.42
1921-1929       58      0.02030  0.02009  0.50   68153    1369   67469  1139522  16.72
1921-1929       59      0.02059  0.02038  0.50   66784    1361   66103  1072054  16.05
1921-1929       60      0.02694  0.02658  0.50   65423    1739   64553  1005950  15.38
1921-1929       61      0.02115  0.02093  0.50   63684    1333   63017   941397  14.78
1921-1929       62      0.02705  0.02669  0.50   62350    1664   61518   878380  14.09
1921-1929       63      0.03086  0.03039  0.50   60686    1844   59764   816862  13.46
1921-1929       64      0.03324  0.03269  0.50   58842    1924   57880   757098  12.87
1921-1929       65      0.04077  0.03995  0.50   56918    2274   55781   699217  12.28
1921-1929       66      0.03521  0.03460  0.50   54644    1891   53699   643436  11.77
1921-1929       67      0.04077  0.03995  0.50   52754    2108   51700   589737  11.18
1921-1929       68      0.04606  0.04502  0.50   50646    2280   49506   538037  10.62
1921-1929       69      0.04663  0.04557  0.50   48366    2204   47264   488531  10.10
1921-1929       70      0.05758  0.05596  0.50   46162    2583   44870   441267   9.56
1921-1929       71      0.05015  0.04893  0.50   43579    2132   42512   396397   9.10
1921-1929       72      0.06468  0.06266  0.50   41446    2597   40148   353885   8.54
1921-1929       73      0.07204  0.06953  0.50   38849    2701   37499   313737   8.08
1921-1929       74      0.07894  0.07595  0.50   36148    2745   34775   276238   7.64
1921-1929       75      0.09123  0.08725  0.50   33403    2914   31946   241463   7.23
1921-1929       76      0.09787  0.09330  0.50   30488    2845   29066   209517   6.87
1921-1929       77      0.09483  0.09053  0.50   27644    2503   26392   180451   6.53
1921-1929       78      0.11719  0.11070  0.50   25141    2783   23749   154059   6.13
1921-1929       79      0.11983  0.11306  0.50   22358    2528   21094   130309   5.83
1921-1929       80      0.13684  0.12807  0.50   19830    2540   18560   109215   5.51
1921-1929       81      0.12081  0.11392  0.50   17290    1970   16306    90655   5.24
1921-1929       82      0.15112  0.14051  0.50   15321    2153   14244    74349   4.85
1921-1929       83      0.15620  0.14488  0.50   13168    1908   12214    60105   4.56
1921-1929       84      0.19221  0.17535  0.50   11260    1975   10273    47891   4.25
1921-1929       85      0.20408  0.18518  0.50    9286    1720    8426    37618   4.05
1921-1929       86      0.22356  0.20108  0.50    7566    1521    6805    29192   3.86
1921-1929       87      0.22923  0.20566  0.50    6045    1243    5423    22386   3.70
1921-1929       88      0.23803  0.21272  0.50    4802    1021    4291    16963   3.53
1921-1929       89      0.25707  0.22779  0.50    3780     861    3350    12672   3.35
1921-1929       90      0.29981  0.26072  0.50    2919     761    2539     9323   3.19
1921-1929       91      0.25523  0.22634  0.50    2158     488    1914     6784   3.14
1921-1929       92      0.29993  0.26081  0.50    1670     435    1452     4870   2.92
1921-1929       93      0.30340  0.26344  0.50    1234     325    1072     3418   2.77
1921-1929       94      0.34595  0.29494  0.50     909     268     775     2347   2.58
1921-1929       95      0.36972  0.31204  0.50     641     200     541     1572   2.45
1921-1929       96      0.39116  0.32717  0.50     441     144     369     1031   2.34
1921-1929       97      0.41302  0.34233  0.50     297     102     246      662   2.23
1921-1929       98      0.43524  0.35745  0.50     195      70     160      416   2.13
1921-1929       99      0.45772  0.37247  0.50     125      47     102      256   2.04
1921-1929      100      0.48037  0.38734  0.50      79      30      63      154   1.96
1921-1929      101      0.50310  0.40198  0.50      48      19      39       91   1.88
1921-1929      102      0.52582  0.41636  0.50      29      12      23       52   1.81
1921-1929      103      0.54843  0.43041  0.50      17       7      13       29   1.74
1921-1929      104      0.57085  0.44409  0.50      10       4       7       16   1.68
1921-1929      105      0.59298  0.45737  0.50       5       2       4        9   1.63
1921-1929      106      0.61473  0.47021  0.50       3       1       2        5   1.58
1921-1929      107      0.63604  0.48257  0.50       2       1       1        2   1.53
1921-1929      108      0.65683  0.49445  0.50       1       0       1        1   1.49
1921-1929      109      0.67703  0.50581  0.50       0       0       0        1   1.46
1921-1929      110+     0.69660  1.00000  1.44       0       0       0        0   1.44
1930-1939        0      0.04716  0.04541  0.18  100000    4541   96286  6348324  63.48
1930-1939        1      0.00731  0.00728  0.50   95459     695   95112  6252038  65.49
1930-1939        2      0.00381  0.00380  0.50   94764     360   94584  6156926  64.97
1930-1939        3      0.00280  0.00280  0.50   94404     264   94272  6062342  64.22
1930-1939        4      0.00209  0.00209  0.50   94140     197   94041  5968071  63.40
1930-1939        5      0.00192  0.00192  0.50   93943     180   93853  5874029  62.53
1930-1939        6      0.00169  0.00169  0.50   93763     159   93684  5780176  61.65
1930-1939        7      0.00149  0.00149  0.50   93604     140   93535  5686493  60.75
1930-1939        8      0.00134  0.00134  0.50   93465     126   93402  5592958  59.84
1930-1939        9      0.00125  0.00125  0.50   93339     117   93281  5499556  58.92
1930-1939       10      0.00117  0.00117  0.50   93223     109   93168  5406275  57.99
1930-1939       11      0.00111  0.00111  0.50   93114     103   93062  5313107  57.06
1930-1939       12      0.00117  0.00117  0.50   93010     109   92956  5220045  56.12
1930-1939       13      0.00128  0.00128  0.50   92901     119   92842  5127089  55.19
1930-1939       14      0.00147  0.00147  0.50   92783     136   92715  5034247  54.26
1930-1939       15      0.00156  0.00156  0.50   92646     144   92574  4941532  53.34
1930-1939       16      0.00161  0.00161  0.50   92502     149   92427  4848958  52.42
1930-1939       17      0.00173  0.00173  0.50   92353     160   92273  4756531  51.50
1930-1939       18      0.00198  0.00198  0.50   92193     182   92102  4664258  50.59
1930-1939       19      0.00230  0.00230  0.50   92010     211   91905  4572156  49.69
1930-1939       20      0.00233  0.00232  0.50   91799     213   91692  4480251  48.80
1930-1939       21      0.00239  0.00239  0.50   91586     219   91477  4388559  47.92
1930-1939       22      0.00242  0.00242  0.50   91367     221   91257  4297082  47.03
1930-1939       23      0.00239  0.00239  0.50   91146     218   91037  4205825  46.14
1930-1939       24      0.00246  0.00246  0.50   90928     223   90817  4114788  45.25
1930-1939       25      0.00250  0.00250  0.50   90705     227   90591  4023972  44.36
1930-1939       26      0.00253  0.00253  0.50   90478     229   90364  3933380  43.47
1930-1939       27      0.00247  0.00246  0.50   90249     222   90138  3843016  42.58
1930-1939       28      0.00268  0.00268  0.50   90027     241   89907  3752878  41.69
1930-1939       29      0.00267  0.00267  0.50   89786     240   89667  3662971  40.80
1930-1939       30      0.00265  0.00265  0.50   89547     237   89428  3573305  39.90
1930-1939       31      0.00260  0.00260  0.50   89309     232   89193  3483877  39.01
1930-1939       32      0.00312  0.00312  0.50   89077     278   88939  3394683  38.11
1930-1939       33      0.00297  0.00296  0.50   88800     263   88668  3305745  37.23
1930-1939       34      0.00324  0.00323  0.50   88537     286   88394  3217077  36.34
1930-1939       35      0.00359  0.00358  0.50   88250     316   88092  3128683  35.45
1930-1939       36      0.00372  0.00371  0.50   87934     326   87771  3040591  34.58
1930-1939       37      0.00360  0.00360  0.50   87608     315   87451  2952819  33.70
1930-1939       38      0.00436  0.00435  0.50   87293     380   87103  2865369  32.82
1930-1939       39      0.00447  0.00446  0.50   86913     388   86719  2778266  31.97
1930-1939       40      0.00477  0.00476  0.50   86525     411   86320  2691547  31.11
1930-1939       41      0.00446  0.00445  0.50   86114     383   85922  2605227  30.25
1930-1939       42      0.00588  0.00586  0.50   85731     502   85479  2519305  29.39
1930-1939       43      0.00550  0.00548  0.50   85228     467   84994  2433826  28.56
1930-1939       44      0.00594  0.00592  0.50   84761     502   84510  2348831  27.71
1930-1939       45      0.00703  0.00700  0.50   84259     590   83964  2264322  26.87
1930-1939       46      0.00692  0.00689  0.50   83669     577   83380  2180358  26.06
1930-1939       47      0.00758  0.00755  0.50   83092     627   82779  2096977  25.24
1930-1939       48      0.00851  0.00847  0.50   82465     699   82116  2014199  24.42
1930-1939       49      0.00927  0.00922  0.50   81766     754   81389  1932083  23.63
1930-1939       50      0.01041  0.01036  0.50   81012     839   80592  1850694  22.84
1930-1939       51      0.00950  0.00945  0.50   80173     758   79794  1770102  22.08
1930-1939       52      0.01226  0.01219  0.50   79415     968   78931  1690308  21.28
1930-1939       53      0.01277  0.01269  0.50   78447     995   77949  1611377  20.54
1930-1939       54      0.01393  0.01383  0.50   77452    1071   76916  1533428  19.80
1930-1939       55      0.01432  0.01422  0.50   76381    1086   75838  1456511  19.07
1930-1939       56      0.01690  0.01676  0.50   75295    1262   74664  1380674  18.34
1930-1939       57      0.01725  0.01711  0.50   74033    1266   73400  1306010  17.64
1930-1939       58      0.01992  0.01972  0.50   72766    1435   72049  1232610  16.94
1930-1939       59      0.02031  0.02011  0.50   71331    1434   70614  1160561  16.27
1930-1939       60      0.02381  0.02353  0.50   69897    1644   69075  1089947  15.59
1930-1939       61      0.02108  0.02086  0.50   68253    1424   67541  1020873  14.96
1930-1939       62      0.02656  0.02621  0.50   66829    1751   65953   953332  14.27
1930-1939       63      0.02979  0.02935  0.50   65077    1910   64122   887379  13.64
1930-1939       64      0.03228  0.03176  0.50   63167    2006   62164   823257  13.03
1930-1939       65      0.03704  0.03637  0.50   61161    2224   60049   761093  12.44
1930-1939       66      0.03530  0.03468  0.50   58937    2044   57915   701044  11.89
1930-1939       67      0.04059  0.03978  0.50   56892    2263   55761   643129  11.30
1930-1939       68      0.04412  0.04317  0.50   54629    2358   53450   587368  10.75
1930-1939       69      0.04713  0.04604  0.50   52271    2407   51068   533918  10.21
1930-1939       70      0.05463  0.05318  0.50   49864    2652   48538   482851   9.68
1930-1939       71      0.04955  0.04835  0.50   47212    2283   46071   434313   9.20
1930-1939       72      0.06464  0.06262  0.50   44930    2813   43523   388242   8.64
1930-1939       73      0.06896  0.06666  0.50   42116    2808   40713   344719   8.18
1930-1939       74      0.07816  0.07522  0.50   39309    2957   37830   304006   7.73
1930-1939       75      0.08664  0.08304  0.50   36352    3019   34843   266176   7.32
1930-1939       76      0.09404  0.08982  0.50   33333    2994   31836   231333   6.94
1930-1939       77      0.09638  0.09195  0.50   30339    2790   28945   199496   6.58
1930-1939       78      0.11348  0.10739  0.50   27550    2959   26070   170552   6.19
1930-1939       79      0.11780  0.11124  0.50   24591    2736   23223   144481   5.88
1930-1939       80      0.12710  0.11951  0.50   21856    2612   20550   121258   5.55
1930-1939       81      0.11847  0.11185  0.50   19244    2152   18167   100708   5.23
1930-1939       82      0.15297  0.14211  0.50   17091    2429   15877    82541   4.83
1930-1939       83      0.16624  0.15348  0.50   14663    2250   13537    66664   4.55
1930-1939       84      0.19391  0.17677  0.50   12412    2194   11315    53127   4.28
1930-1939       85      0.19419  0.17700  0.50   10218    1809    9314    41811   4.09
1930-1939       86      0.21852  0.19700  0.50    8409    1657    7581    32498   3.86
1930-1939       87      0.23265  0.20841  0.50    6753    1407    6049    24917   3.69
1930-1939       88      0.24634  0.21933  0.50    5345    1172    4759    18868   3.53
1930-1939       89      0.25834  0.22879  0.50    4173     955    3696    14108   3.38
1930-1939       90      0.28454  0.24910  0.50    3218     802    2817    10413   3.24
1930-1939       91      0.25849  0.22891  0.50    2417     553    2140     7595   3.14
1930-1939       92      0.28213  0.24725  0.50    1863     461    1633     5455   2.93
1930-1939       93      0.31176  0.26972  0.50    1403     378    1214     3822   2.72
1930-1939       94      0.33309  0.28554  0.50    1024     292     878     2609   2.55
1930-1939       95      0.38371  0.32195  0.50     732     236     614     1730   2.36
1930-1939       96      0.40702  0.33819  0.50     496     168     412     1116   2.25
1930-1939       97      0.43075  0.35442  0.50     328     116     270      704   2.14
1930-1939       98      0.45481  0.37054  0.50     212      79     173      434   2.05
1930-1939       99      0.47907  0.38649  0.50     133      52     108      261   1.96
1930-1939      100      0.50344  0.40220  0.50      82      33      65      153   1.87
1930-1939      101      0.52779  0.41759  0.50      49      20      39       88   1.80
1930-1939      102      0.55201  0.43261  0.50      29      12      22       49   1.73
1930-1939      103      0.57598  0.44719  0.50      16       7      13       27   1.66
1930-1939      104      0.59960  0.46130  0.50       9       4       7       14   1.61
1930-1939      105      0.62277  0.47489  0.50       5       2       4        7   1.55
1930-1939      106      0.64539  0.48793  0.50       3       1       2        4   1.50
1930-1939      107      0.66738  0.50040  0.50       1       1       1        2   1.46
1930-1939      108      0.68866  0.51227  0.50       1       0       0        1   1.42
1930-1939      109      0.70917  0.52353  0.50       0       0       0        0   1.39
1930-1939      110+     0.72887  1.00000  1.37       0       0       0        0   1.37
1940-1949        0      0.03727  0.03612  0.15  100000    3612   96929  6549357  65.49
1940-1949        1      0.00445  0.00444  0.50   96388     428   96174  6452428  66.94
1940-1949        2      0.00248  0.00248  0.50   95960     238   95841  6356254  66.24
1940-1949        3      0.00178  0.00178  0.50   95722     170   95637  6260413  65.40
1940-1949        4      0.00154  0.00154  0.50   95552     147   95478  6164776  64.52
1940-1949        5      0.00143  0.00143  0.50   95404     136   95336  6069298  63.62
1940-1949        6      0.00124  0.00124  0.50   95268     118   95209  5973962  62.71
1940-1949        7      0.00109  0.00109  0.50   95150     103   95098  5878754  61.78
1940-1949        8      0.00095  0.00095  0.50   95046      90   95001  5783656  60.85
1940-1949        9      0.00096  0.00096  0.50   94956      91   94910  5688654  59.91
1940-1949       10      0.00095  0.00095  0.50   94865      90   94820  5593744  58.97
1940-1949       11      0.00090  0.00090  0.50   94774      86   94732  5498925  58.02
1940-1949       12      0.00101  0.00101  0.50   94689      95   94641  5404193  57.07
1940-1949       13      0.00088  0.00088  0.50   94594      84   94552  5309552  56.13
1940-1949       14      0.00111  0.00111  0.50   94510     105   94457  5215000  55.18
1940-1949       15      0.00121  0.00121  0.50   94405     114   94348  5120543  54.24
1940-1949       16      0.00147  0.00147  0.50   94291     138   94222  5026195  53.31
1940-1949       17      0.00146  0.00146  0.50   94153     138   94084  4931973  52.38
1940-1949       18      0.00162  0.00162  0.50   94015     152   93939  4837890  51.46
1940-1949       19      0.00156  0.00156  0.50   93862     146   93789  4743951  50.54
1940-1949       20      0.00155  0.00155  0.50   93716     145   93644  4650162  49.62
1940-1949       21      0.00150  0.00150  0.50   93571     141   93501  4556518  48.70
1940-1949       22      0.00161  0.00161  0.50   93430     151   93355  4463017  47.77
1940-1949       23      0.00163  0.00162  0.50   93280     152   93204  4369662  46.84
1940-1949       24      0.00169  0.00169  0.50   93128     157   93050  4276458  45.92
1940-1949       25      0.00155  0.00155  0.50   92971     144   92899  4183409  45.00
1940-1949       26      0.00163  0.00162  0.50   92827     151   92752  4090510  44.07
1940-1949       27      0.00161  0.00160  0.50   92676     149   92602  3997758  43.14
1940-1949       28      0.00173  0.00172  0.50   92528     160   92448  3905156  42.21
1940-1949       29      0.00181  0.00180  0.50   92368     167   92285  3812708  41.28
1940-1949       30      0.00178  0.00178  0.50   92201     164   92119  3720424  40.35
1940-1949       31      0.00192  0.00192  0.50   92037     177   91949  3628304  39.42
1940-1949       32      0.00200  0.00199  0.50   91860     183   91769  3536356  38.50
1940-1949       33      0.00211  0.00211  0.50   91677     193   91581  3444587  37.57
1940-1949       34      0.00227  0.00226  0.50   91484     207   91380  3353006  36.65
1940-1949       35      0.00239  0.00238  0.50   91277     218   91168  3261626  35.73
1940-1949       36      0.00255  0.00255  0.50   91059     232   90943  3170458  34.82
1940-1949       37      0.00274  0.00273  0.50   90827     248   90703  3079515  33.91
1940-1949       38      0.00319  0.00318  0.50   90579     288   90434  2988812  33.00
1940-1949       39      0.00332  0.00332  0.50   90290     300   90140  2898378  32.10
1940-1949       40      0.00357  0.00356  0.50   89991     320   89830  2808237  31.21
1940-1949       41      0.00380  0.00379  0.50   89670     340   89500  2718407  30.32
1940-1949       42      0.00432  0.00431  0.50   89330     385   89137  2628907  29.43
1940-1949       43      0.00456  0.00455  0.50   88945     405   88742  2539769  28.55
1940-1949       44      0.00519  0.00518  0.50   88540     458   88311  2451027  27.68
1940-1949       45      0.00599  0.00597  0.50   88081     526   87818  2362717  26.82
1940-1949       46      0.00617  0.00615  0.50   87555     538   87286  2274898  25.98
1940-1949       47      0.00683  0.00680  0.50   87017     592   86721  2187612  25.14
1940-1949       48      0.00791  0.00788  0.50   86425     681   86084  2100891  24.31
1940-1949       49      0.00857  0.00854  0.50   85744     732   85378  2014807  23.50
1940-1949       50      0.00935  0.00930  0.50   85012     791   84616  1929429  22.70
1940-1949       51      0.00946  0.00941  0.50   84221     793   83825  1844813  21.90
1940-1949       52      0.01158  0.01152  0.50   83428     961   82948  1760988  21.11
1940-1949       53      0.01236  0.01228  0.50   82467    1013   81961  1678041  20.35
1940-1949       54      0.01375  0.01365  0.50   81455    1112   80899  1596080  19.59
1940-1949       55      0.01404  0.01394  0.50   80342    1120   79783  1515181  18.86
1940-1949       56      0.01613  0.01600  0.50   79223    1268   78589  1435398  18.12
1940-1949       57      0.01711  0.01697  0.50   77955    1323   77294  1356810  17.41
1940-1949       58      0.02000  0.01980  0.50   76632    1517   75874  1279516  16.70
1940-1949       59      0.02115  0.02093  0.50   75115    1572   74329  1203642  16.02
1940-1949       60      0.02361  0.02334  0.50   73543    1716   72685  1129313  15.36
1940-1949       61      0.02294  0.02268  0.50   71827    1629   71012  1056628  14.71
1940-1949       62      0.02826  0.02787  0.50   70198    1956   69219   985616  14.04
1940-1949       63      0.03127  0.03079  0.50   68241    2101   67191   916396  13.43
1940-1949       64      0.03373  0.03317  0.50   66140    2194   65043   849205  12.84
1940-1949       65      0.03840  0.03767  0.50   63946    2409   62742   784162  12.26
1940-1949       66      0.03717  0.03650  0.50   61537    2246   60414   721421  11.72
1940-1949       67      0.04225  0.04138  0.50   59291    2453   58065   661006  11.15
1940-1949       68      0.04688  0.04581  0.50   56838    2604   55536   602941  10.61
1940-1949       69      0.05016  0.04893  0.50   54235    2654   52908   547405  10.09
1940-1949       70      0.05674  0.05518  0.50   51581    2846   50158   494497   9.59
1940-1949       71      0.05206  0.05074  0.50   48735    2473   47498   444340   9.12
1940-1949       72      0.06526  0.06320  0.50   46262    2924   44800   396841   8.58
1940-1949       73      0.07204  0.06954  0.50   43338    3014   41831   352041   8.12
1940-1949       74      0.07880  0.07581  0.50   40324    3057   38796   310210   7.69
1940-1949       75      0.08519  0.08171  0.50   37268    3045   35745   271414   7.28
1940-1949       76      0.09376  0.08957  0.50   34222    3065   32690   235669   6.89
1940-1949       77      0.09703  0.09254  0.50   31157    2883   29716   202980   6.51
1940-1949       78      0.11396  0.10782  0.50   28274    3048   26750   173264   6.13
1940-1949       79      0.12028  0.11345  0.50   25226    2862   23795   146514   5.81
1940-1949       80      0.12848  0.12073  0.50   22364    2700   21014   122720   5.49
1940-1949       81      0.12256  0.11548  0.50   19664    2271   18528   101706   5.17
1940-1949       82      0.14860  0.13832  0.50   17393    2406   16190    83178   4.78
1940-1949       83      0.16693  0.15407  0.50   14987    2309   13833    66988   4.47
1940-1949       84      0.18876  0.17248  0.50   12678    2187   11585    53155   4.19
1940-1949       85      0.20320  0.18446  0.50   10491    1935    9524    41571   3.96
1940-1949       86      0.22565  0.20277  0.50    8556    1735    7689    32047   3.75
1940-1949       87      0.23792  0.21263  0.50    6821    1450    6096    24358   3.57
1940-1949       88      0.24704  0.21988  0.50    5371    1181    4780    18262   3.40
1940-1949       89      0.26280  0.23228  0.50    4190     973    3703    13482   3.22
1940-1949       90      0.28782  0.25161  0.50    3217     809    2812     9779   3.04
1940-1949       91      0.28635  0.25048  0.50    2407     603    2106     6967   2.89
1940-1949       92      0.32182  0.27721  0.50    1804     500    1554     4861   2.69
1940-1949       93      0.34618  0.29510  0.50    1304     385    1112     3307   2.54
1940-1949       94      0.35452  0.30114  0.50     919     277     781     2195   2.39
1940-1949       95      0.41446  0.34331  0.50     642     221     532     1414   2.20
1940-1949       96      0.44063  0.36108  0.50     422     152     346      882   2.09
1940-1949       97      0.46714  0.37869  0.50     270     102     219      536   1.99
1940-1949       98      0.49384  0.39605  0.50     167      66     134      318   1.90
1940-1949       99      0.52057  0.41306  0.50     101      42      80      183   1.81
1940-1949      100      0.54718  0.42964  0.50      59      26      47      103   1.73
1940-1949      101      0.57353  0.44571  0.50      34      15      26       56   1.66
1940-1949      102      0.59946  0.46122  0.50      19       9      14       30   1.60
1940-1949      103      0.62485  0.47610  0.50      10       5       8       16   1.54
1940-1949      104      0.64957  0.49032  0.50       5       3       4        8   1.49
1940-1949      105      0.67352  0.50384  0.50       3       1       2        4   1.44
1940-1949      106      0.69659  0.51664  0.50       1       1       1        2   1.40
1940-1949      107      0.71871  0.52871  0.50       1       0       0        1   1.36
1940-1949      108      0.73982  0.54005  0.50       0       0       0        0   1.33
1940-1949      109      0.75988  0.55066  0.50       0       0       0        0   1.30
1940-1949      110+     0.77885  1.00000  1.28       0       0       0        0   1.28
1950-1959        0      0.02577  0.02520  0.11  100000    2520   97763  6709659  67.10
1950-1959        1      0.00265  0.00265  0.50   97480     258   97351  6611896  67.83
1950-1959        2      0.00164  0.00163  0.50   97222     159   97142  6514545  67.01
1950-1959        3      0.00115  0.00115  0.50   97063     112   97007  6417402  66.12
1950-1959        4      0.00093  0.00093  0.50   96951      90   96906  6320395  65.19
1950-1959        5      0.00072  0.00072  0.50   96861      70   96826  6223489  64.25
1950-1959        6      0.00074  0.00074  0.50   96791      71   96756  6126663  63.30
1950-1959        7      0.00065  0.00065  0.50   96720      63   96689  6029907  62.34
1950-1959        8      0.00062  0.00062  0.50   96657      60   96628  5933218  61.38
1950-1959        9      0.00056  0.00056  0.50   96598      54   96571  5836591  60.42
1950-1959       10      0.00056  0.00056  0.50   96544      54   96517  5740020  59.46
1950-1959       11      0.00052  0.00052  0.50   96489      50   96464  5643503  58.49
1950-1959       12      0.00056  0.00056  0.50   96439      54   96412  5547039  57.52
1950-1959       13      0.00064  0.00064  0.50   96385      61   96354  5450627  56.55
1950-1959       14      0.00074  0.00074  0.50   96324      71   96288  5354273  55.59
1950-1959       15      0.00098  0.00098  0.50   96253      94   96206  5257985  54.63
1950-1959       16      0.00110  0.00110  0.50   96159     106   96106  5161779  53.68
1950-1959       17      0.00148  0.00148  0.50   96053     142   95982  5065673  52.74
1950-1959       18      0.00184  0.00184  0.50   95910     176   95822  4969691  51.82
1950-1959       19      0.00193  0.00193  0.50   95734     185   95642  4873869  50.91
1950-1959       20      0.00191  0.00191  0.50   95549     182   95458  4778227  50.01
1950-1959       21      0.00212  0.00212  0.50   95367     202   95266  4682769  49.10
1950-1959       22      0.00193  0.00193  0.50   95165     183   95073  4587503  48.21
1950-1959       23      0.00172  0.00172  0.50   94982     163   94900  4492429  47.30
1950-1959       24      0.00184  0.00184  0.50   94819     175   94731  4397529  46.38
1950-1959       25      0.00169  0.00169  0.50   94644     160   94564  4302797  45.46
1950-1959       26      0.00165  0.00165  0.50   94484     156   94406  4208233  44.54
1950-1959       27      0.00167  0.00167  0.50   94328     157   94250  4113827  43.61
1950-1959       28      0.00169  0.00169  0.50   94171     159   94092  4019577  42.68
1950-1959       29      0.00161  0.00161  0.50   94012     151   93937  3925486  41.76
1950-1959       30      0.00175  0.00174  0.50   93861     164   93780  3831549  40.82
1950-1959       31      0.00169  0.00169  0.50   93698     158   93619  3737769  39.89
1950-1959       32      0.00194  0.00194  0.50   93539     182   93449  3644151  38.96
1950-1959       33      0.00181  0.00181  0.50   93358     169   93273  3550702  38.03
1950-1959       34      0.00205  0.00205  0.50   93189     191   93093  3457429  37.10
1950-1959       35      0.00210  0.00210  0.50   92998     195   92901  3364335  36.18
1950-1959       36      0.00219  0.00218  0.50   92803     203   92702  3271435  35.25
1950-1959       37      0.00241  0.00241  0.50   92600     223   92489  3178733  34.33
1950-1959       38      0.00267  0.00267  0.50   92377     246   92254  3086244  33.41
1950-1959       39      0.00283  0.00283  0.50   92131     260   92001  2993990  32.50
1950-1959       40      0.00311  0.00311  0.50   91871     286   91728  2901989  31.59
1950-1959       41      0.00307  0.00307  0.50   91585     281   91445  2810261  30.68
1950-1959       42      0.00417  0.00416  0.50   91304     380   91114  2718817  29.78
1950-1959       43      0.00389  0.00389  0.50   90924     353   90748  2627703  28.90
1950-1959       44      0.00415  0.00414  0.50   90571     375   90383  2536955  28.01
1950-1959       45      0.00502  0.00501  0.50   90196     452   89970  2446572  27.13
1950-1959       46      0.00530  0.00529  0.50   89744     475   89507  2356602  26.26
1950-1959       47      0.00605  0.00603  0.50   89269     539   89000  2267095  25.40
1950-1959       48      0.00684  0.00681  0.50   88731     604   88429  2178095  24.55
1950-1959       49      0.00767  0.00764  0.50   88126     673   87790  2089667  23.71
1950-1959       50      0.00842  0.00838  0.50   87453     733   87087  2001877  22.89
1950-1959       51      0.00883  0.00880  0.50   86720     763   86339  1914790  22.08
1950-1959       52      0.01063  0.01057  0.50   85957     909   85503  1828452  21.27
1950-1959       53      0.01178  0.01171  0.50   85049     996   84551  1742949  20.49
1950-1959       54      0.01290  0.01282  0.50   84053    1077   83514  1658398  19.73
1950-1959       55      0.01322  0.01313  0.50   82976    1090   82431  1574884  18.98
1950-1959       56      0.01574  0.01562  0.50   81886    1279   81247  1492453  18.23
1950-1959       57      0.01682  0.01668  0.50   80607    1344   79935  1411206  17.51
1950-1959       58      0.01973  0.01954  0.50   79263    1549   78489  1331271  16.80
1950-1959       59      0.02115  0.02093  0.50   77714    1627   76901  1252782  16.12
1950-1959       60      0.02220  0.02196  0.50   76088    1671   75252  1175881  15.45
1950-1959       61      0.02280  0.02254  0.50   74417    1677   73578  1100629  14.79
1950-1959       62      0.02750  0.02712  0.50   72739    1973   71753  1027051  14.12
1950-1959       63      0.03055  0.03009  0.50   70766    2130   69702   955298  13.50
1950-1959       64      0.03343  0.03288  0.50   68637    2257   67509   885596  12.90
1950-1959       65      0.03750  0.03681  0.50   66380    2443   65159   818088  12.32
1950-1959       66      0.03657  0.03591  0.50   63937    2296   62789   752929  11.78
1950-1959       67      0.04224  0.04137  0.50   61641    2550   60366   690140  11.20
1950-1959       68      0.04691  0.04584  0.50   59091    2709   57737   629774  10.66
1950-1959       69      0.04961  0.04841  0.50   56382    2729   55018   572037  10.15
1950-1959       70      0.05374  0.05233  0.50   53653    2808   52249   517020   9.64
1950-1959       71      0.05421  0.05278  0.50   50845    2684   49503   464771   9.14
1950-1959       72      0.06579  0.06370  0.50   48162    3068   46628   415267   8.62
1950-1959       73      0.07320  0.07062  0.50   45094    3184   43502   368639   8.17
1950-1959       74      0.08152  0.07833  0.50   41909    3283   40268   325138   7.76
1950-1959       75      0.08584  0.08231  0.50   38627    3179   37037   284870   7.37
1950-1959       76      0.09456  0.09029  0.50   35447    3201   33847   247833   6.99
1950-1959       77      0.09402  0.08980  0.50   32247    2896   30799   213985   6.64
1950-1959       78      0.11232  0.10635  0.50   29351    3121   27790   183187   6.24
1950-1959       79      0.11844  0.11182  0.50   26230    2933   24763   155396   5.92
1950-1959       80      0.12276  0.11566  0.50   23297    2695   21949   130633   5.61
1950-1959       81      0.12184  0.11484  0.50   20602    2366   19419   108684   5.28
1950-1959       82      0.14476  0.13499  0.50   18236    2462   17005    89265   4.89
1950-1959       83      0.15918  0.14745  0.50   15774    2326   14611    72259   4.58
1950-1959       84      0.18373  0.16827  0.50   13448    2263   12317    57648   4.29
1950-1959       85      0.19066  0.17407  0.50   11186    1947   10212    45331   4.05
1950-1959       86      0.21790  0.19649  0.50    9238    1815    8331    35119   3.80
1950-1959       87      0.22821  0.20484  0.50    7423    1521    6663    26788   3.61
1950-1959       88      0.24787  0.22054  0.50    5903    1302    5252    20125   3.41
1950-1959       89      0.26957  0.23755  0.50    4601    1093    4054    14873   3.23
1950-1959       90      0.28036  0.24589  0.50    3508     863    3077    10819   3.08
1950-1959       91      0.27285  0.24009  0.50    2645     635    2328     7742   2.93
1950-1959       92      0.31648  0.27324  0.50    2010     549    1736     5415   2.69
1950-1959       93      0.35668  0.30270  0.50    1461     442    1240     3679   2.52
1950-1959       94      0.36246  0.30685  0.50    1019     313     862     2439   2.39
1950-1959       95      0.40719  0.33831  0.50     706     239     587     1577   2.23
1950-1959       96      0.43340  0.35621  0.50     467     166     384      990   2.12
1950-1959       97      0.45998  0.37397  0.50     301     112     245      606   2.01
1950-1959       98      0.48680  0.39150  0.50     188      74     151      361   1.92
1950-1959       99      0.51369  0.40871  0.50     115      47      91      210   1.83
1950-1959      100      0.54050  0.42550  0.50      68      29      53      119   1.75
1950-1959      101      0.56707  0.44181  0.50      39      17      30       65   1.68
1950-1959      102      0.59327  0.45755  0.50      22      10      17       35   1.61
1950-1959      103      0.61895  0.47267  0.50      12       6       9       18   1.56
1950-1959      104      0.64398  0.48713  0.50       6       3       5        9   1.50
1950-1959      105      0.66824  0.50089  0.50       3       2       2        5   1.45
1950-1959      106      0.69165  0.51392  0.50       2       1       1        2   1.41
1950-1959      107      0.71411  0.52622  0.50       1       0       1        1   1.37
1950-1959      108      0.73556  0.53777  0.50       0       0       0        0   1.34
1950-1959      109      0.75595  0.54859  0.50       0       0       0        0   1.31
1950-1959      110+     0.77524  1.00000  1.29       0       0       0        0   1.29
1960-1969        0      0.02161  0.02120  0.11  100000    2120   98105  6773110  67.73
1960-1969        1      0.00172  0.00172  0.50   97880     168   97796  6675005  68.20
1960-1969        2      0.00104  0.00104  0.50   97712     101   97661  6577209  67.31
1960-1969        3      0.00081  0.00081  0.50   97611      79   97571  6479548  66.38
1960-1969        4      0.00065  0.00065  0.50   97531      63   97500  6381977  65.44
1960-1969        5      0.00055  0.00055  0.50   97469      53   97442  6284477  64.48
1960-1969        6      0.00054  0.00054  0.50   97415      52   97389  6187035  63.51
1960-1969        7      0.00047  0.00047  0.50   97363      46   97340  6089646  62.55
1960-1969        8      0.00043  0.00043  0.50   97317      42   97296  5992306  61.58
1960-1969        9      0.00043  0.00043  0.50   97275      42   97254  5895010  60.60
1960-1969       10      0.00040  0.00040  0.50   97233      39   97213  5797757  59.63
1960-1969       11      0.00041  0.00041  0.50   97193      40   97174  5700544  58.65
1960-1969       12      0.00050  0.00050  0.50   97154      49   97129  5603370  57.68
1960-1969       13      0.00053  0.00053  0.50   97105      51   97079  5506241  56.70
1960-1969       14      0.00060  0.00060  0.50   97054      59   97024  5409161  55.73
1960-1969       15      0.00068  0.00068  0.50   96995      66   96962  5312137  54.77
1960-1969       16      0.00093  0.00093  0.50   96929      90   96884  5215175  53.80
1960-1969       17      0.00136  0.00136  0.50   96839     132   96773  5118291  52.85
1960-1969       18      0.00171  0.00171  0.50   96707     165   96625  5021517  51.92
1960-1969       19      0.00188  0.00188  0.50   96542     182   96451  4924893  51.01
1960-1969       20      0.00186  0.00185  0.50   96361     179   96271  4828441  50.11
1960-1969       21      0.00182  0.00182  0.50   96182     175   96095  4732170  49.20
1960-1969       22      0.00171  0.00171  0.50   96007     164   95925  4636075  48.29
1960-1969       23      0.00154  0.00154  0.50   95843     148   95769  4540150  47.37
1960-1969       24      0.00151  0.00151  0.50   95696     145   95623  4444381  46.44
1960-1969       25      0.00144  0.00144  0.50   95551     137   95482  4348757  45.51
1960-1969       26      0.00143  0.00143  0.50   95413     136   95345  4253275  44.58
1960-1969       27      0.00143  0.00143  0.50   95277     136   95209  4157930  43.64
1960-1969       28      0.00151  0.00151  0.50   95141     143   95069  4062721  42.70
1960-1969       29      0.00149  0.00149  0.50   94997     142   94926  3967652  41.77
1960-1969       30      0.00152  0.00152  0.50   94855     144   94783  3872726  40.83
1960-1969       31      0.00153  0.00153  0.50   94711     145   94639  3777943  39.89
1960-1969       32      0.00161  0.00161  0.50   94566     152   94490  3683304  38.95
1960-1969       33      0.00178  0.00178  0.50   94414     168   94330  3588814  38.01
1960-1969       34      0.00193  0.00193  0.50   94246     181   94155  3494484  37.08
1960-1969       35      0.00199  0.00199  0.50   94064     187   93971  3400329  36.15
1960-1969       36      0.00215  0.00215  0.50   93877     202   93776  3306358  35.22
1960-1969       37      0.00224  0.00224  0.50   93675     210   93570  3212582  34.30
1960-1969       38      0.00256  0.00256  0.50   93465     239   93346  3119012  33.37
1960-1969       39      0.00280  0.00280  0.50   93226     261   93096  3025667  32.46
1960-1969       40      0.00301  0.00300  0.50   92965     279   92825  2932571  31.54
1960-1969       41      0.00328  0.00327  0.50   92686     304   92534  2839746  30.64
1960-1969       42      0.00401  0.00401  0.50   92382     370   92197  2747212  29.74
1960-1969       43      0.00421  0.00420  0.50   92012     386   91819  2655014  28.86
1960-1969       44      0.00436  0.00435  0.50   91626     399   91427  2563195  27.97
1960-1969       45      0.00497  0.00496  0.50   91227     453   91001  2471769  27.09
1960-1969       46      0.00539  0.00538  0.50   90775     488   90531  2380768  26.23
1960-1969       47      0.00611  0.00609  0.50   90287     550   90011  2290237  25.37
1960-1969       48      0.00687  0.00685  0.50   89736     614   89429  2200226  24.52
1960-1969       49      0.00765  0.00762  0.50   89122     679   88782  2110797  23.68
1960-1969       50      0.00824  0.00821  0.50   88443     726   88079  2022014  22.86
1960-1969       51      0.00882  0.00878  0.50   87716     770   87331  1933935  22.05
1960-1969       52      0.01029  0.01024  0.50   86946     890   86501  1846603  21.24
1960-1969       53      0.01144  0.01137  0.50   86056     979   85567  1760102  20.45
1960-1969       54      0.01304  0.01295  0.50   85077    1102   84527  1674536  19.68
1960-1969       55      0.01328  0.01320  0.50   83976    1108   83421  1590009  18.93
1960-1969       56      0.01526  0.01514  0.50   82867    1255   82240  1506588  18.18
1960-1969       57      0.01674  0.01660  0.50   81612    1354   80935  1424348  17.45
1960-1969       58      0.01911  0.01893  0.50   80258    1519   79498  1343412  16.74
1960-1969       59      0.02117  0.02095  0.50   78739    1650   77914  1263914  16.05
1960-1969       60      0.02275  0.02249  0.50   77089    1734   76222  1186000  15.38
1960-1969       61      0.02404  0.02376  0.50   75355    1790   74460  1109777  14.73
1960-1969       62      0.02799  0.02760  0.50   73565    2031   72550  1035317  14.07
1960-1969       63      0.03061  0.03015  0.50   71535    2157   70456   962767  13.46
1960-1969       64      0.03379  0.03323  0.50   69378    2305   68225   892310  12.86
1960-1969       65      0.03737  0.03668  0.50   67073    2460   65843   824085  12.29
1960-1969       66      0.03717  0.03649  0.50   64612    2358   63433   758243  11.74
1960-1969       67      0.04375  0.04281  0.50   62254    2665   60922   694809  11.16
1960-1969       68      0.04760  0.04649  0.50   59589    2770   58204   633888  10.64
1960-1969       69      0.05111  0.04983  0.50   56818    2832   55403   575684  10.13
1960-1969       70      0.05499  0.05352  0.50   53987    2889   52542   520281   9.64
1960-1969       71      0.05596  0.05444  0.50   51097    2782   49707   467739   9.15
1960-1969       72      0.06658  0.06443  0.50   48316    3113   46759   418033   8.65
1960-1969       73      0.07367  0.07105  0.50   45203    3212   43597   371273   8.21
1960-1969       74      0.08023  0.07714  0.50   41991    3239   40371   327676   7.80
1960-1969       75      0.08580  0.08227  0.50   38752    3188   37158   287305   7.41
1960-1969       76      0.09414  0.08991  0.50   35564    3198   33965   250147   7.03
1960-1969       77      0.09528  0.09094  0.50   32366    2944   30895   216182   6.68
1960-1969       78      0.11105  0.10521  0.50   29423    3096   27875   185287   6.30
1960-1969       79      0.11829  0.11169  0.50   26327    2940   24857   157412   5.98
1960-1969       80      0.12164  0.11467  0.50   23387    2682   22046   132555   5.67
1960-1969       81      0.12472  0.11740  0.50   20705    2431   19490   110509   5.34
1960-1969       82      0.14397  0.13430  0.50   18274    2454   17047    91019   4.98
1960-1969       83      0.15535  0.14416  0.50   15820    2281   14680    73972   4.68
1960-1969       84      0.17758  0.16309  0.50   13540    2208   12436    59292   4.38
1960-1969       85      0.18709  0.17108  0.50   11331    1939   10362    46857   4.14
1960-1969       86      0.20925  0.18943  0.50    9393    1779    8503    36495   3.89
1960-1969       87      0.22588  0.20296  0.50    7614    1545    6841    27991   3.68
1960-1969       88      0.24007  0.21434  0.50    6068    1301    5418    21151   3.49
1960-1969       89      0.25240  0.22412  0.50    4768    1069    4233    15733   3.30
1960-1969       90      0.27406  0.24103  0.50    3699     892    3253    11499   3.11
1960-1969       91      0.28580  0.25007  0.50    2807     702    2456     8246   2.94
1960-1969       92      0.30481  0.26450  0.50    2105     557    1827     5789   2.75
1960-1969       93      0.34530  0.29446  0.50    1549     456    1321     3962   2.56
1960-1969       94      0.37063  0.31268  0.50    1093     342     922     2642   2.42
1960-1969       95      0.39580  0.33041  0.50     751     248     627     1720   2.29
1960-1969       96      0.42115  0.34790  0.50     503     175     415     1093   2.17
1960-1969       97      0.44693  0.36530  0.50     328     120     268      678   2.07
1960-1969       98      0.47299  0.38252  0.50     208      80     168      410   1.97
1960-1969       99      0.49920  0.39949  0.50     129      51     103      242   1.88
1960-1969      100      0.52541  0.41610  0.50      77      32      61      139   1.80
1960-1969      101      0.55149  0.43229  0.50      45      19      35       78   1.72
1960-1969      102      0.57728  0.44798  0.50      26      11      20       42   1.66
1960-1969      103      0.60266  0.46311  0.50      14       7      11       23   1.59
1960-1969      104      0.62750  0.47764  0.50       8       4       6       12   1.54
1960-1969      105      0.65169  0.49153  0.50       4       2       3        6   1.49
1960-1969      106      0.67512  0.50474  0.50       2       1       2        3   1.44
1960-1969      107      0.69770  0.51725  0.50       1       1       1        1   1.40
1960-1969      108      0.71936  0.52907  0.50       0       0       0        1   1.36
1960-1969      109      0.74005  0.54018  0.50       0       0       0        0   1.34
1960-1969      110+     0.75973  1.00000  1.32       0       0       0        0   1.32
1970-1979        0      0.01701  0.01676  0.12  100000    1676   98517  6913510  69.14
1970-1979        1      0.00130  0.00130  0.50   98324     128   98260  6814993  69.31
1970-1979        2      0.00088  0.00088  0.50   98196      86   98153  6716733  68.40
1970-1979        3      0.00071  0.00071  0.50   98110      69   98075  6618580  67.46
1970-1979        4      0.00055  0.00055  0.50   98040      54   98014  6520505  66.51
1970-1979        5      0.00045  0.00045  0.50   97987      44   97965  6422491  65.54
1970-1979        6      0.00044  0.00044  0.50   97942      43   97921  6324527  64.57
1970-1979        7      0.00040  0.00040  0.50   97899      39   97879  6226606  63.60
1970-1979        8      0.00033  0.00033  0.50   97860      32   97844  6128727  62.63
1970-1979        9      0.00032  0.00032  0.50   97827      32   97812  6030883  61.65
1970-1979       10      0.00032  0.00032  0.50   97796      31   97780  5933071  60.67
1970-1979       11      0.00035  0.00035  0.50   97765      34   97747  5835291  59.69
1970-1979       12      0.00038  0.00038  0.50   97730      37   97712  5737544  58.71
1970-1979       13      0.00039  0.00039  0.50   97693      38   97674  5639832  57.73
1970-1979       14      0.00052  0.00052  0.50   97655      51   97630  5542158  56.75
1970-1979       15      0.00067  0.00067  0.50   97604      65   97572  5444528  55.78
1970-1979       16      0.00106  0.00106  0.50   97539     104   97487  5346956  54.82
1970-1979       17      0.00154  0.00154  0.50   97436     150   97360  5249469  53.88
1970-1979       18      0.00206  0.00206  0.50   97285     200   97185  5152108  52.96
1970-1979       19      0.00214  0.00214  0.50   97085     208   96981  5054923  52.07
1970-1979       20      0.00202  0.00202  0.50   96877     196   96779  4957942  51.18
1970-1979       21      0.00193  0.00193  0.50   96682     186   96588  4861163  50.28
1970-1979       22      0.00176  0.00176  0.50   96495     170   96410  4764574  49.38
1970-1979       23      0.00159  0.00159  0.50   96326     153   96249  4668164  48.46
1970-1979       24      0.00151  0.00151  0.50   96173     145   96100  4571915  47.54
1970-1979       25      0.00142  0.00142  0.50   96028     137   95960  4475814  46.61
1970-1979       26      0.00132  0.00132  0.50   95892     127   95828  4379854  45.68
1970-1979       27      0.00132  0.00132  0.50   95765     126   95702  4284026  44.73
1970-1979       28      0.00127  0.00127  0.50   95638     121   95578  4188325  43.79
1970-1979       29      0.00136  0.00136  0.50   95517     130   95452  4092747  42.85
1970-1979       30      0.00128  0.00128  0.50   95388     122   95327  3997294  41.91
1970-1979       31      0.00136  0.00136  0.50   95266     130   95201  3901968  40.96
1970-1979       32      0.00148  0.00148  0.50   95136     141   95066  3806767  40.01
1970-1979       33      0.00139  0.00139  0.50   94995     132   94929  3711701  39.07
1970-1979       34      0.00155  0.00155  0.50   94863     147   94789  3616772  38.13
1970-1979       35      0.00172  0.00172  0.50   94716     163   94634  3521982  37.18
1970-1979       36      0.00182  0.00182  0.50   94553     172   94467  3427348  36.25
1970-1979       37      0.00198  0.00198  0.50   94381     187   94287  3332881  35.31
1970-1979       38      0.00223  0.00222  0.50   94194     209   94089  3238593  34.38
1970-1979       39      0.00247  0.00246  0.50   93984     232   93869  3144504  33.46
1970-1979       40      0.00244  0.00244  0.50   93753     229   93638  3050636  32.54
1970-1979       41      0.00279  0.00279  0.50   93524     261   93394  2956998  31.62
1970-1979       42      0.00333  0.00333  0.50   93263     310   93108  2863604  30.70
1970-1979       43      0.00367  0.00367  0.50   92953     341   92783  2770496  29.81
1970-1979       44      0.00404  0.00403  0.50   92612     373   92425  2677714  28.91
1970-1979       45      0.00446  0.00445  0.50   92239     411   92034  2585288  28.03
1970-1979       46      0.00512  0.00511  0.50   91828     469   91594  2493255  27.15
1970-1979       47      0.00562  0.00560  0.50   91359     512   91103  2401661  26.29
1970-1979       48      0.00619  0.00617  0.50   90847     561   90567  2310558  25.43
1970-1979       49      0.00717  0.00715  0.50   90286     645   89964  2219991  24.59
1970-1979       50      0.00754  0.00751  0.50   89641     673   89304  2130028  23.76
1970-1979       51      0.00799  0.00796  0.50   88968     708   88614  2040723  22.94
1970-1979       52      0.00955  0.00951  0.50   88259     839   87840  1952110  22.12
1970-1979       53      0.01028  0.01022  0.50   87420     894   86974  1864270  21.33
1970-1979       54      0.01147  0.01141  0.50   86527     987   86033  1777296  20.54
1970-1979       55      0.01210  0.01203  0.50   85540    1029   85025  1691263  19.77
1970-1979       56      0.01378  0.01369  0.50   84511    1157   83932  1606238  19.01
1970-1979       57      0.01499  0.01488  0.50   83354    1240   82734  1522306  18.26
1970-1979       58      0.01689  0.01675  0.50   82114    1375   81426  1439572  17.53
1970-1979       59      0.01884  0.01866  0.50   80739    1507   79985  1358146  16.82
1970-1979       60      0.02030  0.02009  0.50   79232    1592   78436  1278161  16.13
1970-1979       61      0.02121  0.02099  0.50   77640    1630   76825  1199725  15.45
1970-1979       62      0.02485  0.02455  0.50   76010    1866   75077  1122900  14.77
1970-1979       63      0.02732  0.02695  0.50   74144    1999   73145  1047822  14.13
1970-1979       64      0.02955  0.02912  0.50   72146    2101   71095   974677  13.51
1970-1979       65      0.03305  0.03251  0.50   70045    2277   68906   903582  12.90
1970-1979       66      0.03318  0.03264  0.50   67768    2212   66662   834676  12.32
1970-1979       67      0.03885  0.03811  0.50   65556    2498   64307   768014  11.72
1970-1979       68      0.04153  0.04069  0.50   63057    2566   61775   703707  11.16
1970-1979       69      0.04680  0.04573  0.50   60492    2766   59108   641933  10.61
1970-1979       70      0.04936  0.04817  0.50   57725    2781   56335   582824  10.10
1970-1979       71      0.05214  0.05081  0.50   54945    2792   53549   526490   9.58
1970-1979       72      0.06063  0.05885  0.50   52153    3069   50618   472941   9.07
1970-1979       73      0.06588  0.06378  0.50   49084    3131   47518   422323   8.60
1970-1979       74      0.07213  0.06962  0.50   45953    3199   44353   374804   8.16
1970-1979       75      0.07893  0.07593  0.50   42754    3246   41131   330451   7.73
1970-1979       76      0.08620  0.08264  0.50   39507    3265   37875   289320   7.32
1970-1979       77      0.09074  0.08680  0.50   36243    3146   34670   251445   6.94
1970-1979       78      0.10315  0.09809  0.50   33097    3246   31473   216776   6.55
1970-1979       79      0.10997  0.10424  0.50   29850    3112   28294   185302   6.21
1970-1979       80      0.11610  0.10973  0.50   26739    2934   25272   157008   5.87
1970-1979       81      0.12110  0.11418  0.50   23805    2718   22446   131736   5.53
1970-1979       82      0.13887  0.12985  0.50   21087    2738   19718   109291   5.18
1970-1979       83      0.15343  0.14250  0.50   18348    2615   17041    89573   4.88
1970-1979       84      0.16576  0.15307  0.50   15734    2408   14530    72532   4.61
1970-1979       85      0.17573  0.16153  0.50   13325    2152   12249    58002   4.35
1970-1979       86      0.19687  0.17923  0.50   11173    2003   10172    45753   4.09
1970-1979       87      0.20779  0.18823  0.50    9170    1726    8307    35581   3.88
1970-1979       88      0.22029  0.19843  0.50    7444    1477    6706    27274   3.66
1970-1979       89      0.24692  0.21979  0.50    5967    1311    5311    20568   3.45
1970-1979       90      0.25723  0.22792  0.50    4656    1061    4125    15257   3.28
1970-1979       91      0.26553  0.23441  0.50    3594     843    3173    11132   3.10
1970-1979       92      0.29616  0.25796  0.50    2752     710    2397     7959   2.89
1970-1979       93      0.32867  0.28228  0.50    2042     576    1754     5562   2.72
1970-1979       94      0.33935  0.29012  0.50    1466     425    1253     3808   2.60
1970-1979       95      0.36619  0.30952  0.50    1040     322     879     2555   2.46
1970-1979       96      0.38944  0.32597  0.50     718     234     601     1676   2.33
1970-1979       97      0.41320  0.34245  0.50     484     166     401     1074   2.22
1970-1979       98      0.43738  0.35889  0.50     318     114     261      673   2.11
1970-1979       99      0.46185  0.37521  0.50     204      77     166      412   2.02
1970-1979      100      0.48652  0.39132  0.50     128      50     103      246   1.93
1970-1979      101      0.51124  0.40716  0.50      78      32      62      143   1.85
1970-1979      102      0.53592  0.42266  0.50      46      19      36       82   1.77
1970-1979      103      0.56041  0.43775  0.50      27      12      21       45   1.70
1970-1979      104      0.58462  0.45238  0.50      15       7      12       25   1.64
1970-1979      105      0.60843  0.46651  0.50       8       4       6       13   1.58
1970-1979      106      0.63173  0.48008  0.50       4       2       3        7   1.53
1970-1979      107      0.65443  0.49308  0.50       2       1       2        3   1.49
1970-1979      108      0.67645  0.50548  0.50       1       1       1        2   1.45
1970-1979      109      0.69771  0.51726  0.50       1       0       0        1   1.41
1970-1979      110+     0.71816  1.00000  1.39       0       0       0        0   1.39
1980-1989        0      0.01064  0.01054  0.13  100000    1054   99081  7227495  72.27
1980-1989        1      0.00081  0.00081  0.50   98946      80   98906  7128414  72.04
1980-1989        2      0.00058  0.00058  0.50   98866      57   98837  7029508  71.10
1980-1989        3      0.00048  0.00048  0.50   98809      48   98785  6930671  70.14
1980-1989        4      0.00037  0.00037  0.50   98761      36   98743  6831886  69.18
1980-1989        5      0.00031  0.00031  0.50   98725      31   98710  6733143  68.20
1980-1989        6      0.00030  0.00030  0.50   98694      30   98679  6634433  67.22
1980-1989        7      0.00027  0.00027  0.50   98664      26   98651  6535754  66.24
1980-1989        8      0.00027  0.00027  0.50   98638      26   98625  6437103  65.26
1980-1989        9      0.00022  0.00022  0.50   98612      21   98601  6338478  64.28
1980-1989       10      0.00027  0.00027  0.50   98590      27   98577  6239877  63.29
1980-1989       11      0.00024  0.00024  0.50   98564      24   98552  6141300  62.31
1980-1989       12      0.00028  0.00028  0.50   98540      28   98526  6042749  61.32
1980-1989       13      0.00033  0.00033  0.50   98512      33   98495  5944223  60.34
1980-1989       14      0.00039  0.00039  0.50   98479      38   98460  5845727  59.36
1980-1989       15      0.00049  0.00049  0.50   98441      48   98417  5747267  58.38
1980-1989       16      0.00074  0.00074  0.50   98393      73   98356  5648851  57.41
1980-1989       17      0.00120  0.00120  0.50   98320     118   98261  5550494  56.45
1980-1989       18      0.00153  0.00153  0.50   98202     150   98127  5452233  55.52
1980-1989       19      0.00163  0.00163  0.50   98052     160   97972  5354106  54.60
1980-1989       20      0.00162  0.00162  0.50   97893     158   97813  5256133  53.69
1980-1989       21      0.00157  0.00157  0.50   97734     154   97658  5158320  52.78
1980-1989       22      0.00152  0.00152  0.50   97581     148   97507  5060662  51.86
1980-1989       23      0.00143  0.00143  0.50   97433     140   97363  4963155  50.94
1980-1989       24      0.00147  0.00147  0.50   97293     143   97222  4865793  50.01
1980-1989       25      0.00142  0.00141  0.50   97150     137   97082  4768571  49.08
1980-1989       26      0.00135  0.00135  0.50   97013     131   96947  4671489  48.15
1980-1989       27      0.00134  0.00134  0.50   96882     130   96817  4574542  47.22
1980-1989       28      0.00134  0.00134  0.50   96752     129   96687  4477725  46.28
1980-1989       29      0.00133  0.00132  0.50   96622     128   96558  4381038  45.34
1980-1989       30      0.00125  0.00125  0.50   96494     121   96434  4284480  44.40
1980-1989       31      0.00126  0.00126  0.50   96374     121   96313  4188046  43.46
1980-1989       32      0.00126  0.00126  0.50   96252     121   96192  4091733  42.51
1980-1989       33      0.00136  0.00136  0.50   96131     130   96066  3995541  41.56
1980-1989       34      0.00136  0.00136  0.50   96001     130   95935  3899476  40.62
1980-1989       35      0.00141  0.00141  0.50   95870     135   95803  3803540  39.67
1980-1989       36      0.00136  0.00136  0.50   95735     130   95670  3707738  38.73
1980-1989       37      0.00148  0.00148  0.50   95605     141   95535  3612067  37.78
1980-1989       38      0.00160  0.00160  0.50   95464     153   95388  3516533  36.84
1980-1989       39      0.00179  0.00179  0.50   95311     170   95226  3421145  35.89
1980-1989       40      0.00187  0.00187  0.50   95141     177   95052  3325919  34.96
1980-1989       41      0.00196  0.00196  0.50   94964     186   94871  3230866  34.02
1980-1989       42      0.00234  0.00234  0.50   94778     222   94667  3135995  33.09
1980-1989       43      0.00267  0.00266  0.50   94556     252   94430  3041329  32.16
1980-1989       44      0.00278  0.00278  0.50   94304     262   94173  2946899  31.25
1980-1989       45      0.00304  0.00304  0.50   94042     286   93899  2852726  30.33
1980-1989       46      0.00359  0.00358  0.50   93756     336   93588  2758827  29.43
1980-1989       47      0.00373  0.00372  0.50   93420     348   93246  2665239  28.53
1980-1989       48      0.00424  0.00423  0.50   93072     394   92875  2571993  27.63
1980-1989       49      0.00474  0.00473  0.50   92678     438   92459  2479117  26.75
1980-1989       50      0.00556  0.00555  0.50   92240     512   91984  2386658  25.87
1980-1989       51      0.00584  0.00582  0.50   91728     534   91461  2294674  25.02
1980-1989       52      0.00677  0.00675  0.50   91194     616   90886  2203212  24.16
1980-1989       53      0.00759  0.00756  0.50   90578     685   90236  2112326  23.32
1980-1989       54      0.00836  0.00832  0.50   89894     748   89520  2022090  22.49
1980-1989       55      0.00917  0.00912  0.50   89146     813   88739  1932571  21.68
1980-1989       56      0.01012  0.01007  0.50   88332     889   87888  1843832  20.87
1980-1989       57      0.01149  0.01143  0.50   87443     999   86943  1755944  20.08
1980-1989       58      0.01284  0.01275  0.50   86444    1102   85893  1669000  19.31
1980-1989       59      0.01424  0.01414  0.50   85341    1207   84738  1583108  18.55
1980-1989       60      0.01519  0.01507  0.50   84135    1268   83501  1498370  17.81
1980-1989       61      0.01632  0.01619  0.50   82867    1342   82196  1414869  17.07
1980-1989       62      0.01888  0.01871  0.50   81525    1525   80762  1332673  16.35
1980-1989       63      0.02052  0.02031  0.50   80000    1625   79188  1251910  15.65
1980-1989       64      0.02247  0.02222  0.50   78375    1741   77504  1172723  14.96
1980-1989       65      0.02513  0.02482  0.50   76634    1902   75683  1095218  14.29
1980-1989       66      0.02646  0.02612  0.50   74732    1952   73756  1019535  13.64
1980-1989       67      0.03020  0.02975  0.50   72780    2165   71697   945779  13.00
1980-1989       68      0.03220  0.03169  0.50   70615    2237   69496   874082  12.38
1980-1989       69      0.03689  0.03622  0.50   68377    2477   67139   804586  11.77
1980-1989       70      0.03916  0.03840  0.50   65900    2531   64635   737447  11.19
1980-1989       71      0.04306  0.04215  0.50   63370    2671   62034   672812  10.62
1980-1989       72      0.04914  0.04797  0.50   60698    2911   59243   610778  10.06
1980-1989       73      0.05276  0.05140  0.50   57787    2970   56302   551536   9.54
1980-1989       74      0.05856  0.05690  0.50   54817    3119   53257   495234   9.03
1980-1989       75      0.06384  0.06186  0.50   51698    3198   50099   441977   8.55
1980-1989       76      0.07026  0.06788  0.50   48499    3292   46853   391878   8.08
1980-1989       77      0.07493  0.07222  0.50   45207    3265   43575   345025   7.63
1980-1989       78      0.08460  0.08117  0.50   41942    3405   40240   301450   7.19
1980-1989       79      0.09368  0.08949  0.50   38538    3449   36813   261210   6.78
1980-1989       80      0.10083  0.09599  0.50   35089    3368   33405   224397   6.40
1980-1989       81      0.10664  0.10124  0.50   31721    3212   30115   190991   6.02
1980-1989       82      0.12049  0.11364  0.50   28510    3240   26890   160876   5.64
1980-1989       83      0.13346  0.12511  0.50   25270    3161   23689   133987   5.30
1980-1989       84      0.14622  0.13626  0.50   22108    3012   20602   110298   4.99
1980-1989       85      0.15648  0.14512  0.50   19096    2771   17710    89696   4.70
1980-1989       86      0.16998  0.15666  0.50   16325    2557   15046    71985   4.41
1980-1989       87      0.19098  0.17434  0.50   13767    2400   12567    56939   4.14
1980-1989       88      0.19737  0.17964  0.50   11367    2042   10346    44372   3.90
1980-1989       89      0.22155  0.19946  0.50    9325    1860    8395    34026   3.65
1980-1989       90      0.24008  0.21435  0.50    7465    1600    6665    25631   3.43
1980-1989       91      0.25407  0.22543  0.50    5865    1322    5204    18966   3.23
1980-1989       92      0.28270  0.24769  0.50    4543    1125    3980    13762   3.03
1980-1989       93      0.30244  0.26271  0.50    3418     898    2969     9782   2.86
1980-1989       94      0.32606  0.28035  0.50    2520     706    2167     6813   2.70
1980-1989       95      0.34591  0.29491  0.50    1813     535    1546     4647   2.56
1980-1989       96      0.36984  0.31212  0.50    1279     399    1079     3101   2.43
1980-1989       97      0.39441  0.32944  0.50     880     290     735     2022   2.30
1980-1989       98      0.41954  0.34679  0.50     590     205     487     1287   2.18
1980-1989       99      0.44508  0.36406  0.50     385     140     315      800   2.08
1980-1989      100      0.47093  0.38117  0.50     245      93     198      485   1.98
1980-1989      101      0.49692  0.39803  0.50     152      60     121      286   1.89
1980-1989      102      0.52294  0.41455  0.50      91      38      72      165   1.81
1980-1989      103      0.54883  0.43065  0.50      53      23      42       93   1.73
1980-1989      104      0.57446  0.44627  0.50      30      14      24       51   1.66
1980-1989      105      0.59969  0.46136  0.50      17       8      13       27   1.60
1980-1989      106      0.62441  0.47585  0.50       9       4       7       14   1.55
1980-1989      107      0.64850  0.48971  0.50       5       2       4        7   1.50
1980-1989      108      0.67185  0.50291  0.50       2       1       2        4   1.45
1980-1989      109      0.69438  0.51543  0.50       1       1       1        2   1.42
1980-1989      110+     0.71602  1.00000  1.40       1       1       1        1   1.40
1990-1999        0      0.00684  0.00680  0.14  100000     680   99413  7525440  75.25
1990-1999        1      0.00060  0.00060  0.50   99320      60   99290  7426028  74.77
1990-1999        2      0.00042  0.00042  0.50   99260      41   99240  7326737  73.81
1990-1999        3      0.00032  0.00032  0.50   99219      32   99203  7227498  72.84
1990-1999        4      0.00024  0.00024  0.50   99187      24   99175  7128295  71.87
1990-1999        5      0.00019  0.00019  0.50   99163      19   99154  7029119  70.88
1990-1999        6      0.00017  0.00017  0.50   99144      17   99136  6929966  69.90
1990-1999        7      0.00017  0.00017  0.50   99127      17   99118  6830830  68.91
1990-1999        8      0.00018  0.00018  0.50   99110      18   99101  6731712  67.92
1990-1999        9      0.00016  0.00016  0.50   99092      16   99084  6632611  66.93
1990-1999       10      0.00017  0.00017  0.50   99077      17   99068  6533526  65.94
1990-1999       11      0.00016  0.00016  0.50   99060      16   99052  6434458  64.96
1990-1999       12      0.00017  0.00017  0.50   99044      17   99035  6335406  63.97
1990-1999       13      0.00020  0.00020  0.50   99027      20   99017  6236371  62.98
1990-1999       14      0.00030  0.00030  0.50   99007      30   98992  6137354  61.99
1990-1999       15      0.00042  0.00042  0.50   98977      41   98957  6038362  61.01
1990-1999       16      0.00057  0.00057  0.50   98936      57   98908  5939405  60.03
1990-1999       17      0.00081  0.00081  0.50   98879      80   98839  5840498  59.07
1990-1999       18      0.00111  0.00111  0.50   98799     110   98744  5741658  58.11
1990-1999       19      0.00116  0.00116  0.50   98690     114   98632  5642914  57.18
1990-1999       20      0.00118  0.00118  0.50   98575     117   98517  5544282  56.24
1990-1999       21      0.00123  0.00123  0.50   98459     121   98398  5445765  55.31
1990-1999       22      0.00126  0.00126  0.50   98338     124   98276  5347366  54.38
1990-1999       23      0.00130  0.00130  0.50   98214     128   98151  5249090  53.45
1990-1999       24      0.00121  0.00121  0.50   98087     119   98027  5150940  52.51
1990-1999       25      0.00121  0.00121  0.50   97968     118   97908  5052912  51.58
1990-1999       26      0.00136  0.00136  0.50   97849     133   97783  4955004  50.64
1990-1999       27      0.00128  0.00128  0.50   97716     125   97654  4857222  49.71
1990-1999       28      0.00125  0.00125  0.50   97591     122   97530  4759568  48.77
1990-1999       29      0.00132  0.00132  0.50   97469     128   97405  4662037  47.83
1990-1999       30      0.00136  0.00136  0.50   97341     133   97275  4564632  46.89
1990-1999       31      0.00137  0.00137  0.50   97209     133   97142  4467357  45.96
1990-1999       32      0.00142  0.00142  0.50   97075     137   97007  4370215  45.02
1990-1999       33      0.00133  0.00133  0.50   96938     129   96874  4273209  44.08
1990-1999       34      0.00143  0.00143  0.50   96809     138   96740  4176335  43.14
1990-1999       35      0.00145  0.00145  0.50   96671     140   96601  4079595  42.20
1990-1999       36      0.00150  0.00150  0.50   96531     145   96458  3982994  41.26
1990-1999       37      0.00149  0.00149  0.50   96386     143   96314  3886536  40.32
1990-1999       38      0.00154  0.00154  0.50   96243     148   96169  3790222  39.38
1990-1999       39      0.00164  0.00164  0.50   96095     157   96016  3694053  38.44
1990-1999       40      0.00169  0.00169  0.50   95937     162   95856  3598037  37.50
1990-1999       41      0.00186  0.00186  0.50   95775     178   95686  3502181  36.57
1990-1999       42      0.00193  0.00193  0.50   95598     185   95505  3406494  35.63
1990-1999       43      0.00204  0.00204  0.50   95413     195   95315  3310989  34.70
1990-1999       44      0.00220  0.00220  0.50   95218     210   95113  3215674  33.77
1990-1999       45      0.00235  0.00235  0.50   95008     223   94897  3120560  32.85
1990-1999       46      0.00261  0.00260  0.50   94786     247   94662  3025663  31.92
1990-1999       47      0.00275  0.00274  0.50   94539     259   94409  2931001  31.00
1990-1999       48      0.00300  0.00299  0.50   94279     282   94138  2836592  30.09
1990-1999       49      0.00329  0.00329  0.50   93997     309   93843  2742454  29.18
1990-1999       50      0.00378  0.00377  0.50   93688     354   93511  2648611  28.27
1990-1999       51      0.00411  0.00410  0.50   93335     383   93143  2555099  27.38
1990-1999       52      0.00449  0.00448  0.50   92952     416   92744  2461956  26.49
1990-1999       53      0.00505  0.00504  0.50   92536     466   92302  2369213  25.60
1990-1999       54      0.00554  0.00552  0.50   92069     509   91815  2276910  24.73
1990-1999       55      0.00616  0.00615  0.50   91561     563   91279  2185095  23.86
1990-1999       56      0.00686  0.00684  0.50   90998     622   90687  2093816  23.01
1990-1999       57      0.00778  0.00775  0.50   90376     701   90026  2003129  22.16
1990-1999       58      0.00868  0.00864  0.50   89675     775   89288  1913103  21.33
1990-1999       59      0.00967  0.00962  0.50   88901     856   88473  1823815  20.52
1990-1999       60      0.01077  0.01071  0.50   88045     943   87574  1735343  19.71
1990-1999       61      0.01209  0.01202  0.50   87102    1047   86579  1647769  18.92
1990-1999       62      0.01360  0.01351  0.50   86055    1162   85474  1561190  18.14
1990-1999       63      0.01509  0.01498  0.50   84893    1271   84257  1475716  17.38
1990-1999       64      0.01657  0.01643  0.50   83621    1374   82935  1391459  16.64
1990-1999       65      0.01838  0.01821  0.50   82248    1498   81499  1308524  15.91
1990-1999       66      0.02036  0.02015  0.50   80750    1627   79936  1227025  15.20
1990-1999       67      0.02280  0.02254  0.50   79123    1784   78231  1147089  14.50
1990-1999       68      0.02510  0.02479  0.50   77339    1917   76380  1068858  13.82
1990-1999       69      0.02754  0.02717  0.50   75422    2049   74397   992478  13.16
1990-1999       70      0.03034  0.02988  0.50   73372    2193   72276   918081  12.51
1990-1999       71      0.03355  0.03299  0.50   71180    2348   70006   845805  11.88
1990-1999       72      0.03690  0.03623  0.50   68831    2494   67584   775799  11.27
1990-1999       73      0.04068  0.03987  0.50   66337    2645   65015   708215  10.68
1990-1999       74      0.04481  0.04382  0.50   63693    2791   62297   643199  10.10
1990-1999       75      0.04903  0.04786  0.50   60902    2915   59444   580902   9.54
1990-1999       76      0.05462  0.05317  0.50   57987    3083   56446   521458   8.99
1990-1999       77      0.06096  0.05915  0.50   54904    3248   53280   465012   8.47
1990-1999       78      0.06679  0.06463  0.50   51656    3339   49987   411732   7.97
1990-1999       79      0.07491  0.07221  0.50   48318    3489   46573   361745   7.49
1990-1999       80      0.08317  0.07985  0.50   44829    3580   43039   315171   7.03
1990-1999       81      0.09194  0.08790  0.50   41249    3626   39436   272132   6.60
1990-1999       82      0.10262  0.09761  0.50   37623    3672   35787   232696   6.18
1990-1999       83      0.11138  0.10550  0.50   33951    3582   32160   196909   5.80
1990-1999       84      0.12449  0.11719  0.50   30369    3559   28590   164749   5.42
1990-1999       85      0.13654  0.12782  0.50   26810    3427   25097   136159   5.08
1990-1999       86      0.15105  0.14044  0.50   23383    3284   21741   111062   4.75
1990-1999       87      0.16516  0.15256  0.50   20099    3066   18566    89321   4.44
1990-1999       88      0.18027  0.16536  0.50   17033    2817   15625    70755   4.15
1990-1999       89      0.19959  0.18148  0.50   14216    2580   12926    55131   3.88
1990-1999       90      0.21829  0.19681  0.50   11636    2290   10491    42204   3.63
1990-1999       91      0.23805  0.21273  0.50    9346    1988    8352    31713   3.39
1990-1999       92      0.26130  0.23110  0.50    7358    1700    6508    23361   3.17
1990-1999       93      0.28733  0.25123  0.50    5658    1421    4947    16853   2.98
1990-1999       94      0.30412  0.26398  0.50    4236    1118    3677    11907   2.81
1990-1999       95      0.33019  0.28340  0.50    3118     884    2676     8230   2.64
1990-1999       96      0.35569  0.30198  0.50    2234     675    1897     5553   2.49
1990-1999       97      0.38203  0.32076  0.50    1560     500    1309     3657   2.34
1990-1999       98      0.40908  0.33962  0.50    1059     360     879     2347   2.22
1990-1999       99      0.43670  0.35843  0.50     700     251     574     1468   2.10
1990-1999      100      0.46471  0.37709  0.50     449     169     364      893   1.99
1990-1999      101      0.49295  0.39547  0.50     280     111     224      529   1.89
1990-1999      102      0.52123  0.41347  0.50     169      70     134      305   1.80
1990-1999      103      0.54938  0.43099  0.50      99      43      78      171   1.72
1990-1999      104      0.57721  0.44794  0.50      56      25      44       93   1.65
1990-1999      105      0.60457  0.46424  0.50      31      14      24       49   1.59
1990-1999      106      0.63128  0.47983  0.50      17       8      13       25   1.53
1990-1999      107      0.65721  0.49466  0.50       9       4       7       13   1.48
1990-1999      108      0.68224  0.50871  0.50       4       2       3        6   1.43
1990-1999      109      0.70626  0.52194  0.50       2       1       2        3   1.39
1990-1999      110+     0.72918  1.00000  1.37       1       1       1        1   1.37
2000-2009        0      0.00520  0.00517  0.14  100000     517   99554  7836489  78.36
2000-2009        1      0.00041  0.00041  0.50   99483      41   99462  7736935  77.77
2000-2009        2      0.00028  0.00028  0.50   99442      28   99428  7637473  76.80
2000-2009        3      0.00021  0.00021  0.50   99414      21   99403  7538045  75.83
2000-2009        4      0.00016  0.00016  0.50   99393      16   99385  7438642  74.84
2000-2009        5      0.00015  0.00015  0.50   99377      15   99370  7339257  73.85
2000-2009        6      0.00013  0.00013  0.50   99362      13   99356  7239887  72.86
2000-2009        7      0.00013  0.00013  0.50   99349      13   99343  7140531  71.87
2000-2009        8      0.00010  0.00010  0.50   99337      10   99332  7041188  70.88
2000-2009        9      0.00012  0.00012  0.50   99327      12   99321  6941857  69.89
2000-2009       10      0.00012  0.00012  0.50   99315      11   99309  6842536  68.90
2000-2009       11      0.00010  0.00010  0.50   99303      10   99298  6743227  67.91
2000-2009       12      0.00014  0.00014  0.50   99293      14   99286  6643929  66.91
2000-2009       13      0.00016  0.00016  0.50   99279      16   99272  6544643  65.92
2000-2009       14      0.00017  0.00017  0.50   99264      17   99255  6445371  64.93
2000-2009       15      0.00028  0.00028  0.50   99247      28   99233  6346116  63.94
2000-2009       16      0.00037  0.00037  0.50   99219      37   99201  6246882  62.96
2000-2009       17      0.00059  0.00059  0.50   99182      59   99153  6147682  61.98
2000-2009       18      0.00077  0.00077  0.50   99124      76   99086  6048529  61.02
2000-2009       19      0.00081  0.00081  0.50   99048      81   99007  5949443  60.07
2000-2009       20      0.00083  0.00083  0.50   98967      82   98926  5850436  59.12
2000-2009       21      0.00085  0.00085  0.50   98885      84   98843  5751509  58.16
2000-2009       22      0.00077  0.00077  0.50   98801      76   98763  5652666  57.21
2000-2009       23      0.00089  0.00089  0.50   98725      88   98682  5553903  56.26
2000-2009       24      0.00090  0.00090  0.50   98638      88   98594  5455221  55.31
2000-2009       25      0.00093  0.00093  0.50   98549      92   98503  5356628  54.35
2000-2009       26      0.00092  0.00092  0.50   98457      91   98412  5258124  53.41
2000-2009       27      0.00095  0.00094  0.50   98367      93   98320  5159712  52.45
2000-2009       28      0.00097  0.00097  0.50   98274      95   98226  5061392  51.50
2000-2009       29      0.00104  0.00104  0.50   98178     102   98128  4963166  50.55
2000-2009       30      0.00103  0.00103  0.50   98077     101   98026  4865038  49.60
2000-2009       31      0.00108  0.00107  0.50   97975     105   97923  4767012  48.66
2000-2009       32      0.00113  0.00113  0.50   97870     110   97815  4669090  47.71
2000-2009       33      0.00114  0.00113  0.50   97760     111   97704  4571275  46.76
2000-2009       34      0.00112  0.00112  0.50   97649     109   97594  4473570  45.81
2000-2009       35      0.00118  0.00118  0.50   97539     115   97482  4375976  44.86
2000-2009       36      0.00125  0.00125  0.50   97424     122   97363  4278495  43.92
2000-2009       37      0.00126  0.00126  0.50   97302     123   97241  4181132  42.97
2000-2009       38      0.00131  0.00131  0.50   97179     127   97116  4083891  42.02
2000-2009       39      0.00141  0.00141  0.50   97053     136   96984  3986775  41.08
2000-2009       40      0.00151  0.00151  0.50   96916     146   96843  3889791  40.14
2000-2009       41      0.00159  0.00159  0.50   96770     154   96693  3792948  39.20
2000-2009       42      0.00164  0.00163  0.50   96616     158   96537  3696255  38.26
2000-2009       43      0.00185  0.00185  0.50   96458     178   96369  3599717  37.32
2000-2009       44      0.00198  0.00197  0.50   96280     190   96185  3503348  36.39
2000-2009       45      0.00214  0.00214  0.50   96090     205   95987  3407163  35.46
2000-2009       46      0.00227  0.00227  0.50   95885     217   95776  3311176  34.53
2000-2009       47      0.00242  0.00242  0.50   95667     231   95551  3215400  33.61
2000-2009       48      0.00270  0.00270  0.50   95436     258   95307  3119849  32.69
2000-2009       49      0.00282  0.00281  0.50   95178     268   95044  3024542  31.78
2000-2009       50      0.00305  0.00304  0.50   94910     289   94766  2929497  30.87
2000-2009       51      0.00330  0.00329  0.50   94622     312   94466  2834731  29.96
2000-2009       52      0.00351  0.00351  0.50   94310     331   94144  2740265  29.06
2000-2009       53      0.00400  0.00399  0.50   93979     375   93791  2646121  28.16
2000-2009       54      0.00424  0.00423  0.50   93604     396   93406  2552330  27.27
2000-2009       55      0.00473  0.00472  0.50   93208     440   92988  2458924  26.38
2000-2009       56      0.00502  0.00500  0.50   92768     464   92536  2365936  25.50
2000-2009       57      0.00563  0.00561  0.50   92304     518   92045  2273400  24.63
2000-2009       58      0.00621  0.00619  0.50   91786     568   91501  2181355  23.77
2000-2009       59      0.00691  0.00688  0.50   91217     628   90903  2089854  22.91
2000-2009       60      0.00762  0.00759  0.50   90589     688   90246  1998950  22.07
2000-2009       61      0.00837  0.00833  0.50   89902     749   89527  1908705  21.23
2000-2009       62      0.00911  0.00906  0.50   89153     808   88749  1819177  20.41
2000-2009       63      0.01018  0.01013  0.50   88345     895   87897  1730429  19.59
2000-2009       64      0.01121  0.01115  0.50   87450     975   86962  1642531  18.78
2000-2009       65      0.01254  0.01246  0.50   86475    1078   85936  1555569  17.99
2000-2009       66      0.01397  0.01387  0.50   85397    1184   84805  1469633  17.21
2000-2009       67      0.01543  0.01531  0.50   84213    1289   83568  1384828  16.44
2000-2009       68      0.01684  0.01670  0.50   82923    1385   82231  1301260  15.69
2000-2009       69      0.01865  0.01847  0.50   81538    1506   80785  1219029  14.95
2000-2009       70      0.02115  0.02093  0.50   80032    1675   79194  1138244  14.22
2000-2009       71      0.02291  0.02265  0.50   78357    1775   77470  1059050  13.52
2000-2009       72      0.02578  0.02545  0.50   76582    1949   75608   981580  12.82
2000-2009       73      0.02900  0.02859  0.50   74633    2134   73566   905972  12.14
2000-2009       74      0.03227  0.03176  0.50   72499    2303   71348   832406  11.48
2000-2009       75      0.03583  0.03520  0.50   70197    2471   68961   761058  10.84
2000-2009       76      0.04031  0.03952  0.50   67726    2676   66388   692096  10.22
2000-2009       77      0.04503  0.04404  0.50   65049    2864   63617   625709   9.62
2000-2009       78      0.05005  0.04882  0.50   62185    3036   60667   562091   9.04
2000-2009       79      0.05629  0.05475  0.50   59149    3238   57530   501424   8.48
2000-2009       80      0.06264  0.06074  0.50   55910    3396   54212   443895   7.94
2000-2009       81      0.07022  0.06784  0.50   52514    3562   50733   389682   7.42
2000-2009       82      0.07837  0.07542  0.50   48952    3692   47106   338949   6.92
2000-2009       83      0.08897  0.08518  0.50   45260    3855   43332   291843   6.45
2000-2009       84      0.09935  0.09464  0.50   41405    3919   39446   248511   6.00
2000-2009       85      0.11349  0.10740  0.50   37486    4026   35473   209065   5.58
2000-2009       86      0.12591  0.11845  0.50   33460    3963   31478   173592   5.19
2000-2009       87      0.14022  0.13103  0.50   29497    3865   27564   142114   4.82
2000-2009       88      0.15757  0.14607  0.50   25632    3744   23760   114549   4.47
2000-2009       89      0.17438  0.16039  0.50   21888    3511   20132    90790   4.15
2000-2009       90      0.19715  0.17946  0.50   18377    3298   16728    70657   3.84
2000-2009       91      0.21521  0.19431  0.50   15079    2930   13614    53929   3.58
2000-2009       92      0.23944  0.21384  0.50   12149    2598   10850    40315   3.32
2000-2009       93      0.26294  0.23239  0.50    9551    2220    8441    29465   3.08
2000-2009       94      0.29253  0.25521  0.50    7332    1871    6396    21023   2.87
2000-2009       95      0.31785  0.27426  0.50    5461    1498    4712    14627   2.68
2000-2009       96      0.34672  0.29550  0.50    3963    1171    3377     9915   2.50
2000-2009       97      0.37677  0.31704  0.50    2792     885    2349     6538   2.34
2000-2009       98      0.40780  0.33873  0.50    1907     646    1584     4188   2.20
2000-2009       99      0.43957  0.36037  0.50    1261     454    1034     2605   2.07
2000-2009      100      0.47186  0.38178  0.50     806     308     653     1571   1.95
2000-2009      101      0.50437  0.40279  0.50     499     201     398      918   1.84
2000-2009      102      0.53686  0.42324  0.50     298     126     235      520   1.75
2000-2009      103      0.56903  0.44299  0.50     172      76     134      285   1.66
2000-2009      104      0.60063  0.46191  0.50      96      44      74      152   1.59
2000-2009      105      0.63141  0.47990  0.50      51      25      39       78   1.52
2000-2009      106      0.66116  0.49690  0.50      27      13      20       39   1.46
2000-2009      107      0.68969  0.51284  0.50      13       7      10       19   1.41
2000-2009      108      0.71684  0.52770  0.50       7       3       5        9   1.36
2000-2009      109      0.74251  0.54148  0.50       3       2       2        4   1.33
2000-2009      110+     0.76661  1.00000  1.30       1       1       2        2   1.30
2010-2018        0      0.00370  0.00369  0.14  100000     369   99684  8058590  80.59
2010-2018        1      0.00028  0.00028  0.50   99631      28   99617  7958907  79.88
2010-2018        2      0.00017  0.00017  0.50   99603      17   99594  7859290  78.91
2010-2018        3      0.00013  0.00013  0.50   99586      13   99579  7759696  77.92
2010-2018        4      0.00011  0.00011  0.50   99572      11   99567  7660116  76.93
2010-2018        5      0.00011  0.00011  0.50   99562      10   99556  7560549  75.94
2010-2018        6      0.00009  0.00009  0.50   99551       9   99547  7460993  74.95
2010-2018        7      0.00009  0.00009  0.50   99542       9   99538  7361447  73.95
2010-2018        8      0.00009  0.00009  0.50   99533       9   99529  7261909  72.96
2010-2018        9      0.00008  0.00008  0.50   99524       8   99520  7162380  71.97
2010-2018       10      0.00008  0.00008  0.50   99516       8   99512  7062860  70.97
2010-2018       11      0.00007  0.00007  0.50   99507       7   99504  6963348  69.98
2010-2018       12      0.00009  0.00009  0.50   99500       9   99495  6863845  68.98
2010-2018       13      0.00013  0.00013  0.50   99491      13   99484  6764349  67.99
2010-2018       14      0.00016  0.00016  0.50   99478      16   99470  6664865  67.00
2010-2018       15      0.00021  0.00021  0.50   99462      21   99452  6565395  66.01
2010-2018       16      0.00028  0.00028  0.50   99441      28   99427  6465943  65.02
2010-2018       17      0.00041  0.00041  0.50   99413      41   99393  6366516  64.04
2010-2018       18      0.00052  0.00052  0.50   99372      52   99346  6267123  63.07
2010-2018       19      0.00057  0.00057  0.50   99320      57   99292  6167777  62.10
2010-2018       20      0.00060  0.00060  0.50   99264      60   99234  6068485  61.14
2010-2018       21      0.00058  0.00058  0.50   99204      58   99175  5969251  60.17
2010-2018       22      0.00057  0.00057  0.50   99146      56   99118  5870076  59.21
2010-2018       23      0.00060  0.00060  0.50   99090      60   99060  5770959  58.24
2010-2018       24      0.00061  0.00061  0.50   99030      60   99000  5671899  57.27
2010-2018       25      0.00064  0.00064  0.50   98970      64   98938  5572899  56.31
2010-2018       26      0.00065  0.00065  0.50   98906      65   98874  5473961  55.35
2010-2018       27      0.00067  0.00067  0.50   98841      66   98808  5375088  54.38
2010-2018       28      0.00067  0.00067  0.50   98775      66   98742  5276279  53.42
2010-2018       29      0.00073  0.00073  0.50   98709      72   98673  5177538  52.45
2010-2018       30      0.00077  0.00077  0.50   98637      76   98599  5078865  51.49
2010-2018       31      0.00077  0.00077  0.50   98561      76   98523  4980266  50.53
2010-2018       32      0.00088  0.00088  0.50   98485      87   98442  4881743  49.57
2010-2018       33      0.00087  0.00087  0.50   98398      86   98356  4783301  48.61
2010-2018       34      0.00093  0.00093  0.50   98313      91   98267  4684946  47.65
2010-2018       35      0.00099  0.00099  0.50   98221      97   98173  4586679  46.70
2010-2018       36      0.00107  0.00107  0.50   98125     105   98072  4488506  45.74
2010-2018       37      0.00113  0.00113  0.50   98019     111   97964  4390434  44.79
2010-2018       38      0.00118  0.00118  0.50   97909     115   97851  4292470  43.84
2010-2018       39      0.00125  0.00125  0.50   97793     122   97732  4194619  42.89
2010-2018       40      0.00133  0.00133  0.50   97671     130   97606  4096887  41.95
2010-2018       41      0.00144  0.00144  0.50   97541     140   97471  3999281  41.00
2010-2018       42      0.00153  0.00153  0.50   97400     149   97326  3901810  40.06
2010-2018       43      0.00166  0.00166  0.50   97252     162   97171  3804484  39.12
2010-2018       44      0.00175  0.00175  0.50   97090     170   97005  3707313  38.18
2010-2018       45      0.00190  0.00190  0.50   96920     184   96828  3610308  37.25
2010-2018       46      0.00203  0.00203  0.50   96736     196   96638  3513480  36.32
2010-2018       47      0.00226  0.00226  0.50   96540     218   96431  3416842  35.39
2010-2018       48      0.00247  0.00247  0.50   96322     238   96203  3320411  34.47
2010-2018       49      0.00262  0.00262  0.50   96084     252   95958  3224208  33.56
2010-2018       50      0.00283  0.00283  0.50   95832     271   95697  3128250  32.64
2010-2018       51      0.00301  0.00300  0.50   95562     287   95418  3032553  31.73
2010-2018       52      0.00329  0.00328  0.50   95275     313   95118  2937135  30.83
2010-2018       53      0.00359  0.00359  0.50   94962     341   94792  2842016  29.93
2010-2018       54      0.00397  0.00396  0.50   94621     375   94434  2747225  29.03
2010-2018       55      0.00437  0.00436  0.50   94247     411   94041  2652791  28.15
2010-2018       56      0.00472  0.00471  0.50   93836     442   93615  2558749  27.27
2010-2018       57      0.00503  0.00502  0.50   93394     469   93159  2465134  26.40
2010-2018       58      0.00544  0.00543  0.50   92925     504   92673  2371975  25.53
2010-2018       59      0.00589  0.00588  0.50   92420     543   92149  2279303  24.66
2010-2018       60      0.00664  0.00662  0.50   91877     608   91573  2187154  23.81
2010-2018       61      0.00706  0.00703  0.50   91269     642   90949  2095581  22.96
2010-2018       62      0.00769  0.00766  0.50   90628     694   90281  2004632  22.12
2010-2018       63      0.00831  0.00827  0.50   89933     744   89561  1914351  21.29
2010-2018       64      0.00909  0.00905  0.50   89189     807   88785  1824790  20.46
2010-2018       65      0.01001  0.00996  0.50   88382     881   87941  1736005  19.64
2010-2018       66      0.01101  0.01095  0.50   87501     958   87022  1648063  18.83
2010-2018       67      0.01187  0.01180  0.50   86543    1021   86033  1561041  18.04
2010-2018       68      0.01327  0.01319  0.50   85522    1128   84958  1475009  17.25
2010-2018       69      0.01440  0.01430  0.50   84394    1207   83791  1390051  16.47
2010-2018       70      0.01591  0.01579  0.50   83188    1313   82531  1306260  15.70
2010-2018       71      0.01785  0.01769  0.50   81874    1448   81150  1223729  14.95
2010-2018       72      0.01950  0.01931  0.50   80426    1553   79650  1142579  14.21
2010-2018       73      0.02213  0.02189  0.50   78873    1727   78010  1062929  13.48
2010-2018       74      0.02447  0.02417  0.50   77146    1865   76214   984919  12.77
2010-2018       75      0.02721  0.02684  0.50   75282    2021   74272   908705  12.07
2010-2018       76      0.03031  0.02986  0.50   73261    2188   72167   834434  11.39
2010-2018       77      0.03422  0.03365  0.50   71074    2391   69878   762266  10.73
2010-2018       78      0.03876  0.03802  0.50   68682    2611   67377   692388  10.08
2010-2018       79      0.04327  0.04236  0.50   66071    2799   64672   625012   9.46
2010-2018       80      0.04917  0.04799  0.50   63272    3037   61754   560340   8.86
2010-2018       81      0.05558  0.05408  0.50   60236    3258   58607   498586   8.28
2010-2018       82      0.06357  0.06161  0.50   56978    3511   55223   439980   7.72
2010-2018       83      0.07068  0.06827  0.50   53467    3650   51642   384757   7.20
2010-2018       84      0.08090  0.07776  0.50   49817    3874   47880   333115   6.69
2010-2018       85      0.09124  0.08726  0.50   45944    4009   43939   285234   6.21
2010-2018       86      0.10460  0.09940  0.50   41935    4168   39850   241295   5.75
2010-2018       87      0.11671  0.11027  0.50   37766    4165   35684   201445   5.33
2010-2018       88      0.13085  0.12282  0.50   33602    4127   31538   165761   4.93
2010-2018       89      0.14942  0.13904  0.50   29475    4098   27426   134223   4.55
2010-2018       90      0.16746  0.15452  0.50   25377    3921   23416   106797   4.21
2010-2018       91      0.18809  0.17192  0.50   21455    3689   19611    83381   3.89
2010-2018       92      0.21230  0.19193  0.50   17767    3410   16062    63770   3.59
2010-2018       93      0.23648  0.21147  0.50   14357    3036   12839    47708   3.32
2010-2018       94      0.26444  0.23356  0.50   11321    2644    9999    34869   3.08
2010-2018       95      0.28813  0.25185  0.50    8677    2185    7584    24870   2.87
2010-2018       96      0.31732  0.27387  0.50    6492    1778    5603    17286   2.66
2010-2018       97      0.34802  0.29644  0.50    4714    1397    4015    11683   2.48
2010-2018       98      0.38003  0.31935  0.50    3316    1059    2787     7668   2.31
2010-2018       99      0.41313  0.34240  0.50    2257     773    1871     4881   2.16
2010-2018      100      0.44703  0.36536  0.50    1484     542    1213     3011   2.03
2010-2018      101      0.48143  0.38802  0.50     942     366     759     1797   1.91
2010-2018      102      0.51600  0.41018  0.50     577     236     458     1038   1.80
2010-2018      103      0.55042  0.43163  0.50     340     147     267      580   1.71
2010-2018      104      0.58437  0.45223  0.50     193      87     150      313   1.62
2010-2018      105      0.61754  0.47185  0.50     106      50      81      164   1.55
2010-2018      106      0.64964  0.49036  0.50      56      27      42       83   1.48
2010-2018      107      0.68045  0.50771  0.50      28      14      21       41   1.42
2010-2018      108      0.70975  0.52385  0.50      14       7      10       19   1.37
2010-2018      109      0.73741  0.53876  0.50       7       4       5        9   1.33
2010-2018      110+     0.76331  1.00000  1.31       3       3       4        4   1.31
