West Germany, Life tables (period 5x5), Females	Last modified: 17 Dec 2018;  Methods Protocol: v6 (2017)

  Year          Age         mx       qx    ax      lx      dx      Lx       Tx     ex
1956-1959        0      0.03333  0.03244  0.18  100000    3244   97327  7145292  71.45
1956-1959      1-4      0.00128  0.00509  1.51   96756     492  385800  7047965  72.84
1956-1959      5-9      0.00044  0.00220  2.20   96264     212  480725  6662166  69.21
1956-1959     10-14     0.00032  0.00162  2.63   96052     156  479889  6181441  64.36
1956-1959     15-19     0.00052  0.00259  2.61   95896     248  478888  5701552  59.46
1956-1959     20-24     0.00069  0.00345  2.57   95648     330  477438  5222664  54.60
1956-1959     25-29     0.00095  0.00475  2.64   95317     453  475517  4745226  49.78
1956-1959     30-34     0.00123  0.00612  2.60   94864     581  472928  4269709  45.01
1956-1959     35-39     0.00171  0.00852  2.65   94283     804  469524  3796781  40.27
1956-1959     40-44     0.00249  0.01238  2.64   93480    1157  464673  3327257  35.59
1956-1959     45-49     0.00363  0.01800  2.66   92323    1662  457723  2862584  31.01
1956-1959     50-54     0.00558  0.02754  2.66   90661    2497  447458  2404861  26.53
1956-1959     55-59     0.00860  0.04217  2.66   88164    3718  432132  1957402  22.20
1956-1959     60-64     0.01442  0.06978  2.69   84446    5892  408624  1525270  18.06
1956-1959     65-69     0.02528  0.11939  2.68   78554    9379  371034  1116647  14.22
1956-1959     70-74     0.04614  0.20815  2.65   69175   14399  312036   745613  10.78
1956-1959     75-79     0.08280  0.34424  2.55   54776   18856  227726   433577   7.92
1956-1959     80-84     0.13605  0.50358  2.42   35920   18089  132956   205851   5.73
1956-1959     85-89     0.21677  0.67664  2.22   17831   12065   55660    72895   4.09
1956-1959     90-94     0.31472  0.81038  2.01    5766    4673   14847    17236   2.99
1956-1959     95-99     0.44797  0.90997  1.74    1093     995    2221     2389   2.18
1956-1959    100-104    0.58314  0.95769  1.49      98      94     162      168   1.70
1956-1959    105-109    0.70812  0.97893  1.30       4       4       6        6   1.41
1956-1959    110+       0.79769  1.00000  1.25       0       0       0        0   1.25
1960-1964        0      0.02652  0.02594  0.15  100000    2594   97794  7269190  72.69
1960-1964      1-4      0.00107  0.00427  1.53   97406     416  388600  7171396  73.62
1960-1964      5-9      0.00041  0.00207  2.23   96991     201  484398  6782796  69.93
1960-1964     10-14     0.00029  0.00145  2.59   96790     140  483613  6298398  65.07
1960-1964     15-19     0.00050  0.00252  2.69   96650     244  482686  5814785  60.16
1960-1964     20-24     0.00061  0.00304  2.57   96406     294  481319  5332100  55.31
1960-1964     25-29     0.00080  0.00398  2.66   96113     382  479670  4850780  50.47
1960-1964     30-34     0.00108  0.00538  2.63   95731     515  477433  4371110  45.66
1960-1964     35-39     0.00159  0.00792  2.64   95216     754  474297  3893677  40.89
1960-1964     40-44     0.00235  0.01171  2.64   94462    1106  469698  3419380  36.20
1960-1964     45-49     0.00355  0.01762  2.66   93356    1645  462922  2949681  31.60
1960-1964     50-54     0.00524  0.02589  2.66   91711    2375  452995  2486760  27.12
1960-1964     55-59     0.00813  0.03989  2.68   89336    3564  438402  2033765  22.77
1960-1964     60-64     0.01356  0.06573  2.68   85772    5638  415796  1595363  18.60
1960-1964     65-69     0.02351  0.11149  2.68   80134    8934  379969  1179567  14.72
1960-1964     70-74     0.04204  0.19133  2.65   71200   13623  324019   799598  11.23
1960-1964     75-79     0.07595  0.32073  2.58   57578   18467  243153   475579   8.26
1960-1964     80-84     0.12838  0.48338  2.45   39111   18905  147262   232426   5.94
1960-1964     85-89     0.20721  0.66050  2.26   20205   13346   64407    85164   4.21
1960-1964     90-94     0.31043  0.80737  2.03    6860    5538   17841    20757   3.03
1960-1964     95-99     0.44283  0.90772  1.75    1321    1199    2709     2917   2.21
1960-1964    100-104    0.58179  0.95758  1.50     122     117     201      208   1.71
1960-1964    105-109    0.71023  0.97928  1.30       5       5       7        7   1.40
1960-1964    110+       0.80171  1.00000  1.25       0       0       0        0   1.25
1965-1969        0      0.02024  0.01988  0.13  100000    1988   98261  7350464  73.50
1965-1969      1-4      0.00092  0.00365  1.59   98012     358  391182  7252203  73.99
1965-1969      5-9      0.00040  0.00200  2.26   97654     195  487732  6861021  70.26
1965-1969     10-14     0.00029  0.00147  2.58   97458     144  486944  6373288  65.40
1965-1969     15-19     0.00052  0.00260  2.68   97315     253  485988  5886344  60.49
1965-1969     20-24     0.00059  0.00294  2.54   97062     285  484610  5400356  55.64
1965-1969     25-29     0.00069  0.00344  2.59   96777     333  483081  4915746  50.79
1965-1969     30-34     0.00097  0.00482  2.65   96444     465  481126  4432665  45.96
1965-1969     35-39     0.00146  0.00725  2.69   95979     696  478288  3951538  41.17
1965-1969     40-44     0.00224  0.01113  2.67   95283    1060  473942  3473250  36.45
1965-1969     45-49     0.00353  0.01751  2.66   94222    1650  467249  2999308  31.83
1965-1969     50-54     0.00524  0.02588  2.64   92572    2396  457198  2532059  27.35
1965-1969     55-59     0.00789  0.03872  2.68   90177    3491  442766  2074861  23.01
1965-1969     60-64     0.01326  0.06435  2.69   86685    5578  420551  1632095  18.83
1965-1969     65-69     0.02295  0.10893  2.67   81107    8835  384950  1211544  14.94
1965-1969     70-74     0.04085  0.18639  2.66   72272   13471  329799   826594  11.44
1965-1969     75-79     0.07239  0.30801  2.58   58801   18111  250176   496795   8.45
1965-1969     80-84     0.12451  0.47273  2.45   40690   19235  154492   246619   6.06
1965-1969     85-89     0.20178  0.65075  2.27   21455   13962   69193    92128   4.29
1965-1969     90-94     0.30614  0.80161  2.03    7493    6007   19620    22935   3.06
1965-1969     95-99     0.43793  0.90528  1.76    1487    1346    3073     3315   2.23
1965-1969    100-104    0.57813  0.95677  1.50     141     135     233      242   1.72
1965-1969    105-109    0.70816  0.97907  1.31       6       6       8        9   1.41
1965-1969    110+       0.80083  1.00000  1.25       0       0       0        0   1.25
1970-1974        0      0.01928  0.01895  0.12  100000    1895   98335  7413187  74.13
1970-1974      1-4      0.00079  0.00315  1.63   98105     309  391685  7314852  74.56
1970-1974      5-9      0.00039  0.00193  2.25   97795     189  488458  6923167  70.79
1970-1974     10-14     0.00028  0.00139  2.62   97607     136  487711  6434709  65.92
1970-1974     15-19     0.00057  0.00284  2.67   97471     276  486710  5946998  61.01
1970-1974     20-24     0.00060  0.00298  2.48   97195     289  485243  5460288  56.18
1970-1974     25-29     0.00066  0.00328  2.57   96905     318  483755  4975045  51.34
1970-1974     30-34     0.00089  0.00445  2.61   96587     430  481912  4491290  46.50
1970-1974     35-39     0.00135  0.00671  2.68   96158     646  479293  4009378  41.70
1970-1974     40-44     0.00213  0.01059  2.70   95512    1011  475231  3530085  36.96
1970-1974     45-49     0.00340  0.01686  2.68   94501    1593  468811  3054854  32.33
1970-1974     50-54     0.00519  0.02564  2.64   92908    2382  458910  2586044  27.83
1970-1974     55-59     0.00752  0.03694  2.66   90526    3344  444794  2127134  23.50
1970-1974     60-64     0.01211  0.05892  2.69   87182    5137  424054  1682339  19.30
1970-1974     65-69     0.02126  0.10131  2.69   82045    8312  390988  1258286  15.34
1970-1974     70-74     0.03812  0.17503  2.66   73733   12906  338520   867297  11.76
1970-1974     75-79     0.06840  0.29358  2.59   60827   17857  261062   528777   8.69
1970-1974     80-84     0.11913  0.45816  2.48   42970   19687  165258   267715   6.23
1970-1974     85-89     0.19528  0.63857  2.29   23283   14868   76134   102457   4.40
1970-1974     90-94     0.29805  0.79452  2.06    8415    6686   22433    26323   3.13
1970-1974     95-99     0.43357  0.90321  1.77    1729    1562    3602     3890   2.25
1970-1974    100-104    0.57651  0.95652  1.51     167     160     278      288   1.72
1970-1974    105-109    0.70915  0.97925  1.30       7       7      10       10   1.41
1970-1974    110+       0.80331  1.00000  1.24       0       0       0        0   1.24
1975-1979        0      0.01412  0.01395  0.12  100000    1395   98773  7556564  75.57
1975-1979      1-4      0.00064  0.00255  1.64   98605     252  393828  7457791  75.63
1975-1979      5-9      0.00031  0.00156  2.28   98354     153  491352  7063963  71.82
1975-1979     10-14     0.00024  0.00120  2.66   98200     118  490726  6572612  66.93
1975-1979     15-19     0.00055  0.00275  2.68   98083     270  489787  6081886  62.01
1975-1979     20-24     0.00057  0.00285  2.51   97813     279  488370  5592099  57.17
1975-1979     25-29     0.00062  0.00307  2.59   97534     300  486947  5103729  52.33
1975-1979     30-34     0.00084  0.00421  2.65   97234     409  485210  4616782  47.48
1975-1979     35-39     0.00120  0.00600  2.64   96825     581  482758  4131572  42.67
1975-1979     40-44     0.00190  0.00947  2.71   96245     911  479137  3648814  37.91
1975-1979     45-49     0.00308  0.01527  2.67   95333    1456  473273  3169678  33.25
1975-1979     50-54     0.00468  0.02313  2.65   93878    2171  464280  2696405  28.72
1975-1979     55-59     0.00705  0.03469  2.65   91706    3181  451063  2232125  24.34
1975-1979     60-64     0.01086  0.05296  2.68   88525    4688  431729  1781062  20.12
1975-1979     65-69     0.01855  0.08893  2.69   83837    7456  401951  1349333  16.09
1975-1979     70-74     0.03372  0.15636  2.68   76381   11943  354164   947382  12.40
1975-1979     75-79     0.06135  0.26754  2.61   64438   17240  281022   593218   9.21
1975-1979     80-84     0.10817  0.42596  2.51   47199   20105  185859   312196   6.61
1975-1979     85-89     0.18048  0.60893  2.33   27094   16498   91415   126337   4.66
1975-1979     90-94     0.27954  0.77000  2.08   10596    8159   29186    34922   3.30
1975-1979     95-99     0.41259  0.89132  1.81    2437    2172    5265     5736   2.35
1975-1979    100-104    0.55673  0.95153  1.54     265     252     453      471   1.78
1975-1979    105-109    0.69337  0.97739  1.33      13      13      18       18   1.44
1975-1979    110+       0.79169  1.00000  1.26       0       0       0        0   1.26
1980-1984        0      0.00978  0.00969  0.13  100000     969   99156  7715905  77.16
1980-1984      1-4      0.00049  0.00196  1.63   99031     195  395662  7616750  76.91
1980-1984      5-9      0.00023  0.00114  2.29   98836     113  493876  7221088  73.06
1980-1984     10-14     0.00019  0.00096  2.63   98724      95  493394  6727211  68.14
1980-1984     15-19     0.00044  0.00218  2.73   98629     215  492657  6233817  63.20
1980-1984     20-24     0.00045  0.00227  2.49   98414     223  491511  5741160  58.34
1980-1984     25-29     0.00054  0.00268  2.58   98191     264  490319  5249649  53.46
1980-1984     30-34     0.00071  0.00357  2.63   97928     349  488811  4759329  48.60
1980-1984     35-39     0.00111  0.00551  2.65   97578     538  486627  4270518  43.77
1980-1984     40-44     0.00164  0.00817  2.66   97041     793  483348  3783891  38.99
1980-1984     45-49     0.00261  0.01297  2.69   96247    1248  478354  3300543  34.29
1980-1984     50-54     0.00410  0.02033  2.66   94999    1931  470475  2822188  29.71
1980-1984     55-59     0.00625  0.03080  2.66   93068    2867  458620  2351714  25.27
1980-1984     60-64     0.01000  0.04886  2.66   90201    4407  440672  1893094  20.99
1980-1984     65-69     0.01627  0.07841  2.68   85794    6727  413396  1452422  16.93
1980-1984     70-74     0.02908  0.13627  2.69   79067   10774  370488  1039026  13.14
1980-1984     75-79     0.05431  0.24059  2.63   68293   16430  302531   668539   9.79
1980-1984     80-84     0.09743  0.39273  2.53   51862   20368  209059   366007   7.06
1980-1984     85-89     0.16449  0.57392  2.37   31495   18075  109886   156948   4.98
1980-1984     90-94     0.25963  0.74554  2.15   13419   10005   38534    47063   3.51
1980-1984     95-99     0.38629  0.87412  1.87    3415    2985    7727     8529   2.50
1980-1984    100-104    0.52954  0.94358  1.59     430     406     766      802   1.87
1980-1984    105-109    0.66946  0.97418  1.36      24      24      35       36   1.49
1980-1984    110+       0.77239  1.00000  1.29       1       1       1        1   1.29
1985-1989        0      0.00711  0.00707  0.13  100000     707   99388  7860229  78.60
1985-1989      1-4      0.00037  0.00148  1.55   99293     147  396811  7760841  78.16
1985-1989      5-9      0.00018  0.00090  2.37   99146      89  495493  7364030  74.27
1985-1989     10-14     0.00015  0.00073  2.64   99056      73  495111  6868537  69.34
1985-1989     15-19     0.00031  0.00156  2.79   98984     155  494577  6373426  64.39
1985-1989     20-24     0.00037  0.00187  2.50   98829     185  493683  5878849  59.49
1985-1989     25-29     0.00042  0.00211  2.62   98644     208  492724  5385166  54.59
1985-1989     30-34     0.00062  0.00310  2.64   98436     305  491460  4892442  49.70
1985-1989     35-39     0.00095  0.00475  2.69   98130     466  489574  4400982  44.85
1985-1989     40-44     0.00151  0.00750  2.67   97664     732  486615  3911408  40.05
1985-1989     45-49     0.00231  0.01149  2.66   96932    1114  482048  3424793  35.33
1985-1989     50-54     0.00357  0.01771  2.67   95817    1697  475131  2942745  30.71
1985-1989     55-59     0.00558  0.02752  2.67   94121    2590  464569  2467614  26.22
1985-1989     60-64     0.00889  0.04354  2.67   91531    3985  448383  2003045  21.88
1985-1989     65-69     0.01481  0.07159  2.67   87546    6267  423139  1554663  17.76
1985-1989     70-74     0.02553  0.12051  2.68   81278    9794  383697  1131524  13.92
1985-1989     75-79     0.04666  0.21034  2.66   71484   15036  322221   747827  10.46
1985-1989     80-84     0.08644  0.35700  2.56   56448   20152  233140   425606   7.54
1985-1989     85-89     0.15039  0.54067  2.40   36296   19624  130487   192466   5.30
1985-1989     90-94     0.24090  0.71744  2.18   16672   11961   49652    61979   3.72
1985-1989     95-99     0.36639  0.85969  1.91    4711    4050   11053    12327   2.62
1985-1989    100-104    0.51146  0.93780  1.62     661     620    1212     1274   1.93
1985-1989    105-109    0.65600  0.97228  1.38      41      40      61       62   1.52
1985-1989    110+       0.76343  1.00000  1.31       1       1       1        1   1.31
1990-1994        0      0.00542  0.00539  0.14  100000     539   99535  7944125  79.44
1990-1994      1-4      0.00032  0.00127  1.59   99461     127  397537  7844590  78.87
1990-1994      5-9      0.00015  0.00073  2.33   99334      73  496477  7447052  74.97
1990-1994     10-14     0.00013  0.00066  2.57   99262      66  496148  6950575  70.02
1990-1994     15-19     0.00029  0.00147  2.83   99196     145  495663  6454428  65.07
1990-1994     20-24     0.00035  0.00177  2.51   99050     176  494814  5958765  60.16
1990-1994     25-29     0.00040  0.00200  2.60   98875     198  493900  5463951  55.26
1990-1994     30-34     0.00058  0.00291  2.68   98677     287  492720  4970051  50.37
1990-1994     35-39     0.00092  0.00457  2.67   98390     450  490901  4477331  45.51
1990-1994     40-44     0.00147  0.00731  2.68   97940     716  488040  3986430  40.70
1990-1994     45-49     0.00229  0.01139  2.64   97225    1108  483513  3498390  35.98
1990-1994     50-54     0.00332  0.01649  2.65   96117    1585  476867  3014877  31.37
1990-1994     55-59     0.00507  0.02505  2.68   94532    2368  467169  2538010  26.85
1990-1994     60-64     0.00827  0.04059  2.68   92164    3741  452129  2070841  22.47
1990-1994     65-69     0.01354  0.06566  2.69   88423    5806  428675  1618712  18.31
1990-1994     70-74     0.02360  0.11186  2.67   82617    9241  391584  1190037  14.40
1990-1994     75-79     0.04235  0.19272  2.67   73376   14141  333900   798452  10.88
1990-1994     80-84     0.07888  0.33155  2.60   59235   19640  248986   464553   7.84
1990-1994     85-89     0.14273  0.52229  2.43   39595   20680  144894   215567   5.44
1990-1994     90-94     0.23846  0.71460  2.20   18915   13517   56683    70673   3.74
1990-1994     95-99     0.36988  0.86346  1.91    5398    4661   12602    13990   2.59
1990-1994    100-104    0.52434  0.94276  1.60     737     695    1325     1387   1.88
1990-1994    105-109    0.67601  0.97548  1.35      42      41      61       62   1.47
1990-1994    110+       0.78584  1.00000  1.27       1       1       1        1   1.27
1995-1999        0      0.00427  0.00426  0.14  100000     426   99634  8039742  80.40
1995-1999      1-4      0.00024  0.00097  1.61   99574      97  398065  7940108  79.74
1995-1999      5-9      0.00011  0.00057  2.43   99477      57  497241  7542042  75.82
1995-1999     10-14     0.00012  0.00058  2.71   99421      57  496972  7044801  70.86
1995-1999     15-19     0.00029  0.00143  2.81   99363     142  496505  6547829  65.90
1995-1999     20-24     0.00032  0.00159  2.45   99221     158  495702  6051325  60.99
1995-1999     25-29     0.00035  0.00176  2.60   99063     174  494898  5555622  56.08
1995-1999     30-34     0.00048  0.00241  2.68   98889     238  493894  5060724  51.18
1995-1999     35-39     0.00081  0.00405  2.70   98651     399  492339  4566830  46.29
1995-1999     40-44     0.00137  0.00682  2.70   98252     670  489719  4074491  41.47
1995-1999     45-49     0.00216  0.01073  2.67   97582    1047  485467  3584772  36.74
1995-1999     50-54     0.00330  0.01636  2.63   96535    1579  478937  3099305  32.11
1995-1999     55-59     0.00466  0.02303  2.65   94956    2187  469631  2620369  27.60
1995-1999     60-64     0.00737  0.03625  2.68   92768    3363  456054  2150738  23.18
1995-1999     65-69     0.01225  0.05958  2.69   89405    5327  434696  1694684  18.96
1995-1999     70-74     0.02122  0.10113  2.69   84078    8503  400780  1259988  14.99
1995-1999     75-79     0.03855  0.17675  2.65   75575   13358  346543   859207  11.37
1995-1999     80-84     0.07193  0.30685  2.61   62217   19091  265431   512664   8.24
1995-1999     85-89     0.13114  0.49250  2.47   43126   21239  161964   247233   5.73
1995-1999     90-94     0.22584  0.69550  2.24   21886   15222   67401    85269   3.90
1995-1999     95-99     0.35562  0.85244  1.95    6664    5681   15975    17868   2.68
1995-1999    100-104    0.51193  0.93885  1.63     983     923    1803     1893   1.93
1995-1999    105-109    0.66769  0.97442  1.37      60      59      88       90   1.49
1995-1999    110+       0.78121  1.00000  1.28       2       2       2        2   1.28
2000-2004        0      0.00385  0.00384  0.14  100000     384   99671  8141200  81.41
2000-2004      1-4      0.00022  0.00087  1.58   99616      87  398255  8041529  80.72
2000-2004      5-9      0.00010  0.00048  2.28   99530      48  497518  7643274  76.79
2000-2004     10-14     0.00010  0.00050  2.66   99482      50  497292  7145756  71.83
2000-2004     15-19     0.00024  0.00120  2.81   99432     119  496899  6648463  66.86
2000-2004     20-24     0.00028  0.00140  2.45   99313     139  496210  6151565  61.94
2000-2004     25-29     0.00030  0.00149  2.59   99174     148  495511  5655355  57.02
2000-2004     30-34     0.00040  0.00199  2.68   99026     197  494671  5159844  52.11
2000-2004     35-39     0.00067  0.00336  2.71   98829     332  493383  4665173  47.20
2000-2004     40-44     0.00117  0.00584  2.74   98497     575  491180  4171789  42.35
2000-2004     45-49     0.00202  0.01004  2.69   97921     983  487334  3680609  37.59
2000-2004     50-54     0.00310  0.01537  2.65   96938    1490  481185  3193275  32.94
2000-2004     55-59     0.00456  0.02254  2.64   95449    2151  472161  2712090  28.41
2000-2004     60-64     0.00650  0.03199  2.64   93298    2985  459452  2239929  24.01
2000-2004     65-69     0.01058  0.05162  2.70   90313    4662  440830  1780477  19.71
2000-2004     70-74     0.01855  0.08892  2.69   85651    7616  410657  1339646  15.64
2000-2004     75-79     0.03392  0.15722  2.68   78035   12269  361735   928989  11.90
2000-2004     80-84     0.06536  0.28276  2.62   65766   18596  284497   567254   8.63
2000-2004     85-89     0.12178  0.46710  2.51   47170   22033  180934   282757   5.99
2000-2004     90-94     0.21405  0.67546  2.27   25137   16979   79322   101823   4.05
2000-2004     95-99     0.34394  0.84289  1.98    8158    6876   19992    22502   2.76
2000-2004    100-104    0.50273  0.93589  1.65    1282    1200    2386     2509   1.96
2000-2004    105-109    0.66278  0.97384  1.37      82      80     121      123   1.50
2000-2004    110+       0.77973  1.00000  1.28       2       2       3        3   1.28
2005-2009        0      0.00340  0.00339  0.14  100000     339   99709  8231804  82.32
2005-2009      1-4      0.00018  0.00072  1.60   99661      72  398470  8132095  81.60
2005-2009      5-9      0.00008  0.00040  2.30   99589      40  497835  7733625  77.66
2005-2009     10-14     0.00010  0.00048  2.73   99549      48  497634  7235790  72.69
2005-2009     15-19     0.00018  0.00092  2.77   99501      92  497298  6738156  67.72
2005-2009     20-24     0.00022  0.00112  2.54   99409     111  496770  6240858  62.78
2005-2009     25-29     0.00025  0.00126  2.60   99297     125  496187  5744088  57.85
2005-2009     30-34     0.00036  0.00178  2.64   99172     177  495443  5247901  52.92
2005-2009     35-39     0.00056  0.00280  2.72   98995     277  494345  4752458  48.01
2005-2009     40-44     0.00097  0.00483  2.73   98719     477  492509  4258112  43.13
2005-2009     45-49     0.00177  0.00881  2.70   98242     866  489218  3765603  38.33
2005-2009     50-54     0.00285  0.01416  2.66   97376    1379  483660  3276386  33.65
2005-2009     55-59     0.00432  0.02138  2.64   95998    2052  475147  2792725  29.09
2005-2009     60-64     0.00644  0.03170  2.62   93945    2978  462634  2317578  24.67
2005-2009     65-69     0.00929  0.04548  2.66   90968    4137  445169  1854944  20.39
2005-2009     70-74     0.01592  0.07681  2.71   86830    6669  418851  1409775  16.24
2005-2009     75-79     0.03010  0.14074  2.70   80161   11282  374861   990924  12.36
2005-2009     80-84     0.05958  0.26133  2.65   68879   18000  302101   616063   8.94
2005-2009     85-89     0.11571  0.44933  2.51   50879   22861  197568   313962   6.17
2005-2009     90-94     0.20652  0.66336  2.30   28017   18586   89994   116394   4.15
2005-2009     95-99     0.33779  0.83798  1.99    9432    7904   23398    26400   2.80
2005-2009    100-104    0.50086  0.93559  1.65    1528    1430    2855     3002   1.96
2005-2009    105-109    0.66571  0.97442  1.37      98      96     144      147   1.50
2005-2009    110+       0.78538  1.00000  1.27       3       3       3        3   1.27
2010-2014        0      0.00323  0.00322  0.14  100000     322   99724  8292311  82.92
2010-2014      1-4      0.00015  0.00059  1.61   99678      58  398573  8192587  82.19
2010-2014      5-9      0.00008  0.00039  2.39   99620      38  497998  7794014  78.24
2010-2014     10-14     0.00007  0.00037  2.74   99581      37  497822  7296016  73.27
2010-2014     15-19     0.00016  0.00082  2.78   99544      81  497540  6798194  68.29
2010-2014     20-24     0.00020  0.00100  2.56   99463     100  497070  6300654  63.35
2010-2014     25-29     0.00023  0.00117  2.62   99363     117  496538  5803585  58.41
2010-2014     30-34     0.00033  0.00165  2.70   99246     163  495856  5307047  53.47
2010-2014     35-39     0.00051  0.00257  2.70   99083     255  494828  4811190  48.56
2010-2014     40-44     0.00087  0.00433  2.72   98828     428  493163  4316362  43.68
2010-2014     45-49     0.00151  0.00754  2.74   98400     742  490322  3823198  38.85
2010-2014     50-54     0.00265  0.01317  2.70   97658    1287  485329  3332877  34.13
2010-2014     55-59     0.00413  0.02045  2.66   96372    1971  477253  2847548  29.55
2010-2014     60-64     0.00636  0.03132  2.65   94401    2957  465059  2370294  25.11
2010-2014     65-69     0.00955  0.04668  2.63   91445    4269  447101  1905235  20.83
2010-2014     70-74     0.01449  0.07010  2.67   87175    6111  421619  1458134  16.73
2010-2014     75-79     0.02700  0.12718  2.72   81065   10310  381828  1036515  12.79
2010-2014     80-84     0.05455  0.24216  2.68   70755   17134  314076   654687   9.25
2010-2014     85-89     0.10900  0.43007  2.55   53621   23061  211569   340610   6.35
2010-2014     90-94     0.20082  0.65159  2.31   30560   19913   99155   129041   4.22
2010-2014     95-99     0.33624  0.83739  2.00   10647    8916   26517    29886   2.81
2010-2014    100-104    0.50585  0.93789  1.65    1731    1624    3210     3368   1.95
2010-2014    105-109    0.67640  0.97610  1.36     108     105     155      158   1.47
2010-2014    110+       0.79809  1.00000  1.25       3       3       3        3   1.25
2015-2017        0      0.00323  0.00322  0.14  100000     322   99724  8316222  83.16
2015-2017      1-4      0.00014  0.00058  1.59   99678      58  398573  8216498  82.43
2015-2017      5-9      0.00007  0.00035  2.22   99620      35  498004  7817925  78.48
2015-2017     10-14     0.00008  0.00041  2.74   99585      41  497832  7319921  73.50
2015-2017     15-19     0.00016  0.00079  2.66   99544      79  497535  6822089  68.53
2015-2017     20-24     0.00018  0.00090  2.50   99465      90  497100  6324554  63.59
2015-2017     25-29     0.00022  0.00111  2.66   99375     111  496616  5827454  58.64
2015-2017     30-34     0.00034  0.00168  2.64   99264     167  495928  5330838  53.70
2015-2017     35-39     0.00050  0.00249  2.69   99097     247  494916  4834910  48.79
2015-2017     40-44     0.00082  0.00409  2.70   98851     404  493326  4339994  43.90
2015-2017     45-49     0.00142  0.00706  2.72   98447     695  490652  3846668  39.07
2015-2017     50-54     0.00238  0.01183  2.72   97752    1157  486122  3356016  34.33
2015-2017     55-59     0.00400  0.01981  2.68   96595    1914  478535  2869894  29.71
2015-2017     60-64     0.00632  0.03113  2.64   94681    2948  466457  2391359  25.26
2015-2017     65-69     0.00975  0.04764  2.65   91733    4370  448398  1924903  20.98
2015-2017     70-74     0.01526  0.07363  2.63   87363    6433  421539  1476505  16.90
2015-2017     75-79     0.02507  0.11854  2.71   80930    9593  382645  1054965  13.04
2015-2017     80-84     0.05157  0.23032  2.68   71337   16430  318614   672321   9.42
2015-2017     85-89     0.10542  0.41957  2.57   54907   23037  218521   353707   6.44
2015-2017     90-94     0.19942  0.64952  2.32   31869   20700  103799   135186   4.24
2015-2017     95-99     0.33553  0.83725  2.01   11170    9352   27872    31387   2.81
2015-2017    100-104    0.50909  0.93932  1.64    1818    1708    3354     3515   1.93
2015-2017    105-109    0.68295  0.97706  1.35     110     108     158      161   1.46
2015-2017    110+       0.80562  1.00000  1.24       3       3       3        3   1.24
