West Germany, Life tables (period 1x10), Males	Last modified: 17 Dec 2018;  Methods Protocol: v6 (2017)

  Year          Age         mx       qx    ax      lx      dx      Lx       Tx     ex
1956-1959        0      0.04247  0.04102  0.17  100000    4102   96582  6630950  66.31
1956-1959        1      0.00285  0.00285  0.50   95898     273   95761  6534368  68.14
1956-1959        2      0.00147  0.00147  0.50   95625     140   95555  6438607  67.33
1956-1959        3      0.00110  0.00110  0.50   95484     105   95432  6343052  66.43
1956-1959        4      0.00094  0.00094  0.50   95379      90   95334  6247621  65.50
1956-1959        5      0.00079  0.00079  0.50   95290      75   95252  6152286  64.56
1956-1959        6      0.00075  0.00075  0.50   95214      71   95179  6057034  63.61
1956-1959        7      0.00068  0.00068  0.50   95143      65   95111  5961856  62.66
1956-1959        8      0.00059  0.00059  0.50   95079      56   95051  5866745  61.70
1956-1959        9      0.00055  0.00055  0.50   95023      53   94996  5771694  60.74
1956-1959       10      0.00047  0.00047  0.50   94970      45   94948  5676698  59.77
1956-1959       11      0.00048  0.00048  0.50   94925      46   94903  5581750  58.80
1956-1959       12      0.00051  0.00051  0.50   94880      48   94855  5486847  57.83
1956-1959       13      0.00050  0.00050  0.50   94831      48   94807  5391992  56.86
1956-1959       14      0.00064  0.00064  0.50   94784      61   94753  5297185  55.89
1956-1959       15      0.00080  0.00080  0.50   94723      76   94685  5202431  54.92
1956-1959       16      0.00100  0.00100  0.50   94647      95   94600  5107746  53.97
1956-1959       17      0.00113  0.00113  0.50   94552     106   94499  5013147  53.02
1956-1959       18      0.00152  0.00152  0.50   94446     144   94374  4918648  52.08
1956-1959       19      0.00181  0.00181  0.50   94302     171   94217  4824273  51.16
1956-1959       20      0.00197  0.00197  0.50   94131     186   94039  4730057  50.25
1956-1959       21      0.00202  0.00202  0.50   93946     190   93851  4636018  49.35
1956-1959       22      0.00194  0.00194  0.50   93756     182   93665  4542167  48.45
1956-1959       23      0.00188  0.00188  0.50   93574     176   93486  4448503  47.54
1956-1959       24      0.00184  0.00184  0.50   93398     172   93312  4355017  46.63
1956-1959       25      0.00176  0.00176  0.50   93226     164   93144  4261705  45.71
1956-1959       26      0.00181  0.00181  0.50   93062     168   92978  4168561  44.79
1956-1959       27      0.00179  0.00178  0.50   92894     166   92811  4075583  43.87
1956-1959       28      0.00177  0.00176  0.50   92728     164   92646  3982771  42.95
1956-1959       29      0.00178  0.00178  0.50   92565     165   92482  3890125  42.03
1956-1959       30      0.00179  0.00179  0.50   92400     165   92317  3797643  41.10
1956-1959       31      0.00188  0.00188  0.50   92234     173   92148  3705326  40.17
1956-1959       32      0.00195  0.00195  0.50   92062     180   91972  3613178  39.25
1956-1959       33      0.00193  0.00193  0.50   91882     177   91793  3521206  38.32
1956-1959       34      0.00204  0.00203  0.50   91705     187   91612  3429412  37.40
1956-1959       35      0.00222  0.00221  0.50   91518     203   91417  3337801  36.47
1956-1959       36      0.00233  0.00233  0.50   91316     213   91209  3246384  35.55
1956-1959       37      0.00237  0.00236  0.50   91103     215   90995  3155174  34.63
1956-1959       38      0.00256  0.00256  0.50   90887     232   90771  3064179  33.71
1956-1959       39      0.00290  0.00289  0.50   90655     262   90524  2973408  32.80
1956-1959       40      0.00279  0.00278  0.50   90393     252   90267  2882884  31.89
1956-1959       41      0.00321  0.00321  0.50   90141     289   89997  2792617  30.98
1956-1959       42      0.00348  0.00347  0.50   89852     312   89696  2702620  30.08
1956-1959       43      0.00369  0.00368  0.50   89540     330   89375  2612924  29.18
1956-1959       44      0.00411  0.00410  0.50   89210     366   89028  2523549  28.29
1956-1959       45      0.00453  0.00452  0.50   88845     401   88644  2434521  27.40
1956-1959       46      0.00503  0.00502  0.50   88443     444   88221  2345877  26.52
1956-1959       47      0.00550  0.00548  0.50   87999     482   87758  2257656  25.66
1956-1959       48      0.00614  0.00612  0.50   87517     535   87249  2169898  24.79
1956-1959       49      0.00680  0.00677  0.50   86981     589   86687  2082649  23.94
1956-1959       50      0.00773  0.00770  0.50   86392     665   86060  1995962  23.10
1956-1959       51      0.00862  0.00858  0.50   85727     736   85359  1909903  22.28
1956-1959       52      0.00960  0.00956  0.50   84992     812   84585  1824543  21.47
1956-1959       53      0.01053  0.01047  0.50   84179     881   83738  1739958  20.67
1956-1959       54      0.01199  0.01192  0.50   83298     993   82801  1656219  19.88
1956-1959       55      0.01347  0.01338  0.50   82305    1101   81754  1573418  19.12
1956-1959       56      0.01483  0.01472  0.50   81204    1195   80606  1491664  18.37
1956-1959       57      0.01679  0.01665  0.50   80008    1332   79342  1411058  17.64
1956-1959       58      0.01839  0.01822  0.50   78676    1433   77959  1331716  16.93
1956-1959       59      0.02016  0.01996  0.50   77243    1542   76472  1253756  16.23
1956-1959       60      0.02212  0.02188  0.50   75701    1656   74873  1177284  15.55
1956-1959       61      0.02380  0.02352  0.50   74044    1742   73174  1102412  14.89
1956-1959       62      0.02601  0.02568  0.50   72303    1857   71374  1029238  14.24
1956-1959       63      0.02814  0.02775  0.50   70446    1955   69469   957864  13.60
1956-1959       64      0.03031  0.02985  0.50   68491    2045   67469   888395  12.97
1956-1959       65      0.03405  0.03348  0.50   66446    2225   65334   820926  12.35
1956-1959       66      0.03657  0.03591  0.50   64222    2306   63069   755592  11.77
1956-1959       67      0.03975  0.03897  0.50   61916    2413   60709   692524  11.18
1956-1959       68      0.04319  0.04228  0.50   59503    2516   58245   631815  10.62
1956-1959       69      0.04701  0.04593  0.50   56987    2617   55678   573570  10.06
1956-1959       70      0.05205  0.05073  0.50   54370    2758   52990   517892   9.53
1956-1959       71      0.05714  0.05555  0.50   51611    2867   50178   464901   9.01
1956-1959       72      0.06281  0.06090  0.50   48744    2968   47260   414723   8.51
1956-1959       73      0.06883  0.06654  0.50   45776    3046   44253   367463   8.03
1956-1959       74      0.07565  0.07289  0.50   42730    3115   41172   323211   7.56
1956-1959       75      0.08310  0.07978  0.50   39615    3161   38035   282038   7.12
1956-1959       76      0.09247  0.08838  0.50   36454    3222   34843   244004   6.69
1956-1959       77      0.10176  0.09683  0.50   33233    3218   31624   209160   6.29
1956-1959       78      0.11253  0.10654  0.50   30015    3198   28416   177537   5.92
1956-1959       79      0.12201  0.11500  0.50   26817    3084   25275   149121   5.56
1956-1959       80      0.13216  0.12397  0.50   23733    2942   22262   123846   5.22
1956-1959       81      0.14484  0.13506  0.50   20791    2808   19387   101584   4.89
1956-1959       82      0.15961  0.14781  0.50   17983    2658   16654    82198   4.57
1956-1959       83      0.17470  0.16067  0.50   15325    2462   14094    65544   4.28
1956-1959       84      0.18896  0.17265  0.50   12862    2221   11752    51451   4.00
1956-1959       85      0.21003  0.19007  0.50   10642    2023    9630    39698   3.73
1956-1959       86      0.22925  0.20567  0.50    8619    1773    7733    30068   3.49
1956-1959       87      0.25279  0.22442  0.50    6846    1536    6078    22335   3.26
1956-1959       88      0.27456  0.24142  0.50    5310    1282    4669    16257   3.06
1956-1959       89      0.29739  0.25890  0.50    4028    1043    3507    11588   2.88
1956-1959       90      0.32542  0.27988  0.50    2985     835    2567     8082   2.71
1956-1959       91      0.34507  0.29430  0.50    2150     633    1833     5514   2.57
1956-1959       92      0.37273  0.31418  0.50    1517     477    1279     3681   2.43
1956-1959       93      0.39162  0.32749  0.50    1040     341     870     2402   2.31
1956-1959       94      0.40176  0.33456  0.50     700     234     583     1532   2.19
1956-1959       95      0.45169  0.36847  0.50     466     172     380      950   2.04
1956-1959       96      0.47979  0.38696  0.50     294     114     237      570   1.94
1956-1959       97      0.50802  0.40511  0.50     180      73     144      333   1.85
1956-1959       98      0.53619  0.42283  0.50     107      45      85      189   1.76
1956-1959       99      0.56414  0.44002  0.50      62      27      48      104   1.68
1956-1959      100      0.59168  0.45660  0.50      35      16      27       56   1.62
1956-1959      101      0.61866  0.47250  0.50      19       9      14       29   1.55
1956-1959      102      0.64493  0.48767  0.50      10       5       8       15   1.50
1956-1959      103      0.67035  0.50207  0.50       5       3       4        7   1.45
1956-1959      104      0.69481  0.51567  0.50       3       1       2        4   1.40
1956-1959      105      0.71822  0.52845  0.50       1       1       1        2   1.36
1956-1959      106      0.74051  0.54042  0.50       1       0       0        1   1.32
1956-1959      107      0.76162  0.55157  0.50       0       0       0        0   1.29
1956-1959      108      0.78152  0.56194  0.50       0       0       0        0   1.26
1956-1959      109      0.80019  0.57152  0.50       0       0       0        0   1.24
1956-1959      110+     0.81764  1.00000  1.22       0       0       0        0   1.22
1960-1969        0      0.03010  0.02933  0.13  100000    2933   97438  6725563  67.26
1960-1969        1      0.00200  0.00200  0.50   97067     194   96971  6628125  68.28
1960-1969        2      0.00120  0.00120  0.50   96874     116   96815  6531155  67.42
1960-1969        3      0.00096  0.00096  0.50   96757      93   96711  6434339  66.50
1960-1969        4      0.00080  0.00080  0.50   96665      78   96626  6337628  65.56
1960-1969        5      0.00074  0.00074  0.50   96587      72   96551  6241002  64.62
1960-1969        6      0.00068  0.00068  0.50   96515      66   96482  6144451  63.66
1960-1969        7      0.00061  0.00061  0.50   96449      59   96420  6047969  62.71
1960-1969        8      0.00058  0.00058  0.50   96390      56   96362  5951549  61.74
1960-1969        9      0.00051  0.00051  0.50   96334      49   96310  5855187  60.78
1960-1969       10      0.00049  0.00049  0.50   96285      47   96261  5758877  59.81
1960-1969       11      0.00045  0.00045  0.50   96238      43   96216  5662616  58.84
1960-1969       12      0.00044  0.00044  0.50   96195      43   96174  5566399  57.87
1960-1969       13      0.00050  0.00049  0.50   96152      48   96129  5470225  56.89
1960-1969       14      0.00057  0.00057  0.50   96105      55   96077  5374097  55.92
1960-1969       15      0.00069  0.00069  0.50   96050      66   96017  5278020  54.95
1960-1969       16      0.00106  0.00106  0.50   95984     102   95933  5182003  53.99
1960-1969       17      0.00127  0.00127  0.50   95882     122   95821  5086070  53.05
1960-1969       18      0.00159  0.00158  0.50   95760     152   95684  4990250  52.11
1960-1969       19      0.00172  0.00172  0.50   95608     164   95526  4894566  51.19
1960-1969       20      0.00171  0.00170  0.50   95444     163   95362  4799040  50.28
1960-1969       21      0.00177  0.00177  0.50   95281     169   95197  4703678  49.37
1960-1969       22      0.00171  0.00170  0.50   95112     162   95031  4608481  48.45
1960-1969       23      0.00165  0.00165  0.50   94950     157   94872  4513450  47.53
1960-1969       24      0.00160  0.00159  0.50   94793     151   94718  4418579  46.61
1960-1969       25      0.00157  0.00157  0.50   94642     149   94568  4323861  45.69
1960-1969       26      0.00155  0.00155  0.50   94494     146   94420  4229293  44.76
1960-1969       27      0.00157  0.00157  0.50   94347     148   94273  4134872  43.83
1960-1969       28      0.00156  0.00156  0.50   94200     147   94126  4040599  42.89
1960-1969       29      0.00161  0.00161  0.50   94052     151   93977  3946473  41.96
1960-1969       30      0.00164  0.00164  0.50   93901     154   93824  3852496  41.03
1960-1969       31      0.00168  0.00167  0.50   93747     157   93669  3758672  40.09
1960-1969       32      0.00177  0.00177  0.50   93591     166   93508  3665003  39.16
1960-1969       33      0.00187  0.00187  0.50   93425     175   93337  3571495  38.23
1960-1969       34      0.00197  0.00197  0.50   93250     183   93158  3478158  37.30
1960-1969       35      0.00208  0.00208  0.50   93066     193   92970  3385000  36.37
1960-1969       36      0.00220  0.00219  0.50   92873     204   92771  3292030  35.45
1960-1969       37      0.00241  0.00241  0.50   92669     223   92558  3199259  34.52
1960-1969       38      0.00254  0.00254  0.50   92447     234   92329  3106701  33.61
1960-1969       39      0.00280  0.00279  0.50   92212     258   92083  3014371  32.69
1960-1969       40      0.00301  0.00300  0.50   91954     276   91816  2922288  31.78
1960-1969       41      0.00315  0.00315  0.50   91678     288   91534  2830472  30.87
1960-1969       42      0.00347  0.00347  0.50   91390     317   91231  2738938  29.97
1960-1969       43      0.00383  0.00383  0.50   91073     349   90899  2647706  29.07
1960-1969       44      0.00418  0.00417  0.50   90724     378   90535  2556808  28.18
1960-1969       45      0.00455  0.00454  0.50   90346     410   90141  2466272  27.30
1960-1969       46      0.00505  0.00504  0.50   89936     453   89709  2376131  26.42
1960-1969       47      0.00557  0.00556  0.50   89483     497   89234  2286422  25.55
1960-1969       48      0.00613  0.00612  0.50   88985     544   88713  2197188  24.69
1960-1969       49      0.00668  0.00666  0.50   88441     589   88147  2108474  23.84
1960-1969       50      0.00737  0.00735  0.50   87852     645   87529  2020328  23.00
1960-1969       51      0.00833  0.00829  0.50   87207     723   86845  1932799  22.16
1960-1969       52      0.00914  0.00910  0.50   86483     787   86090  1845954  21.34
1960-1969       53      0.01022  0.01017  0.50   85696     871   85261  1759864  20.54
1960-1969       54      0.01145  0.01138  0.50   84825     965   84342  1674603  19.74
1960-1969       55      0.01283  0.01275  0.50   83860    1069   83325  1590261  18.96
1960-1969       56      0.01421  0.01411  0.50   82791    1168   82206  1506936  18.20
1960-1969       57      0.01601  0.01588  0.50   81622    1296   80974  1424729  17.46
1960-1969       58      0.01773  0.01758  0.50   80326    1412   79620  1343755  16.73
1960-1969       59      0.01981  0.01962  0.50   78914    1548   78140  1264135  16.02
1960-1969       60      0.02208  0.02184  0.50   77366    1690   76521  1185995  15.33
1960-1969       61      0.02446  0.02417  0.50   75676    1829   74762  1109474  14.66
1960-1969       62      0.02706  0.02670  0.50   73847    1972   72861  1034712  14.01
1960-1969       63      0.02984  0.02940  0.50   71875    2113   70819   961850  13.38
1960-1969       64      0.03272  0.03219  0.50   69763    2246   68640   891031  12.77
1960-1969       65      0.03609  0.03545  0.50   67517    2393   66320   822392  12.18
1960-1969       66      0.03977  0.03900  0.50   65124    2540   63854   756071  11.61
1960-1969       67      0.04313  0.04222  0.50   62584    2642   61263   692218  11.06
1960-1969       68      0.04713  0.04605  0.50   59942    2760   58561   630955  10.53
1960-1969       69      0.05094  0.04967  0.50   57181    2840   55761   572393  10.01
1960-1969       70      0.05525  0.05376  0.50   54341    2921   52880   516632   9.51
1960-1969       71      0.06010  0.05834  0.50   51420    3000   49920   463752   9.02
1960-1969       72      0.06488  0.06284  0.50   48420    3043   46898   413832   8.55
1960-1969       73      0.07071  0.06829  0.50   45377    3099   43827   366934   8.09
1960-1969       74      0.07704  0.07419  0.50   42278    3136   40710   323107   7.64
1960-1969       75      0.08347  0.08013  0.50   39141    3136   37573   282397   7.21
1960-1969       76      0.09201  0.08796  0.50   36005    3167   34421   244824   6.80
1960-1969       77      0.09987  0.09512  0.50   32838    3123   31276   210402   6.41
1960-1969       78      0.10960  0.10391  0.50   29714    3087   28171   179126   6.03
1960-1969       79      0.11943  0.11270  0.50   26627    3001   25126   150956   5.67
1960-1969       80      0.12929  0.12144  0.50   23626    2869   22191   125829   5.33
1960-1969       81      0.14200  0.13258  0.50   20757    2752   19381   103638   4.99
1960-1969       82      0.15595  0.14467  0.50   18005    2605   16703    84257   4.68
1960-1969       83      0.17005  0.15673  0.50   15400    2414   14193    67554   4.39
1960-1969       84      0.18598  0.17016  0.50   12987    2210   11882    53361   4.11
1960-1969       85      0.20305  0.18434  0.50   10777    1987    9783    41479   3.85
1960-1969       86      0.22219  0.19998  0.50    8790    1758    7911    31696   3.61
1960-1969       87      0.24071  0.21485  0.50    7032    1511    6277    23784   3.38
1960-1969       88      0.26215  0.23177  0.50    5521    1280    4882    17508   3.17
1960-1969       89      0.28173  0.24695  0.50    4242    1047    3718    12626   2.98
1960-1969       90      0.30413  0.26398  0.50    3194     843    2773     8908   2.79
1960-1969       91      0.33546  0.28727  0.50    2351     675    2013     6135   2.61
1960-1969       92      0.35986  0.30499  0.50    1676     511    1420     4122   2.46
1960-1969       93      0.39389  0.32908  0.50    1165     383     973     2702   2.32
1960-1969       94      0.41445  0.34331  0.50     781     268     647     1729   2.21
1960-1969       95      0.43517  0.35740  0.50     513     183     421     1082   2.11
1960-1969       96      0.46239  0.37556  0.50     330     124     268      660   2.00
1960-1969       97      0.48984  0.39347  0.50     206      81     165      392   1.91
1960-1969       98      0.51736  0.41103  0.50     125      51      99      227   1.82
1960-1969       99      0.54477  0.42815  0.50      74      31      58      128   1.74
1960-1969      100      0.57191  0.44473  0.50      42      19      33       70   1.67
1960-1969      101      0.59862  0.46072  0.50      23      11      18       37   1.60
1960-1969      102      0.62476  0.47605  0.50      13       6      10       19   1.54
1960-1969      103      0.65020  0.49068  0.50       7       3       5       10   1.49
1960-1969      104      0.67480  0.50456  0.50       3       2       3        5   1.44
1960-1969      105      0.69848  0.51768  0.50       2       1       1        2   1.39
1960-1969      106      0.72115  0.53003  0.50       1       0       1        1   1.36
1960-1969      107      0.74274  0.54160  0.50       0       0       0        0   1.32
1960-1969      108      0.76321  0.55241  0.50       0       0       0        0   1.29
1960-1969      109      0.78252  0.56246  0.50       0       0       0        0   1.27
1960-1969      110+     0.80067  1.00000  1.25       0       0       0        0   1.25
1970-1979        0      0.02232  0.02188  0.10  100000    2188   98041  6826180  68.26
1970-1979        1      0.00135  0.00135  0.50   97812     132   97746  6728139  68.79
1970-1979        2      0.00090  0.00090  0.50   97680      88   97636  6630393  67.88
1970-1979        3      0.00076  0.00076  0.50   97592      75   97555  6532756  66.94
1970-1979        4      0.00068  0.00068  0.50   97518      66   97485  6435201  65.99
1970-1979        5      0.00063  0.00063  0.50   97452      61   97421  6337717  65.03
1970-1979        6      0.00057  0.00057  0.50   97391      56   97363  6240295  64.07
1970-1979        7      0.00053  0.00053  0.50   97335      51   97309  6142933  63.11
1970-1979        8      0.00046  0.00046  0.50   97283      45   97261  6045623  62.14
1970-1979        9      0.00042  0.00042  0.50   97238      41   97218  5948363  61.17
1970-1979       10      0.00038  0.00038  0.50   97197      37   97179  5851145  60.20
1970-1979       11      0.00037  0.00037  0.50   97161      36   97143  5753966  59.22
1970-1979       12      0.00040  0.00040  0.50   97125      39   97105  5656823  58.24
1970-1979       13      0.00041  0.00041  0.50   97086      40   97066  5559718  57.27
1970-1979       14      0.00049  0.00049  0.50   97046      48   97022  5462652  56.29
1970-1979       15      0.00065  0.00065  0.50   96998      63   96966  5365630  55.32
1970-1979       16      0.00118  0.00118  0.50   96935     114   96878  5268664  54.35
1970-1979       17      0.00139  0.00139  0.50   96820     135   96753  5171786  53.42
1970-1979       18      0.00187  0.00187  0.50   96686     181   96595  5075033  52.49
1970-1979       19      0.00190  0.00190  0.50   96505     183   96413  4978438  51.59
1970-1979       20      0.00184  0.00184  0.50   96322     177   96233  4882024  50.68
1970-1979       21      0.00174  0.00174  0.50   96144     168   96061  4785791  49.78
1970-1979       22      0.00166  0.00166  0.50   95977     159   95897  4689731  48.86
1970-1979       23      0.00152  0.00152  0.50   95818     146   95745  4593833  47.94
1970-1979       24      0.00147  0.00147  0.50   95672     140   95602  4498088  47.02
1970-1979       25      0.00140  0.00140  0.50   95532     134   95465  4402486  46.08
1970-1979       26      0.00139  0.00139  0.50   95398     133   95332  4307021  45.15
1970-1979       27      0.00141  0.00141  0.50   95265     135   95198  4211689  44.21
1970-1979       28      0.00144  0.00144  0.50   95131     137   95063  4116491  43.27
1970-1979       29      0.00149  0.00149  0.50   94994     141   94924  4021428  42.33
1970-1979       30      0.00155  0.00155  0.50   94853     147   94780  3926505  41.40
1970-1979       31      0.00163  0.00163  0.50   94706     154   94629  3831725  40.46
1970-1979       32      0.00170  0.00170  0.50   94552     161   94472  3737095  39.52
1970-1979       33      0.00182  0.00181  0.50   94391     171   94306  3642624  38.59
1970-1979       34      0.00189  0.00189  0.50   94220     178   94131  3548318  37.66
1970-1979       35      0.00197  0.00197  0.50   94042     185   93949  3454187  36.73
1970-1979       36      0.00216  0.00216  0.50   93857     203   93755  3360238  35.80
1970-1979       37      0.00238  0.00238  0.50   93654     223   93543  3266482  34.88
1970-1979       38      0.00255  0.00254  0.50   93431     238   93312  3172940  33.96
1970-1979       39      0.00279  0.00278  0.50   93193     260   93064  3079628  33.05
1970-1979       40      0.00304  0.00303  0.50   92934     282   92793  2986564  32.14
1970-1979       41      0.00334  0.00334  0.50   92652     309   92497  2893771  31.23
1970-1979       42      0.00364  0.00364  0.50   92343     336   92175  2801274  30.34
1970-1979       43      0.00403  0.00402  0.50   92007     370   91822  2709099  29.44
1970-1979       44      0.00436  0.00435  0.50   91637     399   91438  2617276  28.56
1970-1979       45      0.00483  0.00482  0.50   91239     440   91019  2525839  27.68
1970-1979       46      0.00528  0.00527  0.50   90799     478   90560  2434820  26.82
1970-1979       47      0.00578  0.00576  0.50   90321     520   90061  2344260  25.95
1970-1979       48      0.00627  0.00625  0.50   89800     561   89520  2254199  25.10
1970-1979       49      0.00688  0.00686  0.50   89239     612   88933  2164679  24.26
1970-1979       50      0.00757  0.00754  0.50   88627     669   88293  2075746  23.42
1970-1979       51      0.00833  0.00830  0.50   87959     730   87594  1987453  22.60
1970-1979       52      0.00898  0.00894  0.50   87229     780   86839  1899859  21.78
1970-1979       53      0.00980  0.00975  0.50   86450     843   86028  1813020  20.97
1970-1979       54      0.01080  0.01075  0.50   85606     920   85146  1726992  20.17
1970-1979       55      0.01193  0.01186  0.50   84686    1004   84184  1641845  19.39
1970-1979       56      0.01325  0.01316  0.50   83682    1101   83132  1557661  18.61
1970-1979       57      0.01459  0.01448  0.50   82581    1196   81983  1474529  17.86
1970-1979       58      0.01598  0.01586  0.50   81385    1291   80740  1392546  17.11
1970-1979       59      0.01767  0.01752  0.50   80094    1403   79393  1311807  16.38
1970-1979       60      0.01958  0.01939  0.50   78691    1526   77929  1232414  15.66
1970-1979       61      0.02166  0.02143  0.50   77166    1654   76339  1154485  14.96
1970-1979       62      0.02415  0.02386  0.50   75512    1802   74611  1078146  14.28
1970-1979       63      0.02666  0.02631  0.50   73710    1940   72740  1003536  13.61
1970-1979       64      0.02954  0.02911  0.50   71771    2089   70726   930795  12.97
1970-1979       65      0.03286  0.03233  0.50   69681    2253   68555   860069  12.34
1970-1979       66      0.03641  0.03575  0.50   67428    2411   66223   791515  11.74
1970-1979       67      0.04011  0.03932  0.50   65018    2557   63739   725292  11.16
1970-1979       68      0.04469  0.04372  0.50   62461    2731   61095   661552  10.59
1970-1979       69      0.04921  0.04803  0.50   59730    2869   58296   600457  10.05
1970-1979       70      0.05448  0.05303  0.50   56861    3016   55353   542161   9.53
1970-1979       71      0.05952  0.05780  0.50   53846    3113   52289   486808   9.04
1970-1979       72      0.06533  0.06327  0.50   50733    3210   49128   434519   8.56
1970-1979       73      0.07145  0.06898  0.50   47523    3278   45884   385390   8.11
1970-1979       74      0.07799  0.07506  0.50   44245    3321   42584   339506   7.67
1970-1979       75      0.08553  0.08202  0.50   40924    3357   39245   296922   7.26
1970-1979       76      0.09247  0.08838  0.50   37567    3320   35907   257676   6.86
1970-1979       77      0.10054  0.09573  0.50   34247    3278   32607   221769   6.48
1970-1979       78      0.10921  0.10355  0.50   30968    3207   29365   189162   6.11
1970-1979       79      0.11870  0.11205  0.50   27761    3111   26206   159797   5.76
1970-1979       80      0.12938  0.12152  0.50   24651    2996   23153   133591   5.42
1970-1979       81      0.14148  0.13213  0.50   21655    2861   20224   110438   5.10
1970-1979       82      0.15302  0.14214  0.50   18794    2671   17458    90214   4.80
1970-1979       83      0.16555  0.15290  0.50   16122    2465   14890    72755   4.51
1970-1979       84      0.18147  0.16637  0.50   13657    2272   12521    57866   4.24
1970-1979       85      0.19594  0.17846  0.50   11385    2032   10369    45344   3.98
1970-1979       86      0.21198  0.19166  0.50    9353    1793    8457    34975   3.74
1970-1979       87      0.23208  0.20795  0.50    7561    1572    6775    26518   3.51
1970-1979       88      0.25074  0.22281  0.50    5988    1334    5321    19744   3.30
1970-1979       89      0.26761  0.23602  0.50    4654    1098    4105    14422   3.10
1970-1979       90      0.29427  0.25653  0.50    3556     912    3100    10317   2.90
1970-1979       91      0.31954  0.27552  0.50    2644     728    2279     7218   2.73
1970-1979       92      0.34504  0.29428  0.50    1915     564    1633     4939   2.58
1970-1979       93      0.36674  0.30991  0.50    1352     419    1142     3305   2.45
1970-1979       94      0.39673  0.33106  0.50     933     309     778     2163   2.32
1970-1979       95      0.41136  0.34118  0.50     624     213     517     1385   2.22
1970-1979       96      0.43676  0.35847  0.50     411     147     337      867   2.11
1970-1979       97      0.46249  0.37563  0.50     264      99     214      530   2.01
1970-1979       98      0.48843  0.39256  0.50     165      65     132      316   1.92
1970-1979       99      0.51443  0.40918  0.50     100      41      80      183   1.83
1970-1979      100      0.54035  0.42542  0.50      59      25      47      104   1.76
1970-1979      101      0.56606  0.44119  0.50      34      15      26       57   1.69
1970-1979      102      0.59141  0.45644  0.50      19       9      15       31   1.62
1970-1979      103      0.61629  0.47112  0.50      10       5       8       16   1.56
1970-1979      104      0.64058  0.48518  0.50       5       3       4        8   1.51
1970-1979      105      0.66416  0.49859  0.50       3       1       2        4   1.46
1970-1979      106      0.68695  0.51132  0.50       1       1       1        2   1.42
1970-1979      107      0.70888  0.52337  0.50       1       0       1        1   1.38
1970-1979      108      0.72987  0.53473  0.50       0       0       0        0   1.35
1970-1979      109      0.74988  0.54539  0.50       0       0       0        0   1.32
1970-1979      110+     0.76888  1.00000  1.30       0       0       0        0   1.30
1980-1989        0      0.01081  0.01071  0.13  100000    1071   99066  7126719  71.27
1980-1989        1      0.00081  0.00081  0.50   98929      80   98890  7027653  71.04
1980-1989        2      0.00052  0.00052  0.50   98850      52   98824  6928763  70.09
1980-1989        3      0.00042  0.00042  0.50   98798      42   98777  6829939  69.13
1980-1989        4      0.00035  0.00035  0.50   98756      35   98738  6731162  68.16
1980-1989        5      0.00034  0.00034  0.50   98721      33   98704  6632424  67.18
1980-1989        6      0.00030  0.00030  0.50   98688      30   98673  6533720  66.21
1980-1989        7      0.00029  0.00029  0.50   98658      29   98643  6435047  65.23
1980-1989        8      0.00028  0.00028  0.50   98629      28   98615  6336404  64.24
1980-1989        9      0.00024  0.00024  0.50   98601      24   98589  6237789  63.26
1980-1989       10      0.00024  0.00024  0.50   98577      23   98565  6139199  62.28
1980-1989       11      0.00023  0.00023  0.50   98554      23   98542  6040634  61.29
1980-1989       12      0.00024  0.00024  0.50   98531      24   98519  5942092  60.31
1980-1989       13      0.00028  0.00028  0.50   98507      27   98493  5843573  59.32
1980-1989       14      0.00033  0.00033  0.50   98479      33   98463  5745080  58.34
1980-1989       15      0.00045  0.00045  0.50   98447      44   98425  5646617  57.36
1980-1989       16      0.00072  0.00072  0.50   98402      71   98367  5548193  56.38
1980-1989       17      0.00089  0.00089  0.50   98331      87   98288  5449826  55.42
1980-1989       18      0.00125  0.00125  0.50   98244     122   98183  5351538  54.47
1980-1989       19      0.00130  0.00129  0.50   98122     127   98058  5253356  53.54
1980-1989       20      0.00127  0.00127  0.50   97994     124   97932  5155298  52.61
1980-1989       21      0.00120  0.00120  0.50   97870     117   97812  5057365  51.67
1980-1989       22      0.00116  0.00116  0.50   97753     113   97697  4959554  50.74
1980-1989       23      0.00114  0.00114  0.50   97640     111   97585  4861857  49.79
1980-1989       24      0.00110  0.00110  0.50   97529     107   97475  4764272  48.85
1980-1989       25      0.00108  0.00108  0.50   97422     106   97369  4666797  47.90
1980-1989       26      0.00108  0.00108  0.50   97316     105   97264  4569428  46.95
1980-1989       27      0.00107  0.00107  0.50   97211     104   97159  4472164  46.00
1980-1989       28      0.00112  0.00112  0.50   97107     108   97053  4375005  45.05
1980-1989       29      0.00117  0.00117  0.50   96998     113   96942  4277953  44.10
1980-1989       30      0.00118  0.00118  0.50   96885     115   96828  4181011  43.15
1980-1989       31      0.00126  0.00126  0.50   96770     122   96709  4084184  42.20
1980-1989       32      0.00131  0.00131  0.50   96649     127   96585  3987474  41.26
1980-1989       33      0.00135  0.00135  0.50   96522     130   96457  3890889  40.31
1980-1989       34      0.00145  0.00144  0.50   96392     139   96322  3794432  39.36
1980-1989       35      0.00153  0.00153  0.50   96253     147   96179  3698109  38.42
1980-1989       36      0.00166  0.00166  0.50   96106     160   96026  3601930  37.48
1980-1989       37      0.00186  0.00186  0.50   95946     178   95857  3505905  36.54
1980-1989       38      0.00204  0.00204  0.50   95768     195   95670  3410048  35.61
1980-1989       39      0.00226  0.00225  0.50   95573     215   95465  3314377  34.68
1980-1989       40      0.00248  0.00247  0.50   95358     236   95240  3218912  33.76
1980-1989       41      0.00273  0.00273  0.50   95122     260   94992  3123673  32.84
1980-1989       42      0.00298  0.00298  0.50   94862     283   94721  3028681  31.93
1980-1989       43      0.00327  0.00326  0.50   94579     308   94425  2933960  31.02
1980-1989       44      0.00358  0.00358  0.50   94271     337   94102  2839535  30.12
1980-1989       45      0.00400  0.00399  0.50   93934     375   93746  2745433  29.23
1980-1989       46      0.00439  0.00438  0.50   93559     410   93354  2651687  28.34
1980-1989       47      0.00485  0.00484  0.50   93149     451   92923  2558333  27.47
1980-1989       48      0.00529  0.00528  0.50   92698     489   92453  2465410  26.60
1980-1989       49      0.00581  0.00579  0.50   92209     534   91942  2372956  25.73
1980-1989       50      0.00660  0.00657  0.50   91675     603   91373  2281014  24.88
1980-1989       51      0.00718  0.00716  0.50   91072     652   90746  2189641  24.04
1980-1989       52      0.00800  0.00797  0.50   90420     721   90060  2098895  23.21
1980-1989       53      0.00874  0.00871  0.50   89700     781   89309  2008835  22.40
1980-1989       54      0.00968  0.00963  0.50   88919     857   88490  1919526  21.59
1980-1989       55      0.01058  0.01052  0.50   88062     927   87599  1831035  20.79
1980-1989       56      0.01168  0.01161  0.50   87135    1012   86630  1743436  20.01
1980-1989       57      0.01280  0.01272  0.50   86124    1095   85576  1656807  19.24
1980-1989       58      0.01392  0.01382  0.50   85028    1175   84441  1571231  18.48
1980-1989       59      0.01528  0.01516  0.50   83853    1271   83218  1486790  17.73
1980-1989       60      0.01685  0.01671  0.50   82582    1380   81892  1403572  17.00
1980-1989       61      0.01845  0.01828  0.50   81202    1484   80460  1321680  16.28
1980-1989       62      0.02011  0.01991  0.50   79718    1587   78924  1241221  15.57
1980-1989       63      0.02212  0.02187  0.50   78131    1709   77276  1162296  14.88
1980-1989       64      0.02391  0.02363  0.50   76422    1806   75519  1085020  14.20
1980-1989       65      0.02664  0.02629  0.50   74616    1961   73636  1009501  13.53
1980-1989       66      0.02930  0.02887  0.50   72655    2098   71606   935866  12.88
1980-1989       67      0.03223  0.03172  0.50   70557    2238   69438   864260  12.25
1980-1989       68      0.03568  0.03505  0.50   68319    2395   67121   794822  11.63
1980-1989       69      0.03942  0.03866  0.50   65924    2548   64650   727700  11.04
1980-1989       70      0.04354  0.04261  0.50   63376    2700   62025   663050  10.46
1980-1989       71      0.04860  0.04744  0.50   60675    2879   59236   601025   9.91
1980-1989       72      0.05361  0.05222  0.50   57797    3018   56288   541789   9.37
1980-1989       73      0.05881  0.05713  0.50   54779    3130   53214   485501   8.86
1980-1989       74      0.06473  0.06270  0.50   51649    3238   50030   432288   8.37
1980-1989       75      0.07161  0.06914  0.50   48411    3347   46737   382258   7.90
1980-1989       76      0.07888  0.07589  0.50   45064    3420   43354   335521   7.45
1980-1989       77      0.08665  0.08306  0.50   41644    3459   39914   292167   7.02
1980-1989       78      0.09526  0.09093  0.50   38185    3472   36449   252253   6.61
1980-1989       79      0.10453  0.09934  0.50   34713    3448   32989   215803   6.22
1980-1989       80      0.11483  0.10860  0.50   31265    3395   29567   182815   5.85
1980-1989       81      0.12685  0.11928  0.50   27869    3324   26207   153248   5.50
1980-1989       82      0.13812  0.12920  0.50   24545    3171   22959   127040   5.18
1980-1989       83      0.14992  0.13946  0.50   21374    2981   19883   104081   4.87
1980-1989       84      0.16357  0.15120  0.50   18393    2781   17002    84197   4.58
1980-1989       85      0.17750  0.16303  0.50   15612    2545   14339    67195   4.30
1980-1989       86      0.19386  0.17673  0.50   13067    2309   11912    52856   4.05
1980-1989       87      0.21038  0.19035  0.50   10757    2048    9734    40944   3.81
1980-1989       88      0.22685  0.20374  0.50    8710    1775    7822    31210   3.58
1980-1989       89      0.24169  0.21563  0.50    6935    1495    6187    23388   3.37
1980-1989       90      0.26617  0.23490  0.50    5440    1278    4801    17200   3.16
1980-1989       91      0.28478  0.24929  0.50    4162    1038    3643    12400   2.98
1980-1989       92      0.30783  0.26677  0.50    3124     833    2708     8757   2.80
1980-1989       93      0.34027  0.29080  0.50    2291     666    1958     6049   2.64
1980-1989       94      0.35735  0.30318  0.50    1625     493    1378     4091   2.52
1980-1989       95      0.37599  0.31649  0.50    1132     358     953     2713   2.40
1980-1989       96      0.40025  0.33351  0.50     774     258     645     1760   2.27
1980-1989       97      0.42500  0.35052  0.50     516     181     425     1115   2.16
1980-1989       98      0.45014  0.36744  0.50     335     123     273      690   2.06
1980-1989       99      0.47553  0.38419  0.50     212      81     171      416   1.96
1980-1989      100      0.50105  0.40067  0.50     130      52     104      245   1.88
1980-1989      101      0.52657  0.41682  0.50      78      33      62      141   1.80
1980-1989      102      0.55194  0.43257  0.50      46      20      36       79   1.72
1980-1989      103      0.57705  0.44784  0.50      26      12      20       43   1.66
1980-1989      104      0.60177  0.46259  0.50      14       7      11       23   1.60
1980-1989      105      0.62598  0.47676  0.50       8       4       6       12   1.54
1980-1989      106      0.64957  0.49032  0.50       4       2       3        6   1.49
1980-1989      107      0.67246  0.50325  0.50       2       1       2        3   1.45
1980-1989      108      0.69455  0.51552  0.50       1       1       1        1   1.41
1980-1989      109      0.71578  0.52713  0.50       0       0       0        1   1.38
1980-1989      110+     0.73610  1.00000  1.36       0       0       0        0   1.36
1990-1999        0      0.00618  0.00614  0.14  100000     614   99470  7363491  73.63
1990-1999        1      0.00051  0.00051  0.50   99386      51   99360  7264022  73.09
1990-1999        2      0.00036  0.00036  0.50   99335      36   99317  7164662  72.13
1990-1999        3      0.00028  0.00028  0.50   99299      28   99285  7065345  71.15
1990-1999        4      0.00021  0.00021  0.50   99271      21   99261  6966060  70.17
1990-1999        5      0.00019  0.00019  0.50   99250      19   99240  6866799  69.19
1990-1999        6      0.00018  0.00018  0.50   99231      17   99222  6767559  68.20
1990-1999        7      0.00015  0.00015  0.50   99213      15   99206  6668337  67.21
1990-1999        8      0.00017  0.00017  0.50   99198      16   99190  6569131  66.22
1990-1999        9      0.00014  0.00014  0.50   99182      14   99175  6469941  65.23
1990-1999       10      0.00014  0.00014  0.50   99167      14   99161  6370767  64.24
1990-1999       11      0.00016  0.00016  0.50   99154      16   99146  6271606  63.25
1990-1999       12      0.00017  0.00017  0.50   99138      17   99129  6172460  62.26
1990-1999       13      0.00018  0.00018  0.50   99121      18   99112  6073331  61.27
1990-1999       14      0.00023  0.00023  0.50   99103      22   99091  5974220  60.28
1990-1999       15      0.00031  0.00031  0.50   99080      31   99065  5875128  59.30
1990-1999       16      0.00047  0.00047  0.50   99049      46   99026  5776063  58.32
1990-1999       17      0.00060  0.00060  0.50   99003      60   98973  5677037  57.34
1990-1999       18      0.00096  0.00096  0.50   98943      95   98896  5578064  56.38
1990-1999       19      0.00102  0.00102  0.50   98848     100   98798  5479168  55.43
1990-1999       20      0.00098  0.00098  0.50   98748      97   98700  5380370  54.49
1990-1999       21      0.00101  0.00101  0.50   98651     100   98601  5281670  53.54
1990-1999       22      0.00098  0.00098  0.50   98551      97   98503  5183069  52.59
1990-1999       23      0.00099  0.00099  0.50   98454      97   98406  5084566  51.64
1990-1999       24      0.00095  0.00095  0.50   98357      93   98310  4986161  50.69
1990-1999       25      0.00094  0.00094  0.50   98264      93   98218  4887850  49.74
1990-1999       26      0.00094  0.00094  0.50   98171      92   98125  4789633  48.79
1990-1999       27      0.00096  0.00096  0.50   98079      94   98032  4691507  47.83
1990-1999       28      0.00098  0.00098  0.50   97985      96   97937  4593475  46.88
1990-1999       29      0.00101  0.00101  0.50   97889      99   97839  4495538  45.92
1990-1999       30      0.00105  0.00105  0.50   97790     103   97739  4397698  44.97
1990-1999       31      0.00110  0.00110  0.50   97687     107   97634  4299960  44.02
1990-1999       32      0.00115  0.00115  0.50   97580     112   97524  4202326  43.07
1990-1999       33      0.00123  0.00123  0.50   97468     120   97409  4104802  42.11
1990-1999       34      0.00131  0.00131  0.50   97349     128   97285  4007393  41.17
1990-1999       35      0.00140  0.00140  0.50   97221     136   97153  3910108  40.22
1990-1999       36      0.00151  0.00151  0.50   97085     146   97012  3812955  39.27
1990-1999       37      0.00165  0.00165  0.50   96939     159   96859  3715943  38.33
1990-1999       38      0.00175  0.00175  0.50   96780     170   96695  3619083  37.40
1990-1999       39      0.00194  0.00194  0.50   96610     187   96517  3522388  36.46
1990-1999       40      0.00214  0.00214  0.50   96423     206   96320  3425872  35.53
1990-1999       41      0.00232  0.00231  0.50   96217     223   96105  3329552  34.60
1990-1999       42      0.00254  0.00254  0.50   95994     244   95872  3233446  33.68
1990-1999       43      0.00279  0.00278  0.50   95750     267   95617  3137574  32.77
1990-1999       44      0.00301  0.00301  0.50   95484     287   95340  3041957  31.86
1990-1999       45      0.00337  0.00337  0.50   95197     321   95036  2946617  30.95
1990-1999       46      0.00364  0.00363  0.50   94876     345   94704  2851581  30.06
1990-1999       47      0.00402  0.00401  0.50   94531     379   94342  2756877  29.16
1990-1999       48      0.00442  0.00442  0.50   94152     416   93944  2662535  28.28
1990-1999       49      0.00490  0.00489  0.50   93736     458   93507  2568591  27.40
1990-1999       50      0.00550  0.00548  0.50   93278     511   93022  2475084  26.53
1990-1999       51      0.00590  0.00588  0.50   92767     546   92494  2382061  25.68
1990-1999       52      0.00652  0.00649  0.50   92221     599   91922  2289567  24.83
1990-1999       53      0.00711  0.00708  0.50   91622     649   91298  2197646  23.99
1990-1999       54      0.00779  0.00776  0.50   90973     706   90620  2106348  23.15
1990-1999       55      0.00849  0.00846  0.50   90267     763   89885  2015728  22.33
1990-1999       56      0.00931  0.00927  0.50   89504     830   89089  1925843  21.52
1990-1999       57      0.01031  0.01025  0.50   88674     909   88219  1836755  20.71
1990-1999       58      0.01125  0.01118  0.50   87764     982   87274  1748535  19.92
1990-1999       59      0.01254  0.01247  0.50   86783    1082   86242  1661262  19.14
1990-1999       60      0.01395  0.01386  0.50   85701    1187   85107  1575020  18.38
1990-1999       61      0.01539  0.01527  0.50   84513    1290   83868  1489913  17.63
1990-1999       62      0.01708  0.01694  0.50   83223    1410   82518  1406044  16.89
1990-1999       63      0.01880  0.01862  0.50   81813    1523   81052  1323526  16.18
1990-1999       64      0.02075  0.02053  0.50   80290    1649   79466  1242474  15.47
1990-1999       65      0.02268  0.02242  0.50   78641    1763   77760  1163009  14.79
1990-1999       66      0.02481  0.02451  0.50   76878    1884   75936  1085249  14.12
1990-1999       67      0.02721  0.02685  0.50   74994    2014   73987  1009313  13.46
1990-1999       68      0.02971  0.02928  0.50   72980    2136   71912   935327  12.82
1990-1999       69      0.03246  0.03194  0.50   70844    2263   69712   863415  12.19
1990-1999       70      0.03578  0.03515  0.50   68581    2411   67375   793702  11.57
1990-1999       71      0.03911  0.03836  0.50   66170    2538   64901   726327  10.98
1990-1999       72      0.04275  0.04186  0.50   63631    2664   62300   661427  10.39
1990-1999       73      0.04689  0.04581  0.50   60968    2793   59571   599127   9.83
1990-1999       74      0.05157  0.05028  0.50   58175    2925   56713   539556   9.27
1990-1999       75      0.05760  0.05599  0.50   55250    3093   53704   482843   8.74
1990-1999       76      0.06303  0.06110  0.50   52157    3187   50563   429140   8.23
1990-1999       77      0.07002  0.06765  0.50   48970    3313   47314   378576   7.73
1990-1999       78      0.07727  0.07440  0.50   45657    3397   43959   331263   7.26
1990-1999       79      0.08644  0.08286  0.50   42260    3502   40509   287304   6.80
1990-1999       80      0.09602  0.09162  0.50   38759    3551   36983   246794   6.37
1990-1999       81      0.10736  0.10189  0.50   35207    3587   33414   209811   5.96
1990-1999       82      0.11827  0.11166  0.50   31620    3531   29855   176397   5.58
1990-1999       83      0.13062  0.12261  0.50   28089    3444   26367   146542   5.22
1990-1999       84      0.14358  0.13397  0.50   24645    3302   22995   120175   4.88
1990-1999       85      0.15865  0.14699  0.50   21344    3137   19775    97180   4.55
1990-1999       86      0.17431  0.16034  0.50   18207    2919   16747    77405   4.25
1990-1999       87      0.19149  0.17476  0.50   15287    2672   13952    60658   3.97
1990-1999       88      0.20965  0.18976  0.50   12616    2394   11419    46707   3.70
1990-1999       89      0.23091  0.20701  0.50   10222    2116    9164    35288   3.45
1990-1999       90      0.25565  0.22668  0.50    8106    1837    7187    26124   3.22
1990-1999       91      0.27630  0.24276  0.50    6268    1522    5508    18937   3.02
1990-1999       92      0.30086  0.26152  0.50    4747    1241    4126    13429   2.83
1990-1999       93      0.32685  0.28094  0.50    3505     985    3013     9303   2.65
1990-1999       94      0.35715  0.30304  0.50    2521     764    2139     6290   2.50
1990-1999       95      0.37727  0.31740  0.50    1757     558    1478     4152   2.36
1990-1999       96      0.40495  0.33676  0.50    1199     404     997     2674   2.23
1990-1999       97      0.43324  0.35610  0.50     795     283     654     1677   2.11
1990-1999       98      0.46197  0.37529  0.50     512     192     416     1023   2.00
1990-1999       99      0.49096  0.39419  0.50     320     126     257      607   1.90
1990-1999      100      0.52001  0.41270  0.50     194      80     154      350   1.81
1990-1999      101      0.54893  0.43071  0.50     114      49      89      196   1.72
1990-1999      102      0.57751  0.44812  0.50      65      29      50      107   1.65
1990-1999      103      0.60559  0.46484  0.50      36      17      27       57   1.58
1990-1999      104      0.63299  0.48081  0.50      19       9      15       29   1.52
1990-1999      105      0.65955  0.49599  0.50      10       5       7       15   1.47
1990-1999      106      0.68515  0.51033  0.50       5       3       4        7   1.42
1990-1999      107      0.70967  0.52381  0.50       2       1       2        3   1.38
1990-1999      108      0.73303  0.53642  0.50       1       1       1        2   1.34
1990-1999      109      0.75515  0.54818  0.50       1       0       0        1   1.31
1990-1999      110+     0.77601  1.00000  1.29       0       0       0        0   1.29
2000-2009        0      0.00450  0.00449  0.14  100000     449   99614  7641061  76.41
2000-2009        1      0.00040  0.00040  0.50   99551      39   99532  7541446  75.75
2000-2009        2      0.00021  0.00021  0.50   99512      21   99501  7441914  74.78
2000-2009        3      0.00019  0.00019  0.50   99491      18   99482  7342413  73.80
2000-2009        4      0.00014  0.00014  0.50   99472      14   99465  7242932  72.81
2000-2009        5      0.00013  0.00013  0.50   99458      12   99452  7143466  71.82
2000-2009        6      0.00011  0.00011  0.50   99446      11   99440  7044015  70.83
2000-2009        7      0.00011  0.00011  0.50   99434      11   99429  6944575  69.84
2000-2009        8      0.00011  0.00011  0.50   99424      11   99418  6845146  68.85
2000-2009        9      0.00010  0.00010  0.50   99413      10   99407  6745728  67.86
2000-2009       10      0.00009  0.00009  0.50   99402       9   99398  6646321  66.86
2000-2009       11      0.00012  0.00012  0.50   99393      12   99387  6546923  65.87
2000-2009       12      0.00013  0.00013  0.50   99381      13   99375  6447536  64.88
2000-2009       13      0.00013  0.00013  0.50   99369      13   99362  6348161  63.88
2000-2009       14      0.00017  0.00017  0.50   99356      16   99347  6248799  62.89
2000-2009       15      0.00021  0.00021  0.50   99339      21   99328  6149451  61.90
2000-2009       16      0.00035  0.00035  0.50   99318      35   99300  6050123  60.92
2000-2009       17      0.00041  0.00041  0.50   99283      41   99262  5950822  59.94
2000-2009       18      0.00067  0.00067  0.50   99242      66   99209  5851560  58.96
2000-2009       19      0.00068  0.00068  0.50   99176      67   99142  5752351  58.00
2000-2009       20      0.00071  0.00071  0.50   99108      70   99073  5653209  57.04
2000-2009       21      0.00069  0.00069  0.50   99038      68   99004  5554136  56.08
2000-2009       22      0.00069  0.00069  0.50   98970      69   98936  5455132  55.12
2000-2009       23      0.00067  0.00067  0.50   98901      66   98868  5356196  54.16
2000-2009       24      0.00068  0.00068  0.50   98835      67   98802  5257328  53.19
2000-2009       25      0.00068  0.00068  0.50   98768      68   98734  5158527  52.23
2000-2009       26      0.00069  0.00069  0.50   98701      68   98667  5059792  51.26
2000-2009       27      0.00070  0.00070  0.50   98633      69   98598  4961126  50.30
2000-2009       28      0.00070  0.00070  0.50   98564      69   98529  4862527  49.33
2000-2009       29      0.00071  0.00071  0.50   98495      70   98460  4763998  48.37
2000-2009       30      0.00074  0.00074  0.50   98425      73   98389  4665538  47.40
2000-2009       31      0.00080  0.00080  0.50   98353      78   98313  4567149  46.44
2000-2009       32      0.00081  0.00081  0.50   98274      80   98234  4468836  45.47
2000-2009       33      0.00085  0.00085  0.50   98194      83   98153  4370601  44.51
2000-2009       34      0.00092  0.00092  0.50   98111      90   98066  4272449  43.55
2000-2009       35      0.00098  0.00098  0.50   98021      96   97973  4174382  42.59
2000-2009       36      0.00103  0.00103  0.50   97925     101   97875  4076409  41.63
2000-2009       37      0.00111  0.00111  0.50   97824     109   97770  3978534  40.67
2000-2009       38      0.00124  0.00124  0.50   97715     121   97655  3880764  39.71
2000-2009       39      0.00136  0.00136  0.50   97594     132   97528  3783109  38.76
2000-2009       40      0.00153  0.00153  0.50   97462     149   97387  3685581  37.82
2000-2009       41      0.00168  0.00168  0.50   97313     163   97231  3588193  36.87
2000-2009       42      0.00188  0.00188  0.50   97150     183   97058  3490962  35.93
2000-2009       43      0.00213  0.00212  0.50   96967     206   96864  3393904  35.00
2000-2009       44      0.00234  0.00233  0.50   96761     226   96648  3297040  34.07
2000-2009       45      0.00262  0.00262  0.50   96535     253   96409  3200391  33.15
2000-2009       46      0.00297  0.00297  0.50   96282     286   96140  3103983  32.24
2000-2009       47      0.00333  0.00332  0.50   95997     319   95837  3007843  31.33
2000-2009       48      0.00370  0.00369  0.50   95678     353   95501  2912006  30.44
2000-2009       49      0.00405  0.00404  0.50   95325     385   95132  2816504  29.55
2000-2009       50      0.00445  0.00444  0.50   94940     421   94729  2721372  28.66
2000-2009       51      0.00493  0.00492  0.50   94518     465   94286  2626643  27.79
2000-2009       52      0.00542  0.00540  0.50   94053     508   93799  2532357  26.92
2000-2009       53      0.00587  0.00585  0.50   93545     548   93271  2438558  26.07
2000-2009       54      0.00653  0.00651  0.50   92998     606   92695  2345287  25.22
2000-2009       55      0.00712  0.00709  0.50   92392     656   92064  2252592  24.38
2000-2009       56      0.00771  0.00768  0.50   91736     704   91384  2160528  23.55
2000-2009       57      0.00833  0.00829  0.50   91032     755   90655  2069144  22.73
2000-2009       58      0.00927  0.00923  0.50   90277     833   89861  1978489  21.92
2000-2009       59      0.01009  0.01004  0.50   89444     898   88995  1888629  21.12
2000-2009       60      0.01104  0.01098  0.50   88546     972   88060  1799633  20.32
2000-2009       61      0.01202  0.01195  0.50   87574    1046   87051  1711573  19.54
2000-2009       62      0.01314  0.01305  0.50   86528    1130   85963  1624523  18.77
2000-2009       63      0.01424  0.01414  0.50   85398    1208   84794  1538559  18.02
2000-2009       64      0.01543  0.01531  0.50   84191    1289   83546  1453765  17.27
2000-2009       65      0.01705  0.01690  0.50   82902    1401   82201  1370219  16.53
2000-2009       66      0.01847  0.01830  0.50   81500    1491   80755  1288018  15.80
2000-2009       67      0.02011  0.01991  0.50   80009    1593   79212  1207264  15.09
2000-2009       68      0.02206  0.02182  0.50   78416    1711   77560  1128051  14.39
2000-2009       69      0.02414  0.02386  0.50   76705    1830   75790  1050491  13.70
2000-2009       70      0.02683  0.02647  0.50   74875    1982   73884   974701  13.02
2000-2009       71      0.02987  0.02943  0.50   72893    2145   71820   900817  12.36
2000-2009       72      0.03303  0.03250  0.50   70748    2299   69598   828997  11.72
2000-2009       73      0.03643  0.03578  0.50   68449    2449   67224   759398  11.09
2000-2009       74      0.04059  0.03978  0.50   66000    2626   64687   692174  10.49
2000-2009       75      0.04470  0.04372  0.50   63374    2771   61989   627487   9.90
2000-2009       76      0.04907  0.04790  0.50   60603    2903   59152   565498   9.33
2000-2009       77      0.05482  0.05335  0.50   57701    3079   56161   506346   8.78
2000-2009       78      0.06087  0.05907  0.50   54622    3227   53009   450185   8.24
2000-2009       79      0.06683  0.06467  0.50   51396    3324   49734   397176   7.73
2000-2009       80      0.07619  0.07340  0.50   48072    3528   46308   347442   7.23
2000-2009       81      0.08422  0.08081  0.50   44543    3600   42743   301135   6.76
2000-2009       82      0.09369  0.08950  0.50   40944    3664   39111   258391   6.31
2000-2009       83      0.10383  0.09871  0.50   37279    3680   35439   219280   5.88
2000-2009       84      0.11557  0.10926  0.50   33600    3671   31764   183840   5.47
2000-2009       85      0.12944  0.12157  0.50   29929    3639   28109   152076   5.08
2000-2009       86      0.14570  0.13581  0.50   26290    3570   24505   123967   4.72
2000-2009       87      0.16264  0.15040  0.50   22720    3417   21011    99462   4.38
2000-2009       88      0.18049  0.16555  0.50   19303    3196   17705    78451   4.06
2000-2009       89      0.20077  0.18246  0.50   16107    2939   14637    60746   3.77
2000-2009       90      0.22040  0.19852  0.50   13168    2614   11861    46109   3.50
2000-2009       91      0.25103  0.22303  0.50   10554    2354    9377    34248   3.25
2000-2009       92      0.27353  0.24062  0.50    8200    1973    7214    24871   3.03
2000-2009       93      0.29636  0.25811  0.50    6227    1607    5423    17657   2.84
2000-2009       94      0.32418  0.27896  0.50    4620    1289    3975    12234   2.65
2000-2009       95      0.35168  0.29909  0.50    3331     996    2833     8259   2.48
2000-2009       96      0.38126  0.32022  0.50    2335     748    1961     5426   2.32
2000-2009       97      0.41175  0.34146  0.50    1587     542    1316     3465   2.18
2000-2009       98      0.44294  0.36263  0.50    1045     379     856     2149   2.06
2000-2009       99      0.47458  0.38356  0.50     666     256     538     1293   1.94
2000-2009      100      0.50642  0.40410  0.50     411     166     328      755   1.84
2000-2009      101      0.53822  0.42409  0.50     245     104     193      427   1.75
2000-2009      102      0.56970  0.44340  0.50     141      62     110      234   1.66
2000-2009      103      0.60063  0.46191  0.50      78      36      60      125   1.59
2000-2009      104      0.63078  0.47954  0.50      42      20      32       64   1.52
2000-2009      105      0.65994  0.49621  0.50      22      11      17       32   1.46
2000-2009      106      0.68794  0.51187  0.50      11       6       8       16   1.41
2000-2009      107      0.71463  0.52650  0.50       5       3       4        7   1.36
2000-2009      108      0.73990  0.54009  0.50       3       1       2        3   1.32
2000-2009      109      0.76367  0.55265  0.50       1       1       1        2   1.29
2000-2009      110+     0.78590  1.00000  1.27       1       1       1        1   1.27
2010-2017        0      0.00379  0.00378  0.14  100000     378   99676  7832846  78.33
2010-2017        1      0.00029  0.00029  0.50   99622      28   99608  7733170  77.63
2010-2017        2      0.00016  0.00016  0.50   99594      16   99585  7633563  76.65
2010-2017        3      0.00013  0.00013  0.50   99577      13   99571  7533977  75.66
2010-2017        4      0.00011  0.00011  0.50   99565      11   99559  7434406  74.67
2010-2017        5      0.00011  0.00011  0.50   99554      11   99548  7334847  73.68
2010-2017        6      0.00009  0.00009  0.50   99543       9   99538  7235298  72.69
2010-2017        7      0.00008  0.00008  0.50   99534       8   99529  7135760  71.69
2010-2017        8      0.00008  0.00008  0.50   99525       8   99521  7036231  70.70
2010-2017        9      0.00009  0.00009  0.50   99517       8   99513  6936709  69.70
2010-2017       10      0.00007  0.00007  0.50   99509       7   99505  6837197  68.71
2010-2017       11      0.00008  0.00008  0.50   99501       8   99497  6737692  67.71
2010-2017       12      0.00009  0.00009  0.50   99493       9   99489  6638194  66.72
2010-2017       13      0.00010  0.00010  0.50   99484      10   99479  6538705  65.73
2010-2017       14      0.00013  0.00013  0.50   99474      13   99468  6439226  64.73
2010-2017       15      0.00016  0.00016  0.50   99461      16   99453  6339758  63.74
2010-2017       16      0.00025  0.00025  0.50   99445      25   99433  6240305  62.75
2010-2017       17      0.00030  0.00030  0.50   99421      30   99406  6140872  61.77
2010-2017       18      0.00041  0.00041  0.50   99390      40   99370  6041466  60.79
2010-2017       19      0.00044  0.00044  0.50   99350      44   99328  5942096  59.81
2010-2017       20      0.00046  0.00046  0.50   99306      46   99283  5842768  58.84
2010-2017       21      0.00046  0.00046  0.50   99260      46   99237  5743485  57.86
2010-2017       22      0.00046  0.00046  0.50   99214      45   99192  5644248  56.89
2010-2017       23      0.00047  0.00047  0.50   99169      47   99146  5545056  55.92
2010-2017       24      0.00048  0.00048  0.50   99123      48   99099  5445910  54.94
2010-2017       25      0.00049  0.00049  0.50   99075      49   99050  5346812  53.97
2010-2017       26      0.00050  0.00050  0.50   99026      50   99001  5247762  52.99
2010-2017       27      0.00052  0.00052  0.50   98976      51   98951  5148761  52.02
2010-2017       28      0.00053  0.00053  0.50   98925      52   98899  5049810  51.05
2010-2017       29      0.00057  0.00057  0.50   98873      57   98844  4950911  50.07
2010-2017       30      0.00059  0.00059  0.50   98816      58   98787  4852067  49.10
2010-2017       31      0.00066  0.00066  0.50   98758      65   98725  4753280  48.13
2010-2017       32      0.00069  0.00069  0.50   98692      68   98658  4654555  47.16
2010-2017       33      0.00074  0.00074  0.50   98624      73   98587  4555897  46.19
2010-2017       34      0.00077  0.00077  0.50   98551      75   98513  4457309  45.23
2010-2017       35      0.00083  0.00083  0.50   98475      81   98435  4358796  44.26
2010-2017       36      0.00086  0.00086  0.50   98394      85   98352  4260362  43.30
2010-2017       37      0.00093  0.00093  0.50   98309      92   98263  4162010  42.34
2010-2017       38      0.00104  0.00104  0.50   98218     102   98167  4063747  41.37
2010-2017       39      0.00110  0.00110  0.50   98116     108   98062  3965580  40.42
2010-2017       40      0.00121  0.00120  0.50   98008     118   97949  3867519  39.46
2010-2017       41      0.00127  0.00127  0.50   97890     125   97827  3769570  38.51
2010-2017       42      0.00143  0.00143  0.50   97765     140   97695  3671743  37.56
2010-2017       43      0.00161  0.00161  0.50   97625     157   97547  3574047  36.61
2010-2017       44      0.00177  0.00177  0.50   97469     173   97382  3476500  35.67
2010-2017       45      0.00198  0.00198  0.50   97296     193   97200  3379118  34.73
2010-2017       46      0.00215  0.00215  0.50   97103     209   96999  3281918  33.80
2010-2017       47      0.00242  0.00242  0.50   96895     234   96777  3184919  32.87
2010-2017       48      0.00271  0.00271  0.50   96660     262   96529  3088142  31.95
2010-2017       49      0.00307  0.00306  0.50   96399     295   96251  2991613  31.03
2010-2017       50      0.00341  0.00340  0.50   96104     327   95940  2895361  30.13
2010-2017       51      0.00385  0.00384  0.50   95777     368   95593  2799421  29.23
2010-2017       52      0.00432  0.00431  0.50   95409     412   95203  2703828  28.34
2010-2017       53      0.00483  0.00482  0.50   94997     458   94768  2608625  27.46
2010-2017       54      0.00546  0.00544  0.50   94539     514   94282  2513857  26.59
2010-2017       55      0.00598  0.00597  0.50   94025     561   93745  2419575  25.73
2010-2017       56      0.00665  0.00663  0.50   93464     620   93154  2325830  24.88
2010-2017       57      0.00736  0.00733  0.50   92844     681   92504  2232676  24.05
2010-2017       58      0.00815  0.00812  0.50   92164     748   91790  2140172  23.22
2010-2017       59      0.00897  0.00893  0.50   91415     816   91007  2048383  22.41
2010-2017       60      0.00981  0.00976  0.50   90599     885   90157  1957375  21.60
2010-2017       61      0.01073  0.01068  0.50   89714     958   89236  1867219  20.81
2010-2017       62      0.01162  0.01155  0.50   88757    1026   88244  1777983  20.03
2010-2017       63      0.01258  0.01251  0.50   87731    1097   87183  1689739  19.26
2010-2017       64      0.01383  0.01374  0.50   86634    1190   86039  1602557  18.50
2010-2017       65      0.01500  0.01488  0.50   85444    1272   84808  1516518  17.75
2010-2017       66      0.01629  0.01616  0.50   84172    1360   83492  1431710  17.01
2010-2017       67      0.01759  0.01743  0.50   82812    1444   82090  1348218  16.28
2010-2017       68      0.01908  0.01890  0.50   81369    1538   80600  1266127  15.56
2010-2017       69      0.02073  0.02051  0.50   79831    1638   79012  1185527  14.85
2010-2017       70      0.02257  0.02232  0.50   78193    1745   77320  1106516  14.15
2010-2017       71      0.02458  0.02428  0.50   76448    1856   75520  1029195  13.46
2010-2017       72      0.02667  0.02632  0.50   74592    1963   73610   953675  12.79
2010-2017       73      0.02921  0.02879  0.50   72629    2091   71583   880065  12.12
2010-2017       74      0.03170  0.03121  0.50   70538    2201   69437   808482  11.46
2010-2017       75      0.03531  0.03470  0.50   68337    2371   67151   739045  10.81
2010-2017       76      0.03899  0.03824  0.50   65965    2523   64704   671894  10.19
2010-2017       77      0.04349  0.04256  0.50   63442    2700   62092   607190   9.57
2010-2017       78      0.04874  0.04758  0.50   60742    2890   59297   545098   8.97
2010-2017       79      0.05480  0.05334  0.50   57852    3086   56309   485801   8.40
2010-2017       80      0.06180  0.05995  0.50   54767    3283   53125   429491   7.84
2010-2017       81      0.07045  0.06805  0.50   51483    3504   49731   376366   7.31
2010-2017       82      0.07998  0.07691  0.50   47980    3690   46135   326635   6.81
2010-2017       83      0.08967  0.08582  0.50   44290    3801   42389   280500   6.33
2010-2017       84      0.10132  0.09644  0.50   40489    3905   38536   238111   5.88
2010-2017       85      0.11453  0.10832  0.50   36584    3963   34603   199575   5.46
2010-2017       86      0.12868  0.12090  0.50   32621    3944   30649   164972   5.06
2010-2017       87      0.14436  0.13464  0.50   28677    3861   26747   134323   4.68
2010-2017       88      0.16181  0.14969  0.50   24816    3715   22959   107577   4.33
2010-2017       89      0.18033  0.16542  0.50   21101    3490   19356    84618   4.01
2010-2017       90      0.20305  0.18433  0.50   17611    3246   15988    65262   3.71
2010-2017       91      0.22729  0.20410  0.50   14365    2932   12899    49274   3.43
2010-2017       92      0.25406  0.22543  0.50   11433    2577   10144    36376   3.18
2010-2017       93      0.27751  0.24370  0.50    8856    2158    7777    26232   2.96
2010-2017       94      0.30414  0.26400  0.50    6697    1768    5813    18455   2.76
2010-2017       95      0.33415  0.28632  0.50    4929    1411    4224    12642   2.56
2010-2017       96      0.36494  0.30862  0.50    3518    1086    2975     8418   2.39
2010-2017       97      0.39686  0.33115  0.50    2432     805    2030     5443   2.24
2010-2017       98      0.42969  0.35370  0.50    1627     575    1339     3413   2.10
2010-2017       99      0.46315  0.37606  0.50    1051     395     854     2074   1.97
2010-2017      100      0.49695  0.39804  0.50     656     261     525     1221   1.86
2010-2017      101      0.53077  0.41945  0.50     395     166     312      695   1.76
2010-2017      102      0.56431  0.44013  0.50     229     101     179      383   1.67
2010-2017      103      0.59728  0.45993  0.50     128      59      99      204   1.59
2010-2017      104      0.62939  0.47873  0.50      69      33      53      105   1.52
2010-2017      105      0.66039  0.49646  0.50      36      18      27       53   1.46
2010-2017      106      0.69008  0.51305  0.50      18       9      14       26   1.40
2010-2017      107      0.71828  0.52848  0.50       9       5       7       12   1.36
2010-2017      108      0.74486  0.54273  0.50       4       2       3        5   1.31
2010-2017      109      0.76974  0.55582  0.50       2       1       1        2   1.28
2010-2017      110+     0.79286  1.00000  1.26       1       1       1        1   1.26
