Hong Kong, Life tables (period 5x10), Total	Last modified: 20 Jul 2021;  Methods Protocol: v6 (2017)

  Year          Age         mx       qx    ax      lx      dx      Lx       Tx     ex
1986-1989        0      0.00717  0.00713  0.13  100000     713   99383  7701524  77.02
1986-1989      1-4      0.00035  0.00141  1.62   99287     140  396817  7602141  76.57
1986-1989      5-9      0.00017  0.00086  2.45   99148      85  495521  7205324  72.67
1986-1989     10-14     0.00019  0.00096  2.69   99062      95  495092  6709803  67.73
1986-1989     15-19     0.00032  0.00161  2.79   98967     159  494485  6214711  62.80
1986-1989     20-24     0.00044  0.00218  2.55   98808     215  493513  5720225  57.89
1986-1989     25-29     0.00051  0.00257  2.59   98593     253  492354  5226713  53.01
1986-1989     30-34     0.00072  0.00361  2.53   98340     355  490821  4734359  48.14
1986-1989     35-39     0.00106  0.00531  2.66   97984     520  488705  4243538  43.31
1986-1989     40-44     0.00165  0.00824  2.72   97464     803  485487  3754833  38.53
1986-1989     45-49     0.00284  0.01412  2.67   96661    1365  480122  3269346  33.82
1986-1989     50-54     0.00498  0.02463  2.65   95296    2347  470971  2789225  29.27
1986-1989     55-59     0.00792  0.03889  2.62   92949    3615  456134  2318254  24.94
1986-1989     60-64     0.01260  0.06119  2.64   89334    5466  433791  1862120  20.84
1986-1989     65-69     0.02065  0.09841  2.63   83868    8254  399747  1428329  17.03
1986-1989     70-74     0.03229  0.14991  2.62   75615   11335  351059  1028583  13.60
1986-1989     75-79     0.05112  0.22725  2.56   64279   14607  285743   677523  10.54
1986-1989     80-84     0.08777  0.35918  2.47   49672   17841  203271   391781   7.89
1986-1989     85-89     0.13234  0.49272  2.41   31831   15684  118507   188510   5.92
1986-1989     90-94     0.20127  0.64731  2.24   16147   10452   51932    70003   4.34
1986-1989     95-99     0.29501  0.78856  2.05    5695    4491   15222    18071   3.17
1986-1989    100-104    0.41117  0.88881  1.81    1204    1070    2603     2849   2.37
1986-1989    105-109    0.54015  0.94589  1.57     134     127     234      246   1.83
1986-1989    110+       0.64600  1.00000  1.55       7       7      11       11   1.55
1990-1999        0      0.00440  0.00439  0.14  100000     439   99623  7900674  79.01
1990-1999      1-4      0.00027  0.00109  1.56   99561     109  397980  7801052  78.35
1990-1999      5-9      0.00012  0.00058  2.51   99452      57  497118  7403072  74.44
1990-1999     10-14     0.00016  0.00078  2.64   99395      77  496792  6905954  69.48
1990-1999     15-19     0.00031  0.00154  2.79   99318     153  496252  6409162  64.53
1990-1999     20-24     0.00047  0.00232  2.51   99165     231  495252  5912910  59.63
1990-1999     25-29     0.00051  0.00257  2.49   98934     254  494035  5417658  54.76
1990-1999     30-34     0.00061  0.00305  2.62   98680     301  492683  4923623  49.89
1990-1999     35-39     0.00091  0.00453  2.65   98379     445  490848  4430941  45.04
1990-1999     40-44     0.00146  0.00728  2.64   97934     713  487987  3940093  40.23
1990-1999     45-49     0.00230  0.01142  2.68   97220    1111  483520  3452106  35.51
1990-1999     50-54     0.00393  0.01947  2.73   96110    1871  476293  2968585  30.89
1990-1999     55-59     0.00640  0.03154  2.66   94239    2972  464247  2492292  26.45
1990-1999     60-64     0.01044  0.05097  2.67   91267    4652  445481  2028045  22.22
1990-1999     65-69     0.01699  0.08174  2.68   86615    7080  416639  1582564  18.27
1990-1999     70-74     0.02801  0.13134  2.63   79535   10446  372907  1165925  14.66
1990-1999     75-79     0.04403  0.19913  2.60   69090   13758  312492   793017  11.48
1990-1999     80-84     0.07773  0.32520  2.49   55332   17994  231495   480525   8.68
1990-1999     85-89     0.11469  0.44312  2.44   37338   16545  144258   249029   6.67
1990-1999     90-94     0.16829  0.57899  2.31   20793   12039   71534   104771   5.04
1990-1999     95-99     0.23975  0.71263  2.15    8754    6238   26020    33237   3.80
1990-1999    100-104    0.33270  0.82678  1.96    2516    2080    6251     7218   2.87
1990-1999    105-109    0.44349  0.90609  1.74     436     395     890      966   2.22
1990-1999    110+       0.53863  1.00000  1.86      41      41      76       76   1.86
2000-2009        0      0.00303  0.00302  0.14  100000     302   99741  8167637  81.68
2000-2009      1-4      0.00021  0.00082  1.55   99698      82  398592  8067895  80.92
2000-2009      5-9      0.00010  0.00048  2.40   99616      48  497957  7669303  76.99
2000-2009     10-14     0.00010  0.00052  2.59   99568      52  497717  7171346  72.02
2000-2009     15-19     0.00018  0.00092  2.83   99517      92  497384  6673629  67.06
2000-2009     20-24     0.00034  0.00168  2.61   99425     167  496726  6176245  62.12
2000-2009     25-29     0.00046  0.00230  2.60   99258     228  495744  5679519  57.22
2000-2009     30-34     0.00053  0.00267  2.53   99030     264  494499  5183776  52.35
2000-2009     35-39     0.00073  0.00364  2.63   98766     360  492978  4689277  47.48
2000-2009     40-44     0.00109  0.00543  2.69   98406     534  490799  4196298  42.64
2000-2009     45-49     0.00180  0.00897  2.69   97872     878  487332  3705499  37.86
2000-2009     50-54     0.00290  0.01440  2.65   96994    1397  481691  3218168  33.18
2000-2009     55-59     0.00458  0.02265  2.68   95597    2166  472965  2736477  28.63
2000-2009     60-64     0.00751  0.03691  2.68   93431    3449  459166  2263512  24.23
2000-2009     65-69     0.01239  0.06020  2.67   89983    5417  437270  1804346  20.05
2000-2009     70-74     0.02100  0.10008  2.66   84566    8464  403033  1367075  16.17
2000-2009     75-79     0.03537  0.16321  2.63   76102   12421  351133   964042  12.67
2000-2009     80-84     0.05973  0.26121  2.60   63681   16634  278507   612909   9.62
2000-2009     85-89     0.09973  0.39925  2.50   47047   18783  188337   334402   7.11
2000-2009     90-94     0.15808  0.55735  2.35   28263   15752   99651   146065   5.17
2000-2009     95-99     0.24313  0.72065  2.17   12511    9016   37083    46413   3.71
2000-2009    100-104    0.35871  0.85267  1.92    3495    2980    8308     9330   2.67
2000-2009    105-109    0.49707  0.93225  1.65     515     480     966     1022   1.99
2000-2009    110+       0.61543  1.00000  1.62      35      35      57       57   1.62
2010-2019        0      0.00209  0.00209  0.14  100000     209   99821  8412254  84.12
2010-2019      1-4      0.00017  0.00066  1.77   99791      66  399018  8312432  83.30
2010-2019      5-9      0.00008  0.00038  2.38   99725      38  498526  7913415  79.35
2010-2019     10-14     0.00010  0.00048  2.70   99687      48  498326  7414888  74.38
2010-2019     15-19     0.00017  0.00083  2.79   99639      83  498015  6916562  69.42
2010-2019     20-24     0.00025  0.00125  2.59   99557     124  497485  6418548  64.47
2010-2019     25-29     0.00030  0.00148  2.57   99433     147  496804  5921063  59.55
2010-2019     30-34     0.00040  0.00201  2.64   99285     199  495956  5424259  54.63
2010-2019     35-39     0.00059  0.00296  2.70   99086     293  494756  4928304  49.74
2010-2019     40-44     0.00098  0.00488  2.67   98793     483  492840  4433548  44.88
2010-2019     45-49     0.00151  0.00755  2.70   98310     742  489847  3940708  40.08
2010-2019     50-54     0.00246  0.01222  2.69   97568    1193  485086  3450861  35.37
2010-2019     55-59     0.00388  0.01925  2.68   96376    1855  477574  2965776  30.77
2010-2019     60-64     0.00608  0.02997  2.66   94520    2832  465961  2488202  26.32
2010-2019     65-69     0.00947  0.04634  2.67   91688    4249  448542  2022241  22.06
2010-2019     70-74     0.01580  0.07621  2.69   87439    6663  421780  1573699  18.00
2010-2019     75-79     0.02693  0.12666  2.66   80776   10231  379969  1151918  14.26
2010-2019     80-84     0.04621  0.20815  2.62   70545   14684  317733   771949  10.94
2010-2019     85-89     0.07746  0.32546  2.55   55861   18181  234718   454217   8.13
2010-2019     90-94     0.13109  0.49191  2.46   37680   18535  141393   219499   5.83
2010-2019     95-99     0.21426  0.67433  2.25   19145   12910   60254    78105   4.08
2010-2019    100-104    0.33041  0.82870  1.99    6235    5167   15638    17852   2.86
2010-2019    105-109    0.47472  0.92399  1.70    1068     987    2079     2214   2.07
2010-2019    110+       0.60071  1.00000  1.66      81      81     135      135   1.66
