Hong Kong, Death rates (period 1x5), 	Last modified: 20 Jul 2021;  Methods Protocol: v6 (2017)

  Year          Age             Female            Male           Total
1986-1989        0             0.006697        0.007613        0.007172
1986-1989        1             0.000573        0.000574        0.000574
1986-1989        2             0.000282        0.000327        0.000306
1986-1989        3             0.000278        0.000345        0.000313
1986-1989        4             0.000220        0.000211        0.000215
1986-1989        5             0.000169        0.000196        0.000183
1986-1989        6             0.000156        0.000162        0.000159
1986-1989        7             0.000218        0.000197        0.000207
1986-1989        8             0.000117        0.000159        0.000139
1986-1989        9             0.000157        0.000186        0.000172
1986-1989       10             0.000111        0.000222        0.000169
1986-1989       11             0.000148        0.000147        0.000147
1986-1989       12             0.000183        0.000206        0.000195
1986-1989       13             0.000216        0.000237        0.000227
1986-1989       14             0.000184        0.000256        0.000222
1986-1989       15             0.000157        0.000310        0.000237
1986-1989       16             0.000215        0.000274        0.000246
1986-1989       17             0.000247        0.000414        0.000334
1986-1989       18             0.000280        0.000488        0.000388
1986-1989       19             0.000335        0.000466        0.000403
1986-1989       20             0.000352        0.000520        0.000439
1986-1989       21             0.000313        0.000467        0.000392
1986-1989       22             0.000339        0.000493        0.000417
1986-1989       23             0.000350        0.000638        0.000496
1986-1989       24             0.000347        0.000526        0.000437
1986-1989       25             0.000328        0.000718        0.000525
1986-1989       26             0.000327        0.000563        0.000446
1986-1989       27             0.000321        0.000599        0.000462
1986-1989       28             0.000380        0.000708        0.000547
1986-1989       29             0.000483        0.000693        0.000591
1986-1989       30             0.000459        0.000938        0.000705
1986-1989       31             0.000563        0.000820        0.000696
1986-1989       32             0.000535        0.000926        0.000737
1986-1989       33             0.000612        0.000871        0.000747
1986-1989       34             0.000595        0.000869        0.000737
1986-1989       35             0.000647        0.001045        0.000855
1986-1989       36             0.000831        0.001258        0.001055
1986-1989       37             0.000782        0.001284        0.001047
1986-1989       38             0.000749        0.001402        0.001095
1986-1989       39             0.001036        0.001481        0.001273
1986-1989       40             0.000920        0.001825        0.001406
1986-1989       41             0.000948        0.001778        0.001397
1986-1989       42             0.000898        0.002053        0.001528
1986-1989       43             0.001267        0.002311        0.001842
1986-1989       44             0.001244        0.002795        0.002102
1986-1989       45             0.001479        0.003232        0.002450
1986-1989       46             0.001462        0.003442        0.002556
1986-1989       47             0.001646        0.003593        0.002717
1986-1989       48             0.001951        0.003964        0.003055
1986-1989       49             0.002267        0.004419        0.003443
1986-1989       50             0.002551        0.005899        0.004374
1986-1989       51             0.002872        0.005649        0.004380
1986-1989       52             0.003260        0.006041        0.004763
1986-1989       53             0.003803        0.007216        0.005641
1986-1989       54             0.003622        0.007653        0.005777
1986-1989       55             0.004515        0.008712        0.006747
1986-1989       56             0.004703        0.010132        0.007577
1986-1989       57             0.004990        0.010020        0.007638
1986-1989       58             0.005557        0.012221        0.009038
1986-1989       59             0.005488        0.011621        0.008664
1986-1989       60             0.007100        0.014588        0.010960
1986-1989       61             0.007134        0.014502        0.010879
1986-1989       62             0.008976        0.016437        0.012739
1986-1989       63             0.008697        0.018641        0.013668
1986-1989       64             0.010614        0.019262        0.014890
1986-1989       65             0.012138        0.023264        0.017593
1986-1989       66             0.013323        0.024865        0.018954
1986-1989       67             0.013895        0.026675        0.020056
1986-1989       68             0.016196        0.029451        0.022516
1986-1989       69             0.017721        0.032025        0.024474
1986-1989       70             0.019089        0.036107        0.026998
1986-1989       71             0.021263        0.038235        0.029060
1986-1989       72             0.024312        0.041257        0.031987
1986-1989       73             0.026901        0.047863        0.036219
1986-1989       74             0.028765        0.050266        0.038134
1986-1989       75             0.032711        0.054435        0.041941
1986-1989       76             0.036852        0.063597        0.047874
1986-1989       77             0.042561        0.068822        0.053004
1986-1989       78             0.046761        0.073009        0.056735
1986-1989       79             0.046731        0.078572        0.058181
1986-1989       80             0.063332        0.105596        0.077591
1986-1989       81             0.067225        0.104592        0.079168
1986-1989       82             0.074013        0.123259        0.088874
1986-1989       83             0.083838        0.131103        0.097210
1986-1989       84             0.089027        0.137637        0.101862
1986-1989       85             0.096242        0.155388        0.110969
1986-1989       86             0.116302        0.162306        0.127257
1986-1989       87             0.117459        0.177578        0.131003
1986-1989       88             0.135044        0.196754        0.147902
1986-1989       89             0.146911        0.218505        0.160468
1986-1989       90             0.170429        0.246081        0.183387
1986-1989       91             0.170251        0.256289        0.183599
1986-1989       92             0.196011        0.239074        0.202150
1986-1989       93             0.226521        0.272774        0.232836
1986-1989       94             0.255688        0.348809        0.267734
1986-1989       95             0.256915        0.309347        0.263410
1986-1989       96             0.283176        0.367458        0.293660
1986-1989       97             0.303909        0.269493        0.299699
1986-1989       98             0.343976        0.416939        0.352678
1986-1989       99             0.327620        0.499549        0.346613
1986-1989      100             0.347941        0.531138        0.366843
1986-1989      101             0.372821        0.690330        0.404309
1986-1989      102             0.400220        0.912202        0.445839
1986-1989      103             0.434559        0.973865        0.469523
1986-1989      104             0.495133        1.204263        0.529082
1986-1989      105             0.642101        6.000000        0.685848
1986-1989      106             0.914179              .        0.914179
1986-1989      107             2.784689              .        2.784689
1986-1989      108                   .              .              .
1986-1989      109                   .              .              .
1986-1989      110+                  .              .              .
1990-1994        0             0.004968        0.005162        0.005069
1990-1994        1             0.000459        0.000491        0.000476
1990-1994        2             0.000324        0.000281        0.000302
1990-1994        3             0.000222        0.000222        0.000222
1990-1994        4             0.000153        0.000193        0.000174
1990-1994        5             0.000091        0.000105        0.000098
1990-1994        6             0.000117        0.000114        0.000115
1990-1994        7             0.000098        0.000135        0.000117
1990-1994        8             0.000130        0.000169        0.000150
1990-1994        9             0.000102        0.000133        0.000118
1990-1994       10             0.000130        0.000130        0.000130
1990-1994       11             0.000115        0.000180        0.000149
1990-1994       12             0.000185        0.000187        0.000186
1990-1994       13             0.000202        0.000253        0.000229
1990-1994       14             0.000165        0.000256        0.000212
1990-1994       15             0.000210        0.000247        0.000229
1990-1994       16             0.000275        0.000292        0.000284
1990-1994       17             0.000325        0.000378        0.000353
1990-1994       18             0.000327        0.000506        0.000421
1990-1994       19             0.000284        0.000582        0.000438
1990-1994       20             0.000308        0.000614        0.000466
1990-1994       21             0.000279        0.000608        0.000446
1990-1994       22             0.000272        0.000664        0.000469
1990-1994       23             0.000377        0.000629        0.000502
1990-1994       24             0.000256        0.000602        0.000425
1990-1994       25             0.000279        0.000818        0.000541
1990-1994       26             0.000346        0.000711        0.000523
1990-1994       27             0.000365        0.000741        0.000548
1990-1994       28             0.000336        0.000773        0.000549
1990-1994       29             0.000348        0.000745        0.000542
1990-1994       30             0.000393        0.000829        0.000608
1990-1994       31             0.000430        0.000721        0.000574
1990-1994       32             0.000472        0.000819        0.000645
1990-1994       33             0.000458        0.000878        0.000669
1990-1994       34             0.000532        0.001070        0.000804
1990-1994       35             0.000585        0.001119        0.000855
1990-1994       36             0.000723        0.001154        0.000942
1990-1994       37             0.000668        0.001327        0.001004
1990-1994       38             0.000742        0.001422        0.001090
1990-1994       39             0.000716        0.001473        0.001105
1990-1994       40             0.000947        0.001713        0.001344
1990-1994       41             0.000934        0.001804        0.001389
1990-1994       42             0.001032        0.002050        0.001568
1990-1994       43             0.001221        0.002224        0.001753
1990-1994       44             0.001295        0.002315        0.001840
1990-1994       45             0.001463        0.002612        0.002082
1990-1994       46             0.001456        0.002837        0.002205
1990-1994       47             0.001514        0.003335        0.002511
1990-1994       48             0.002090        0.003486        0.002860
1990-1994       49             0.001813        0.004258        0.003165
1990-1994       50             0.002057        0.004963        0.003665
1990-1994       51             0.002144        0.004855        0.003642
1990-1994       52             0.002966        0.005551        0.004392
1990-1994       53             0.002968        0.006440        0.004874
1990-1994       54             0.003463        0.006775        0.005264
1990-1994       55             0.003942        0.007431        0.005828
1990-1994       56             0.004004        0.008036        0.006171
1990-1994       57             0.004331        0.009155        0.006907
1990-1994       58             0.004535        0.010136        0.007500
1990-1994       59             0.005210        0.011143        0.008344
1990-1994       60             0.006179        0.012995        0.009734
1990-1994       61             0.006541        0.013976        0.010402
1990-1994       62             0.007393        0.015849        0.011741
1990-1994       63             0.007404        0.016771        0.012177
1990-1994       64             0.009066        0.018296        0.013723
1990-1994       65             0.010198        0.020079        0.015136
1990-1994       66             0.011182        0.022262        0.016649
1990-1994       67             0.013275        0.024126        0.018554
1990-1994       68             0.014292        0.027808        0.020781
1990-1994       69             0.016644        0.030693        0.023312
1990-1994       70             0.018909        0.034846        0.026378
1990-1994       71             0.020847        0.038635        0.029083
1990-1994       72             0.022541        0.039976        0.030539
1990-1994       73             0.024811        0.042462        0.032811
1990-1994       74             0.027739        0.048027        0.036833
1990-1994       75             0.030699        0.051465        0.039862
1990-1994       76             0.032999        0.056335        0.043132
1990-1994       77             0.037964        0.060284        0.047441
1990-1994       78             0.042219        0.064634        0.051464
1990-1994       79             0.046706        0.072650        0.057104
1990-1994       80             0.055866        0.085908        0.067314
1990-1994       81             0.063015        0.101797        0.077184
1990-1994       82             0.069420        0.108484        0.082965
1990-1994       83             0.075363        0.118686        0.089540
1990-1994       84             0.083281        0.124792        0.096056
1990-1994       85             0.091703        0.137564        0.104867
1990-1994       86             0.103691        0.154806        0.117278
1990-1994       87             0.111563        0.159696        0.123460
1990-1994       88             0.127291        0.162454        0.135426
1990-1994       89             0.132781        0.191408        0.145423
1990-1994       90             0.145371        0.192907        0.154924
1990-1994       91             0.164159        0.208997        0.172621
1990-1994       92             0.170206        0.236280        0.181695
1990-1994       93             0.186114        0.282103        0.201098
1990-1994       94             0.196960        0.290925        0.209990
1990-1994       95             0.220010        0.296266        0.229407
1990-1994       96             0.235079        0.335666        0.246177
1990-1994       97             0.258525        0.325648        0.265318
1990-1994       98             0.271335        0.374716        0.281349
1990-1994       99             0.298327        0.485623        0.315483
1990-1994      100             0.315582        0.537682        0.334226
1990-1994      101             0.334542        0.607151        0.354538
1990-1994      102             0.352628        0.758158        0.375902
1990-1994      103             0.374244        1.208696        0.400400
1990-1994      104             0.410324        1.846154        0.419515
1990-1994      105             0.471330              .        0.471330
1990-1994      106             0.584054              .        0.584054
1990-1994      107             0.792071              .        0.792071
1990-1994      108             0.981818              .        0.981818
1990-1994      109             0.000000              .        0.000000
1990-1994      110+                  .              .              .
1995-1999        0             0.003420        0.003812        0.003624
1995-1999        1             0.000434        0.000444        0.000440
1995-1999        2             0.000213        0.000260        0.000237
1995-1999        3             0.000193        0.000177        0.000185
1995-1999        4             0.000097        0.000204        0.000153
1995-1999        5             0.000097        0.000155        0.000127
1995-1999        6             0.000123        0.000123        0.000123
1995-1999        7             0.000111        0.000089        0.000100
1995-1999        8             0.000073        0.000128        0.000101
1995-1999        9             0.000097        0.000111        0.000105
1995-1999       10             0.000125        0.000210        0.000168
1995-1999       11             0.000104        0.000117        0.000111
1995-1999       12             0.000096        0.000095        0.000096
1995-1999       13             0.000117        0.000141        0.000130
1995-1999       14             0.000134        0.000159        0.000147
1995-1999       15             0.000188        0.000214        0.000201
1995-1999       16             0.000197        0.000310        0.000255
1995-1999       17             0.000206        0.000285        0.000247
1995-1999       18             0.000174        0.000446        0.000313
1995-1999       19             0.000213        0.000482        0.000350
1995-1999       20             0.000334        0.000575        0.000455
1995-1999       21             0.000238        0.000615        0.000426
1995-1999       22             0.000288        0.000721        0.000502
1995-1999       23             0.000306        0.000697        0.000497
1995-1999       24             0.000251        0.000699        0.000466
1995-1999       25             0.000308        0.000713        0.000499
1995-1999       26             0.000267        0.000739        0.000486
1995-1999       27             0.000302        0.000670        0.000470
1995-1999       28             0.000354        0.000755        0.000538
1995-1999       29             0.000296        0.000612        0.000441
1995-1999       30             0.000334        0.000784        0.000542
1995-1999       31             0.000346        0.000715        0.000518
1995-1999       32             0.000319        0.000805        0.000546
1995-1999       33             0.000357        0.000810        0.000570
1995-1999       34             0.000482        0.000819        0.000642
1995-1999       35             0.000430        0.000897        0.000654
1995-1999       36             0.000527        0.001111        0.000811
1995-1999       37             0.000538        0.001122        0.000825
1995-1999       38             0.000643        0.001127        0.000884
1995-1999       39             0.000704        0.001267        0.000985
1995-1999       40             0.000840        0.001552        0.001197
1995-1999       41             0.000881        0.001702        0.001294
1995-1999       42             0.001008        0.001821        0.001419
1995-1999       43             0.000888        0.001845        0.001372
1995-1999       44             0.001061        0.002085        0.001581
1995-1999       45             0.001235        0.002350        0.001805
1995-1999       46             0.001177        0.002597        0.001911
1995-1999       47             0.001575        0.002715        0.002170
1995-1999       48             0.001629        0.003012        0.002356
1995-1999       49             0.001642        0.003119        0.002421
1995-1999       50             0.001811        0.003709        0.002818
1995-1999       51             0.001854        0.004014        0.003007
1995-1999       52             0.002332        0.004660        0.003589
1995-1999       53             0.002560        0.004974        0.003878
1995-1999       54             0.002558        0.006143        0.004528
1995-1999       55             0.002963        0.006589        0.004969
1995-1999       56             0.003108        0.007086        0.005299
1995-1999       57             0.003340        0.007680        0.005709
1995-1999       58             0.003929        0.008288        0.006297
1995-1999       59             0.004664        0.008908        0.006940
1995-1999       60             0.004258        0.010177        0.007394
1995-1999       61             0.005352        0.011385        0.008521
1995-1999       62             0.005509        0.013059        0.009451
1995-1999       63             0.006210        0.014069        0.010309
1995-1999       64             0.007237        0.015527        0.011540
1995-1999       65             0.007965        0.016847        0.012528
1995-1999       66             0.008861        0.018246        0.013648
1995-1999       67             0.010054        0.021023        0.015593
1995-1999       68             0.011124        0.022673        0.016851
1995-1999       69             0.012976        0.025389        0.019051
1995-1999       70             0.014596        0.027684        0.020892
1995-1999       71             0.016025        0.029718        0.022561
1995-1999       72             0.018321        0.033230        0.025333
1995-1999       73             0.020680        0.038268        0.028813
1995-1999       74             0.024077        0.040080        0.031361
1995-1999       75             0.026291        0.044562        0.034464
1995-1999       76             0.027859        0.046599        0.036167
1995-1999       77             0.031441        0.053561        0.041109
1995-1999       78             0.036237        0.059371        0.046125
1995-1999       79             0.041049        0.064550        0.050868
1995-1999       80             0.049027        0.081116        0.061731
1995-1999       81             0.067215        0.098651        0.079343
1995-1999       82             0.056000        0.097422        0.071531
1995-1999       83             0.067378        0.105813        0.081346
1995-1999       84             0.073711        0.107178        0.085491
1995-1999       85             0.079474        0.118306        0.092629
1995-1999       86             0.087333        0.134624        0.102543
1995-1999       87             0.096609        0.138716        0.109316
1995-1999       88             0.106170        0.165625        0.122878
1995-1999       89             0.112220        0.181786        0.130167
1995-1999       90             0.131925        0.178452        0.142886
1995-1999       91             0.136835        0.205596        0.151747
1995-1999       92             0.147493        0.230743        0.164139
1995-1999       93             0.159988        0.226402        0.172129
1995-1999       94             0.186115        0.234955        0.194262
1995-1999       95             0.192383        0.244247        0.200447
1995-1999       96             0.208925        0.268437        0.217562
1995-1999       97             0.244884        0.376054        0.261694
1995-1999       98             0.288681        0.325181        0.292696
1995-1999       99             0.257727        0.309349        0.262723
1995-1999      100             0.278968        0.336803        0.283689
1995-1999      101             0.299987        0.370160        0.304570
1995-1999      102             0.323024        0.449329        0.329274
1995-1999      103             0.351496        0.632184        0.360454
1995-1999      104             0.381892        1.040103        0.390509
1995-1999      105             0.414850        0.000000        0.413933
1995-1999      106             0.465403              .        0.465403
1995-1999      107             0.563011              .        0.563011
1995-1999      108             0.786429              .        0.786429
1995-1999      109             1.312014              .        1.312014
1995-1999      110+            6.000000              .        6.000000
2000-2004        0             0.002896        0.003131        0.003018
2000-2004        1             0.000303        0.000401        0.000354
2000-2004        2             0.000178        0.000250        0.000216
2000-2004        3             0.000161        0.000149        0.000155
2000-2004        4             0.000112        0.000128        0.000120
2000-2004        5             0.000113        0.000095        0.000104
2000-2004        6             0.000067        0.000094        0.000081
2000-2004        7             0.000106        0.000128        0.000117
2000-2004        8             0.000052        0.000116        0.000085
2000-2004        9             0.000061        0.000116        0.000089
2000-2004       10             0.000085        0.000108        0.000097
2000-2004       11             0.000119        0.000131        0.000126
2000-2004       12             0.000072        0.000144        0.000109
2000-2004       13             0.000076        0.000161        0.000120
2000-2004       14             0.000143        0.000108        0.000125
2000-2004       15             0.000118        0.000148        0.000133
2000-2004       16             0.000123        0.000240        0.000183
2000-2004       17             0.000099        0.000233        0.000167
2000-2004       18             0.000190        0.000238        0.000215
2000-2004       19             0.000194        0.000359        0.000278
2000-2004       20             0.000259        0.000431        0.000345
2000-2004       21             0.000235        0.000492        0.000361
2000-2004       22             0.000215        0.000538        0.000370
2000-2004       23             0.000252        0.000497        0.000370
2000-2004       24             0.000256        0.000626        0.000432
2000-2004       25             0.000333        0.000633        0.000474
2000-2004       26             0.000275        0.000734        0.000490
2000-2004       27             0.000285        0.000830        0.000537
2000-2004       28             0.000332        0.000773        0.000532
2000-2004       29             0.000318        0.000864        0.000563
2000-2004       30             0.000313        0.000767        0.000514
2000-2004       31             0.000328        0.000861        0.000560
2000-2004       32             0.000404        0.000710        0.000537
2000-2004       33             0.000362        0.000815        0.000559
2000-2004       34             0.000397        0.000696        0.000528
2000-2004       35             0.000394        0.000903        0.000619
2000-2004       36             0.000401        0.001086        0.000707
2000-2004       37             0.000530        0.000982        0.000734
2000-2004       38             0.000535        0.001045        0.000768
2000-2004       39             0.000674        0.001156        0.000897
2000-2004       40             0.000648        0.001222        0.000918
2000-2004       41             0.000775        0.001270        0.001013
2000-2004       42             0.000773        0.001505        0.001131
2000-2004       43             0.000934        0.001704        0.001313
2000-2004       44             0.001113        0.001824        0.001465
2000-2004       45             0.001117        0.002130        0.001621
2000-2004       46             0.001216        0.002382        0.001795
2000-2004       47             0.001307        0.002460        0.001881
2000-2004       48             0.001410        0.002876        0.002143
2000-2004       49             0.001684        0.003023        0.002356
2000-2004       50             0.001695        0.003398        0.002558
2000-2004       51             0.001605        0.003801        0.002722
2000-2004       52             0.002024        0.003891        0.002981
2000-2004       53             0.002015        0.004311        0.003197
2000-2004       54             0.002300        0.004764        0.003573
2000-2004       55             0.002350        0.005200        0.003828
2000-2004       56             0.002759        0.006157        0.004540
2000-2004       57             0.002986        0.006627        0.004907
2000-2004       58             0.003005        0.006922        0.005095
2000-2004       59             0.004182        0.008580        0.006563
2000-2004       60             0.003962        0.009287        0.006844
2000-2004       61             0.004237        0.010291        0.007512
2000-2004       62             0.004721        0.010518        0.007818
2000-2004       63             0.005311        0.011835        0.008758
2000-2004       64             0.005439        0.012985        0.009389
2000-2004       65             0.006854        0.014629        0.010876
2000-2004       66             0.007727        0.015124        0.011528
2000-2004       67             0.008686        0.016858        0.012878
2000-2004       68             0.009966        0.019311        0.014709
2000-2004       69             0.010361        0.021746        0.016113
2000-2004       70             0.012136        0.024374        0.018302
2000-2004       71             0.013378        0.026389        0.019818
2000-2004       72             0.014668        0.030094        0.022207
2000-2004       73             0.017538        0.032351        0.024719
2000-2004       74             0.020129        0.035953        0.027618
2000-2004       75             0.021285        0.041259        0.030581
2000-2004       76             0.024593        0.043916        0.033320
2000-2004       77             0.026295        0.048729        0.036259
2000-2004       78             0.030387        0.055838        0.041366
2000-2004       79             0.034404        0.060624        0.045430
2000-2004       80             0.039888        0.068940        0.051656
2000-2004       81             0.043725        0.077465        0.057123
2000-2004       82             0.050826        0.088100        0.065310
2000-2004       83             0.057160        0.094205        0.071142
2000-2004       84             0.062674        0.100554        0.076488
2000-2004       85             0.070438        0.109052        0.084043
2000-2004       86             0.078356        0.126558        0.094745
2000-2004       87             0.088630        0.135758        0.104071
2000-2004       88             0.097361        0.151859        0.114539
2000-2004       89             0.111661        0.163896        0.127435
2000-2004       90             0.118937        0.173882        0.134688
2000-2004       91             0.133210        0.183070        0.146565
2000-2004       92             0.146727        0.201374        0.160196
2000-2004       93             0.161556        0.226219        0.176117
2000-2004       94             0.173267        0.235298        0.185946
2000-2004       95             0.171526        0.263051        0.188083
2000-2004       96             0.213836        0.254022        0.220372
2000-2004       97             0.228832        0.271207        0.235371
2000-2004       98             0.237911        0.325274        0.250356
2000-2004       99             0.279814        0.267824        0.278261
2000-2004      100             0.291053        0.375386        0.301288
2000-2004      101             0.314353        0.410747        0.324930
2000-2004      102             0.339278        0.455440        0.350343
2000-2004      103             0.364922        0.517774        0.377120
2000-2004      104             0.392101        0.631879        0.407470
2000-2004      105             0.421396        0.829040        0.439481
2000-2004      106             0.457087        2.024316        0.483944
2000-2004      107             0.505721              .        0.505721
2000-2004      108             0.590046              .        0.590046
2000-2004      109             0.744811              .        0.744811
2000-2004      110+            1.315961              .        1.315961
2005-2009        0             0.002861        0.003193        0.003035
2005-2009        1             0.000352        0.000285        0.000317
2005-2009        2             0.000208        0.000222        0.000215
2005-2009        3             0.000149        0.000184        0.000167
2005-2009        4             0.000112        0.000080        0.000095
2005-2009        5             0.000096        0.000134        0.000116
2005-2009        6             0.000099        0.000104        0.000101
2005-2009        7             0.000086        0.000131        0.000109
2005-2009        8             0.000058        0.000079        0.000069
2005-2009        9             0.000084        0.000098        0.000091
2005-2009       10             0.000085        0.000090        0.000088
2005-2009       11             0.000084        0.000089        0.000087
2005-2009       12             0.000090        0.000090        0.000090
2005-2009       13             0.000064        0.000108        0.000086
2005-2009       14             0.000092        0.000131        0.000112
2005-2009       15             0.000106        0.000156        0.000132
2005-2009       16             0.000128        0.000165        0.000147
2005-2009       17             0.000114        0.000179        0.000148
2005-2009       18             0.000138        0.000212        0.000175
2005-2009       19             0.000210        0.000317        0.000264
2005-2009       20             0.000177        0.000280        0.000229
2005-2009       21             0.000195        0.000468        0.000329
2005-2009       22             0.000162        0.000376        0.000264
2005-2009       23             0.000236        0.000443        0.000332
2005-2009       24             0.000245        0.000417        0.000324
2005-2009       25             0.000247        0.000509        0.000366
2005-2009       26             0.000219        0.000543        0.000363
2005-2009       27             0.000265        0.000570        0.000400
2005-2009       28             0.000320        0.000579        0.000433
2005-2009       29             0.000246        0.000711        0.000447
2005-2009       30             0.000313        0.000725        0.000491
2005-2009       31             0.000395        0.000763        0.000554
2005-2009       32             0.000306        0.000743        0.000492
2005-2009       33             0.000324        0.000750        0.000506
2005-2009       34             0.000358        0.000919        0.000598
2005-2009       35             0.000500        0.000896        0.000668
2005-2009       36             0.000465        0.000880        0.000640
2005-2009       37             0.000470        0.000998        0.000693
2005-2009       38             0.000540        0.001138        0.000794
2005-2009       39             0.000519        0.001090        0.000766
2005-2009       40             0.000610        0.001175        0.000859
2005-2009       41             0.000674        0.001273        0.000941
2005-2009       42             0.000815        0.001283        0.001025
2005-2009       43             0.000713        0.001357        0.001006
2005-2009       44             0.000912        0.001561        0.001213
2005-2009       45             0.000929        0.001715        0.001300
2005-2009       46             0.001061        0.001999        0.001511
2005-2009       47             0.001193        0.002132        0.001649
2005-2009       48             0.001335        0.002480        0.001895
2005-2009       49             0.001318        0.002662        0.001979
2005-2009       50             0.001696        0.003173        0.002424
2005-2009       51             0.001869        0.003359        0.002605
2005-2009       52             0.001988        0.003429        0.002703
2005-2009       53             0.002110        0.004078        0.003091
2005-2009       54             0.002311        0.004224        0.003265
2005-2009       55             0.002295        0.005150        0.003720
2005-2009       56             0.002487        0.005220        0.003854
2005-2009       57             0.002743        0.006004        0.004385
2005-2009       58             0.002724        0.006458        0.004619
2005-2009       59             0.003215        0.006787        0.005034
2005-2009       60             0.003372        0.007538        0.005495
2005-2009       61             0.003802        0.008850        0.006387
2005-2009       62             0.004191        0.009454        0.006902
2005-2009       63             0.004720        0.010655        0.007814
2005-2009       64             0.005348        0.011719        0.008715
2005-2009       65             0.005309        0.013565        0.009689
2005-2009       66             0.006067        0.014517        0.010525
2005-2009       67             0.006827        0.015617        0.011423
2005-2009       68             0.007499        0.016916        0.012357
2005-2009       69             0.008422        0.019127        0.013871
2005-2009       70             0.010388        0.021524        0.015979
2005-2009       71             0.011314        0.024147        0.017704
2005-2009       72             0.013074        0.026697        0.019773
2005-2009       73             0.014562        0.028369        0.021278
2005-2009       74             0.016312        0.032366        0.024114
2005-2009       75             0.018964        0.036616        0.027498
2005-2009       76             0.020880        0.040960        0.030480
2005-2009       77             0.024501        0.044047        0.033669
2005-2009       78             0.027170        0.049751        0.037430
2005-2009       79             0.030282        0.056725        0.041936
2005-2009       80             0.031442        0.063498        0.044718
2005-2009       81             0.038690        0.069378        0.051096
2005-2009       82             0.042446        0.075607        0.055504
2005-2009       83             0.051975        0.086748        0.065322
2005-2009       84             0.057970        0.096127        0.072255
2005-2009       85             0.065418        0.104746        0.079725
2005-2009       86             0.072867        0.116787        0.088371
2005-2009       87             0.080881        0.133695        0.098914
2005-2009       88             0.095574        0.143802        0.111384
2005-2009       89             0.105371        0.149855        0.119318
2005-2009       90             0.117511        0.171920        0.133797
2005-2009       91             0.133277        0.193874        0.150559
2005-2009       92             0.149266        0.198446        0.162663
2005-2009       93             0.162476        0.215863        0.176392
2005-2009       94             0.180120        0.243231        0.195805
2005-2009       95             0.196908        0.265802        0.213026
2005-2009       96             0.215055        0.285814        0.230209
2005-2009       97             0.239544        0.288890        0.249006
2005-2009       98             0.263306        0.306987        0.270947
2005-2009       99             0.272432        0.352195        0.285311
2005-2009      100             0.315614        0.372481        0.323828
2005-2009      101             0.342462        0.397714        0.349651
2005-2009      102             0.370730        0.427177        0.377469
2005-2009      103             0.400298        0.463644        0.407029
2005-2009      104             0.431886        0.532831        0.440736
2005-2009      105             0.467651        0.691687        0.482488
2005-2009      106             0.508152        1.212946        0.534789
2005-2009      107             0.558823        0.846774        0.561181
2005-2009      108             0.634263              .        0.634263
2005-2009      109             0.767036              .        0.767036
2005-2009      110+            1.353412              .        1.353412
2010-2014        0             0.002264        0.002731        0.002507
2010-2014        1             0.000291        0.000276        0.000283
2010-2014        2             0.000203        0.000225        0.000214
2010-2014        3             0.000206        0.000132        0.000168
2010-2014        4             0.000142        0.000147        0.000145
2010-2014        5             0.000095        0.000140        0.000118
2010-2014        6             0.000041        0.000077        0.000060
2010-2014        7             0.000111        0.000111        0.000111
2010-2014        8             0.000076        0.000056        0.000065
2010-2014        9             0.000088        0.000069        0.000078
2010-2014       10             0.000085        0.000102        0.000094
2010-2014       11             0.000072        0.000120        0.000096
2010-2014       12             0.000067        0.000062        0.000064
2010-2014       13             0.000111        0.000145        0.000129
2010-2014       14             0.000093        0.000150        0.000122
2010-2014       15             0.000065        0.000192        0.000130
2010-2014       16             0.000099        0.000152        0.000126
2010-2014       17             0.000100        0.000173        0.000138
2010-2014       18             0.000104        0.000242        0.000175
2010-2014       19             0.000176        0.000266        0.000222
2010-2014       20             0.000122        0.000291        0.000208
2010-2014       21             0.000200        0.000320        0.000260
2010-2014       22             0.000189        0.000308        0.000248
2010-2014       23             0.000188        0.000337        0.000260
2010-2014       24             0.000176        0.000434        0.000297
2010-2014       25             0.000143        0.000373        0.000248
2010-2014       26             0.000226        0.000413        0.000308
2010-2014       27             0.000188        0.000477        0.000312
2010-2014       28             0.000220        0.000423        0.000305
2010-2014       29             0.000187        0.000511        0.000321
2010-2014       30             0.000245        0.000561        0.000376
2010-2014       31             0.000277        0.000526        0.000379
2010-2014       32             0.000300        0.000630        0.000434
2010-2014       33             0.000281        0.000666        0.000437
2010-2014       34             0.000330        0.000732        0.000494
2010-2014       35             0.000340        0.000767        0.000516
2010-2014       36             0.000378        0.000808        0.000556
2010-2014       37             0.000455        0.000919        0.000646
2010-2014       38             0.000488        0.000947        0.000678
2010-2014       39             0.000547        0.001140        0.000793
2010-2014       40             0.000660        0.001142        0.000860
2010-2014       41             0.000661        0.001229        0.000898
2010-2014       42             0.000609        0.001294        0.000896
2010-2014       43             0.000854        0.001346        0.001062
2010-2014       44             0.000876        0.001529        0.001158
2010-2014       45             0.000966        0.001748        0.001310
2010-2014       46             0.001069        0.001856        0.001420
2010-2014       47             0.001063        0.001872        0.001427
2010-2014       48             0.001193        0.002208        0.001654
2010-2014       49             0.001338        0.002590        0.001915
2010-2014       50             0.001420        0.002607        0.001978
2010-2014       51             0.001640        0.003118        0.002346
2010-2014       52             0.001879        0.003141        0.002492
2010-2014       53             0.001795        0.003457        0.002612
2010-2014       54             0.002171        0.004019        0.003083
2010-2014       55             0.002336        0.004340        0.003325
2010-2014       56             0.002452        0.004960        0.003690
2010-2014       57             0.002756        0.005412        0.004069
2010-2014       58             0.002953        0.005753        0.004340
2010-2014       59             0.003121        0.006664        0.004882
2010-2014       60             0.003181        0.007287        0.005221
2010-2014       61             0.003766        0.007765        0.005756
2010-2014       62             0.004129        0.008529        0.006325
2010-2014       63             0.004042        0.009483        0.006758
2010-2014       64             0.004472        0.010149        0.007311
2010-2014       65             0.004734        0.010430        0.007588
2010-2014       66             0.005727        0.012236        0.009015
2010-2014       67             0.006167        0.013603        0.009966
2010-2014       68             0.006767        0.015405        0.011237
2010-2014       69             0.007626        0.016891        0.012460
2010-2014       70             0.008490        0.018813        0.013893
2010-2014       71             0.008859        0.021636        0.015509
2010-2014       72             0.010359        0.022662        0.016630
2010-2014       73             0.011293        0.024910        0.018104
2010-2014       74             0.013386        0.027521        0.020340
2010-2014       75             0.014673        0.030177        0.022171
2010-2014       76             0.017238        0.034726        0.025639
2010-2014       77             0.020146        0.038394        0.028865
2010-2014       78             0.021930        0.041759        0.031246
2010-2014       79             0.025522        0.048582        0.036219
2010-2014       80             0.028938        0.052131        0.039471
2010-2014       81             0.032189        0.061311        0.044996
2010-2014       82             0.037519        0.065218        0.049206
2010-2014       83             0.040550        0.072744        0.053607
2010-2014       84             0.045741        0.080624        0.059287
2010-2014       85             0.050973        0.088546        0.065028
2010-2014       86             0.060087        0.103971        0.075986
2010-2014       87             0.067693        0.114499        0.084040
2010-2014       88             0.080331        0.128222        0.096433
2010-2014       89             0.089646        0.143184        0.106960
2010-2014       90             0.106139        0.155228        0.121376
2010-2014       91             0.116488        0.183476        0.136400
2010-2014       92             0.133242        0.198129        0.151635
2010-2014       93             0.146850        0.222009        0.167031
2010-2014       94             0.176116        0.230511        0.189889
2010-2014       95             0.186453        0.260405        0.204114
2010-2014       96             0.210701        0.274490        0.225101
2010-2014       97             0.231584        0.309526        0.248273
2010-2014       98             0.258128        0.326754        0.271960
2010-2014       99             0.282619        0.380851        0.301113
2010-2014      100             0.311730        0.374580        0.322722
2010-2014      101             0.341130        0.402136        0.351042
2010-2014      102             0.372190        0.431523        0.381041
2010-2014      103             0.404527        0.464105        0.412824
2010-2014      104             0.437900        0.500807        0.446119
2010-2014      105             0.472549        0.545831        0.481223
2010-2014      106             0.509206        0.630879        0.521714
2010-2014      107             0.550939        0.876292        0.576856
2010-2014      108             0.607352        1.512367        0.641169
2010-2014      109             0.707966        6.000000        0.721324
2010-2014      110+            1.178031              .        1.178031
2015-2019        0             0.001607        0.001792        0.001703
2015-2019        1             0.000148        0.000173        0.000161
2015-2019        2             0.000106        0.000147        0.000127
2015-2019        3             0.000080        0.000169        0.000126
2015-2019        4             0.000139        0.000078        0.000107
2015-2019        5             0.000075        0.000051        0.000063
2015-2019        6             0.000068        0.000107        0.000088
2015-2019        7             0.000055        0.000063        0.000059
2015-2019        8             0.000063        0.000078        0.000071
2015-2019        9             0.000044        0.000076        0.000060
2015-2019       10             0.000098        0.000050        0.000073
2015-2019       11             0.000082        0.000065        0.000073
2015-2019       12             0.000075        0.000123        0.000099
2015-2019       13             0.000062        0.000118        0.000090
2015-2019       14             0.000092        0.000131        0.000112
2015-2019       15             0.000111        0.000184        0.000148
2015-2019       16             0.000099        0.000140        0.000120
2015-2019       17             0.000113        0.000223        0.000170
2015-2019       18             0.000151        0.000263        0.000209
2015-2019       19             0.000240        0.000221        0.000230
2015-2019       20             0.000155        0.000299        0.000229
2015-2019       21             0.000212        0.000293        0.000253
2015-2019       22             0.000142        0.000352        0.000246
2015-2019       23             0.000137        0.000348        0.000240
2015-2019       24             0.000176        0.000346        0.000258
2015-2019       25             0.000153        0.000405        0.000273
2015-2019       26             0.000201        0.000418        0.000302
2015-2019       27             0.000218        0.000402        0.000301
2015-2019       28             0.000173        0.000448        0.000295
2015-2019       29             0.000182        0.000463        0.000302
2015-2019       30             0.000206        0.000459        0.000312
2015-2019       31             0.000243        0.000560        0.000373
2015-2019       32             0.000294        0.000547        0.000396
2015-2019       33             0.000228        0.000554        0.000358
2015-2019       34             0.000337        0.000660        0.000465
2015-2019       35             0.000339        0.000628        0.000453
2015-2019       36             0.000295        0.000750        0.000475
2015-2019       37             0.000397        0.000767        0.000544
2015-2019       38             0.000432        0.000902        0.000618
2015-2019       39             0.000434        0.000976        0.000650
2015-2019       40             0.000611        0.001113        0.000813
2015-2019       41             0.000574        0.001275        0.000858
2015-2019       42             0.000718        0.001389        0.000992
2015-2019       43             0.000742        0.001580        0.001086
2015-2019       44             0.000865        0.001606        0.001171
2015-2019       45             0.000927        0.001616        0.001212
2015-2019       46             0.000836        0.001743        0.001213
2015-2019       47             0.001129        0.001956        0.001476
2015-2019       48             0.001307        0.002253        0.001709
2015-2019       49             0.001346        0.002396        0.001800
2015-2019       50             0.001543        0.002587        0.002002
2015-2019       51             0.001634        0.002903        0.002198
2015-2019       52             0.001671        0.003122        0.002324
2015-2019       53             0.001828        0.003528        0.002604
2015-2019       54             0.002294        0.003717        0.002955
2015-2019       55             0.002219        0.003935        0.003031
2015-2019       56             0.002404        0.004278        0.003305
2015-2019       57             0.002638        0.005061        0.003820
2015-2019       58             0.002692        0.005577        0.004111
2015-2019       59             0.002848        0.006051        0.004427
2015-2019       60             0.003225        0.006871        0.005024
2015-2019       61             0.003535        0.007134        0.005311
2015-2019       62             0.003834        0.007996        0.005886
2015-2019       63             0.004285        0.008780        0.006498
2015-2019       64             0.004461        0.009505        0.006945
2015-2019       65             0.004877        0.010600        0.007692
2015-2019       66             0.005509        0.011586        0.008508
2015-2019       67             0.005954        0.012206        0.009046
2015-2019       68             0.006156        0.013610        0.009848
2015-2019       69             0.006816        0.014417        0.010577
2015-2019       70             0.007215        0.016017        0.011585
2015-2019       71             0.008346        0.017710        0.013011
2015-2019       72             0.009646        0.020333        0.015006
2015-2019       73             0.010143        0.022684        0.016467
2015-2019       74             0.011551        0.025728        0.018748
2015-2019       75             0.013181        0.028121        0.020729
2015-2019       76             0.014548        0.030933        0.022749
2015-2019       77             0.016361        0.032803        0.024481
2015-2019       78             0.018309        0.037119        0.027438
2015-2019       79             0.021934        0.041251        0.031120
2015-2019       80             0.024463        0.047215        0.035047
2015-2019       81             0.028291        0.050382        0.038399
2015-2019       82             0.031801        0.058827        0.043859
2015-2019       83             0.038312        0.063703        0.049411
2015-2019       84             0.042190        0.070846        0.054504
2015-2019       85             0.047656        0.079741        0.061089
2015-2019       86             0.052718        0.089632        0.067485
2015-2019       87             0.058149        0.097333        0.073074
2015-2019       88             0.063907        0.107322        0.079596
2015-2019       89             0.071816        0.118026        0.087556
2015-2019       90             0.080371        0.128243        0.095824
2015-2019       91             0.092167        0.145584        0.108636
2015-2019       92             0.105778        0.161951        0.122238
2015-2019       93             0.116336        0.190804        0.136908
2015-2019       94             0.140925        0.201324        0.156631
2015-2019       95             0.159495        0.216256        0.173459
2015-2019       96             0.175351        0.238812        0.190152
2015-2019       97             0.198029        0.279389        0.215932
2015-2019       98             0.215723        0.282955        0.229589
2015-2019       99             0.232045        0.344700        0.253424
2015-2019      100             0.283630        0.370497        0.298583
2015-2019      101             0.313224        0.403174        0.327618
2015-2019      102             0.343910        0.441933        0.358453
2015-2019      103             0.376985        0.487735        0.392080
2015-2019      104             0.414403        0.544429        0.430650
2015-2019      105             0.456462        0.627006        0.475624
2015-2019      106             0.503275        0.775537        0.528762
2015-2019      107             0.559545        1.083785        0.595871
2015-2019      108             0.637828        2.022887        0.693980
2015-2019      109             0.771613        6.000000        0.794460
2015-2019      110+            1.260203              .        1.260203
