Hong Kong, Population size (1-year)	Last modified: 20 Jul 2021;  Methods Protocol: v6 (2017)

  Year          Age             Female            Male           Total
  1986           0             37653.45        40752.14        78405.59
  1986         1-4            165603.51       177955.49       343559.00
  1986         5-9            201734.32       218190.37       419924.69
  1986        10-14           209449.04       229556.67       439005.71
  1986        15-19           220520.94       239240.92       459761.86
  1986        20-24           285082.44       295221.89       580304.33
  1986        25-29           296560.81       313946.37       610507.18
  1986        30-34           240833.42       263096.98       503930.40
  1986        35-39           189907.29       217450.42       407357.71
  1986        40-44           111141.15       137339.71       248480.86
  1986        45-49           119291.10       143460.78       262751.88
  1986        50-54           127177.25       147407.49       274584.74
  1986        55-59           120844.98       131444.64       252289.62
  1986        60-64           106177.20       105996.87       212174.07
  1986        65-69            84641.15        77877.71       162518.86
  1986        70-74            66926.87        53687.70       120614.57
  1986        75-79            42030.30        25305.97        67336.27
  1986        80-84            20757.84         8454.69        29212.53
  1986        85-89             9723.55         2692.85        12416.40
  1986        90-94             3136.86          561.54         3698.40
  1986        95-99              651.84           98.96          750.80
  1986       100-104              67.45            9.93           77.38
  1986       105-109               0.60            0.00            0.60
  1986       110+                  0.00            0.00            0.00
  1987           0             35950.00        38650.00        74600.00
  1987         1-4            161050.00       173450.00       334500.00
  1987         5-9            203100.00       219050.00       422150.00
  1987        10-14           208200.00       227700.00       435900.00
  1987        15-19           213800.00       233450.00       447250.00
  1987        20-24           273400.00       284150.00       557550.00
  1987        25-29           300750.00       316600.00       617350.00
  1987        30-34           252200.00       273350.00       525550.00
  1987        35-39           203300.00       230150.00       433450.00
  1987        40-44           120750.00       147350.00       268100.00
  1987        45-49           115250.00       139400.00       254650.00
  1987        50-54           126350.00       147400.00       273750.00
  1987        55-59           122400.00       134250.00       256650.00
  1987        60-64           108950.00       109800.00       218750.00
  1987        65-69            87300.00        81050.00       168350.00
  1987        70-74            69550.00        56600.00       126150.00
  1987        75-79            44650.00        28250.00        72900.00
  1987        80-84            21724.69         9203.24        30927.93
  1987        85-89            10494.72         3047.24        13541.96
  1987        90-94             3352.96          579.65         3932.61
  1987        95-99              732.77          114.45          847.22
  1987       100-104              83.01           11.52           94.53
  1987       105-109               1.92            0.00            1.92
  1987       110+                  0.00            0.00            0.00
  1988           0             35150.00        37750.00        72900.00
  1988         1-4            154650.00       167050.00       321700.00
  1988         5-9            206300.00       222200.00       428500.00
  1988        10-14           205800.00       224300.00       430100.00
  1988        15-19           208650.00       227800.00       436450.00
  1988        20-24           261500.00       270600.00       532100.00
  1988        25-29           305550.00       316900.00       622450.00
  1988        30-34           266550.00       285450.00       552000.00
  1988        35-39           215150.00       240400.00       455550.00
  1988        40-44           136200.00       163400.00       299600.00
  1988        45-49           110800.00       135800.00       246600.00
  1988        50-54           124900.00       146750.00       271650.00
  1988        55-59           123900.00       137550.00       261450.00
  1988        60-64           111350.00       113400.00       224750.00
  1988        65-69            90100.00        84000.00       174100.00
  1988        70-74            70550.00        58400.00       128950.00
  1988        75-79            46900.00        31200.00        78100.00
  1988        80-84            22590.07         9881.56        32471.63
  1988        85-89            11192.36         3322.96        14515.32
  1988        90-94             3573.44          628.26         4201.70
  1988        95-99              768.36          107.42          875.78
  1988       100-104              98.22           14.10          112.32
  1988       105-109               3.33            0.00            3.33
  1988       110+                  0.00            0.00            0.00
  1989           0             36050.00        38700.00        74750.00
  1989         1-4            149350.00       161650.00       311000.00
  1989         5-9            208700.00       224550.00       433250.00
  1989        10-14           203200.00       220950.00       424150.00
  1989        15-19           208200.00       226250.00       434450.00
  1989        20-24           247900.00       255600.00       503500.00
  1989        25-29           308250.00       314050.00       622300.00
  1989        30-34           280950.00       297150.00       578100.00
  1989        35-39           224950.00       247850.00       472800.00
  1989        40-44           154750.00       182300.00       337050.00
  1989        45-49           107400.00       133000.00       240400.00
  1989        50-54           122750.00       145300.00       268050.00
  1989        55-59           124700.00       139500.00       264200.00
  1989        60-64           113250.00       116750.00       230000.00
  1989        65-69            92700.00        86800.00       179500.00
  1989        70-74            71350.00        59850.00       131200.00
  1989        75-79            49150.00        34050.00        83200.00
  1989        80-84            23585.80        10793.80        34379.60
  1989        85-89            11771.29         3551.43        15322.72
  1989        90-94             3848.38          702.80         4551.18
  1989        95-99              824.99          101.69          926.68
  1989       100-104              98.08            4.24          102.32
  1989       105-109               3.46            0.00            3.46
  1989       110+                  0.00            0.00            0.00
  1990           0             35800.00        38450.00        74250.00
  1990         1-4            146900.00       158700.00       305600.00
  1990         5-9            207150.00       223350.00       430500.00
  1990        10-14           202750.00       220300.00       423050.00
  1990        15-19           208600.00       226400.00       435000.00
  1990        20-24           234000.00       241650.00       475650.00
  1990        25-29           307000.00       307150.00       614150.00
  1990        30-34           293100.00       306650.00       599750.00
  1990        35-39           234200.00       253500.00       487700.00
  1990        40-44           173200.00       200200.00       373400.00
  1990        45-49           106650.00       132250.00       238900.00
  1990        50-54           119700.00       142900.00       262600.00
  1990        55-59           124150.00       139900.00       264050.00
  1990        60-64           114650.00       119700.00       234350.00
  1990        65-69            94700.00        89000.00       183700.00
  1990        70-74            72600.00        61350.00       133950.00
  1990        75-79            51100.00        36500.00        87600.00
  1990        80-84            24849.51        11924.93        36774.44
  1990        85-89            12461.17         3764.42        16225.59
  1990        90-94             4126.05          802.56         4928.61
  1990        95-99              873.91          112.19          986.10
  1990       100-104             104.09            5.59          109.68
  1990       105-109               4.45            0.00            4.45
  1990       110+                  0.00            0.00            0.00
  1991           0             33900.00        36650.00        70550.00
  1991         1-4            145250.00       156650.00       301900.00
  1991         5-9            200900.00       217150.00       418050.00
  1991        10-14           202250.00       219750.00       422000.00
  1991        15-19           204000.00       221900.00       425900.00
  1991        20-24           227150.00       231300.00       458450.00
  1991        25-29           304350.00       298150.00       602500.00
  1991        30-34           303400.00       313900.00       617300.00
  1991        35-39           244450.00       260950.00       505400.00
  1991        40-44           189450.00       216300.00       405750.00
  1991        45-49           110700.00       136650.00       247350.00
  1991        50-54           116450.00       140850.00       257300.00
  1991        55-59           123400.00       140050.00       263450.00
  1991        60-64           116600.00       123150.00       239750.00
  1991        65-69            97200.00        91800.00       189000.00
  1991        70-74            74400.00        63350.00       137750.00
  1991        75-79            52850.00        38650.00        91500.00
  1991        80-84            26758.54        13472.40        40230.94
  1991        85-89            13005.76         4117.46        17123.22
  1991        90-94             4522.11          927.70         5449.81
  1991        95-99              978.52          118.10         1096.62
  1991       100-104             119.94            9.91          129.85
  1991       105-109               6.12            0.00            6.12
  1991       110+                  0.00            0.00            0.00
  1992           0             34550.00        37300.00        71850.00
  1992         1-4            143500.00       154300.00       297800.00
  1992         5-9            195150.00       209600.00       404750.00
  1992        10-14           202650.00       218150.00       420800.00
  1992        15-19           197900.00       215150.00       413050.00
  1992        20-24           223950.00       224050.00       448000.00
  1992        25-29           299850.00       288050.00       587900.00
  1992        30-34           313150.00       318250.00       631400.00
  1992        35-39           257850.00       271350.00       529200.00
  1992        40-44           203400.00       229100.00       432500.00
  1992        45-49           120650.00       147150.00       267800.00
  1992        50-54           112950.00       137800.00       250750.00
  1992        55-59           122950.00       140250.00       263200.00
  1992        60-64           119050.00       125850.00       244900.00
  1992        65-69           100700.00        95350.00       196050.00
  1992        70-74            76900.00        65600.00       142500.00
  1992        75-79            54850.00        40450.00        95300.00
  1992        80-84            29100.93        15404.26        44505.19
  1992        85-89            13665.97         4555.80        18221.77
  1992        90-94             5046.88         1083.08         6129.96
  1992        95-99             1063.10          128.04         1191.14
  1992       100-104             136.09           12.06          148.15
  1992       105-109               6.56            0.00            6.56
  1992       110+                  0.00            0.00            0.00
  1993           0             36000.00        38800.00        74800.00
  1993         1-4            143100.00       153300.00       296400.00
  1993         5-9            191750.00       203400.00       395150.00
  1993        10-14           205650.00       218150.00       423800.00
  1993        15-19           196050.00       211200.00       407250.00
  1993        20-24           220600.00       220200.00       440800.00
  1993        25-29           294150.00       276300.00       570450.00
  1993        30-34           322350.00       319400.00       641750.00
  1993        35-39           274950.00       284250.00       559200.00
  1993        40-44           216000.00       238800.00       454800.00
  1993        45-49           135800.00       163150.00       298950.00
  1993        50-54           109100.00       133800.00       242900.00
  1993        55-59           122050.00       140350.00       262400.00
  1993        60-64           120650.00       127300.00       247950.00
  1993        65-69           104300.00        99150.00       203450.00
  1993        70-74            79950.00        67750.00       147700.00
  1993        75-79            57200.00        42200.00        99400.00
  1993        80-84            31115.85        17255.77        48371.62
  1993        85-89            14214.99         4961.32        19176.31
  1993        90-94             5440.56         1210.13         6650.69
  1993        95-99             1139.50          138.54         1278.04
  1993       100-104             146.37           11.77          158.14
  1993       105-109               7.00            0.00            7.00
  1993       110+                  0.00            0.00            0.00
  1994           0             35850.00        39050.00        74900.00
  1994         1-4            143150.00       154200.00       297350.00
  1994         5-9            189200.00       200000.00       389200.00
  1994        10-14           208100.00       219750.00       427850.00
  1994        15-19           197800.00       212550.00       410350.00
  1994        20-24           222000.00       221350.00       443350.00
  1994        25-29           291050.00       265650.00       556700.00
  1994        30-34           331900.00       319000.00       650900.00
  1994        35-39           293700.00       299200.00       592900.00
  1994        40-44           229100.00       247300.00       476400.00
  1994        45-49           155150.00       183250.00       338400.00
  1994        50-54           106350.00       131600.00       237950.00
  1994        55-59           120850.00       140150.00       261000.00
  1994        60-64           121700.00       129250.00       250950.00
  1994        65-69           107800.00       103400.00       211200.00
  1994        70-74            83500.00        70450.00       153950.00
  1994        75-79            59550.00        44350.00       103900.00
  1994        80-84            33464.11        19211.49        52675.60
  1994        85-89            14966.66         5476.14        20442.80
  1994        90-94             5830.12         1352.79         7182.91
  1994        95-99             1267.61          158.71         1426.32
  1994       100-104             162.17           10.86          173.03
  1994       105-109               8.09            0.00            8.09
  1994       110+                  0.00            0.00            0.00
  1995           0             35500.00        38600.00        74100.00
  1995         1-4            144250.00       156550.00       300800.00
  1995         5-9            187600.00       198750.00       386350.00
  1995        10-14           209500.00       221800.00       431300.00
  1995        15-19           201000.00       216950.00       417950.00
  1995        20-24           224700.00       223650.00       448350.00
  1995        25-29           288700.00       256000.00       544700.00
  1995        30-34           339500.00       315150.00       654650.00
  1995        35-39           311200.00       312050.00       623250.00
  1995        40-44           242100.00       254700.00       496800.00
  1995        45-49           176050.00       203150.00       379200.00
  1995        50-54           106450.00       132150.00       238600.00
  1995        55-59           119350.00       138700.00       258050.00
  1995        60-64           122400.00       131350.00       253750.00
  1995        65-69           111000.00       107400.00       218400.00
  1995        70-74            87150.00        74150.00       161300.00
  1995        75-79            61900.00        46850.00       108750.00
  1995        80-84            36058.64        21206.71        57265.35
  1995        85-89            16075.57         6241.05        22316.62
  1995        90-94             6279.01         1474.79         7753.80
  1995        95-99             1480.09          192.88         1672.97
  1995       100-104             208.97            9.08          218.05
  1995       105-109              13.17            0.00           13.17
  1995       110+                  0.00            0.00            0.00
  1996           0             33950.00        36700.00        70650.00
  1996         1-4            147250.00       160150.00       307400.00
  1996         5-9            187050.00       199250.00       386300.00
  1996        10-14           211000.00       224250.00       435250.00
  1996        15-19           209550.00       223900.00       433450.00
  1996        20-24           232550.00       230600.00       463150.00
  1996        25-29           288400.00       250350.00       538750.00
  1996        30-34           345100.00       313650.00       658750.00
  1996        35-39           327950.00       325500.00       653450.00
  1996        40-44           258500.00       266950.00       525450.00
  1996        45-49           199400.00       224250.00       423650.00
  1996        50-54           113600.00       138950.00       252550.00
  1996        55-59           118500.00       139000.00       257500.00
  1996        60-64           125350.00       136400.00       261750.00
  1996        65-69           116050.00       113900.00       229950.00
  1996        70-74            92550.00        80300.00       172850.00
  1996        75-79            65650.00        50300.00       115950.00
  1996        80-84            37730.18        22651.24        60381.42
  1996        85-89            17784.50         7351.41        25135.91
  1996        90-94             6801.94         1662.82         8464.76
  1996        95-99             1753.98          259.16         2013.14
  1996       100-104             240.43            8.12          248.55
  1996       105-109              14.56            0.00           14.56
  1996       110+                  0.00            0.00            0.00
  1997           0             31350.00        34050.00        65400.00
  1997         1-4            146250.00       159200.00       305450.00
  1997         5-9            187550.00       201550.00       389100.00
  1997        10-14           208900.00       222200.00       431100.00
  1997        15-19           220350.00       231300.00       451650.00
  1997        20-24           239600.00       236150.00       475750.00
  1997        25-29           289100.00       247700.00       536800.00
  1997        30-34           343600.00       307550.00       651150.00
  1997        35-39           339250.00       334950.00       674200.00
  1997        40-44           276400.00       281850.00       558250.00
  1997        45-49           218550.00       239950.00       458500.00
  1997        50-54           127150.00       151650.00       278800.00
  1997        55-59           116000.00       138650.00       254650.00
  1997        60-64           128100.00       140850.00       268950.00
  1997        65-69           120400.00       120400.00       240800.00
  1997        70-74            96950.00        85600.00       182550.00
  1997        75-79            69500.00        53750.00       123250.00
  1997        80-84            39448.46        23753.04        63201.50
  1997        85-89            19454.88         8425.31        27880.19
  1997        90-94             7197.64         1876.21         9073.85
  1997        95-99             1984.36          306.95         2291.31
  1997       100-104             276.63           15.59          292.22
  1997       105-109              20.65            0.00           20.65
  1997       110+                  0.00            0.00            0.00
  1998           0             28250.00        30750.00        59000.00
  1998         1-4            139950.00       152500.00       292450.00
  1998         5-9            190000.00       204850.00       394850.00
  1998        10-14           204700.00       217700.00       422400.00
  1998        15-19           226100.00       235300.00       461400.00
  1998        20-24           240350.00       233200.00       473550.00
  1998        25-29           289350.00       245600.00       534950.00
  1998        30-34           334200.00       292400.00       626600.00
  1998        35-39           347350.00       335550.00       682900.00
  1998        40-44           292250.00       296000.00       588250.00
  1998        45-49           230250.00       246900.00       477150.00
  1998        50-54           143100.00       166700.00       309800.00
  1998        55-59           110650.00       134800.00       245450.00
  1998        60-64           126700.00       139950.00       266650.00
  1998        65-69           121600.00       124550.00       246150.00
  1998        70-74            99200.00        88350.00       187550.00
  1998        75-79            72000.00        56050.00       128050.00
  1998        80-84            41453.47        25119.33        66572.80
  1998        85-89            21033.46         9584.46        30617.92
  1998        90-94             7650.00         2024.82         9674.82
  1998        95-99             2129.30          359.55         2488.85
  1998       100-104             313.50           21.03          334.53
  1998       105-109              25.91            0.00           25.91
  1998       110+                  0.00            0.00            0.00
  1999           0             25400.00        27500.00        52900.00
  1999         1-4            132900.00       145200.00       278100.00
  1999         5-9            192650.00       208000.00       400650.00
  1999        10-14           206250.00       218950.00       425200.00
  1999        15-19           226850.00       237150.00       464000.00
  1999        20-24           241350.00       229100.00       470450.00
  1999        25-29           288400.00       244350.00       532750.00
  1999        30-34           326500.00       277950.00       604450.00
  1999        35-39           357050.00       332900.00       689950.00
  1999        40-44           307900.00       310150.00       618050.00
  1999        45-49           240700.00       252950.00       493650.00
  1999        50-54           160700.00       181450.00       342150.00
  1999        55-59           107850.00       132900.00       240750.00
  1999        60-64           124100.00       137650.00       261750.00
  1999        65-69           122400.00       128250.00       250650.00
  1999        70-74           101350.00        91500.00       192850.00
  1999        75-79            75000.00        58350.00       133350.00
  1999        80-84            43503.65        26631.99        70135.64
  1999        85-89            22613.90        10697.41        33311.31
  1999        90-94             8188.91         2244.16        10433.07
  1999        95-99             2325.86          388.24         2714.10
  1999       100-104             339.47           28.39          367.86
  1999       105-109              27.41            0.00           27.41
  1999       110+                  0.00            0.00            0.00
  2000           0             24100.00        26250.00        50350.00
  2000         1-4            123600.00       134550.00       258150.00
  2000         5-9            192950.00       208900.00       401850.00
  2000        10-14           209450.00       221400.00       430850.00
  2000        15-19           224200.00       236700.00       460900.00
  2000        20-24           242150.00       226050.00       468200.00
  2000        25-29           288800.00       243050.00       531850.00
  2000        30-34           323050.00       267150.00       590200.00
  2000        35-39           363950.00       327050.00       691000.00
  2000        40-44           323600.00       321650.00       645250.00
  2000        45-49           249750.00       258350.00       508100.00
  2000        50-54           180300.00       199300.00       379600.00
  2000        55-59           108650.00       132800.00       241450.00
  2000        60-64           122250.00       136150.00       258400.00
  2000        65-69           122700.00       129300.00       252000.00
  2000        70-74           103300.00        95450.00       198750.00
  2000        75-79            77500.00        60400.00       137900.00
  2000        80-84            45692.99        28362.77        74055.76
  2000        85-89            24265.32        11745.70        36011.02
  2000        90-94             8856.58         2591.85        11448.43
  2000        95-99             2512.64          423.48         2936.12
  2000       100-104             378.95           38.56          417.51
  2000       105-109              31.65            0.25           31.90
  2000       110+                  0.00            0.00            0.00
  2001           0             23000.00        25200.00        48200.00
  2001         1-4            113050.00       122500.00       235550.00
  2001         5-9            191950.00       207000.00       398950.00
  2001        10-14           209200.00       221400.00       430600.00
  2001        15-19           219650.00       232850.00       452500.00
  2001        20-24           242450.00       224900.00       467350.00
  2001        25-29           287100.00       241550.00       528650.00
  2001        30-34           324250.00       259550.00       583800.00
  2001        35-39           368500.00       317900.00       686400.00
  2001        40-44           337600.00       331150.00       668750.00
  2001        45-49           261550.00       265600.00       527150.00
  2001        50-54           200550.00       218550.00       419100.00
  2001        55-59           113000.00       134200.00       247200.00
  2001        60-64           119350.00       134850.00       254200.00
  2001        65-69           122250.00       128600.00       250850.00
  2001        70-74           106250.00       100050.00       206300.00
  2001        75-79            79350.00        62350.00       141700.00
  2001        80-84            48286.10        30385.22        78671.32
  2001        85-89            25921.83        12708.96        38630.79
  2001        90-94             9814.93         3078.24        12893.17
  2001        95-99             2761.45          494.93         3256.38
  2001       100-104             448.43           55.19          503.62
  2001       105-109              36.79            1.47           38.26
  2001       110+                  0.31            0.00            0.31
  2002           0             20350.00        21900.00        42250.00
  2002         1-4            105750.00       114250.00       220000.00
  2002         5-9            190000.00       203000.00       393000.00
  2002        10-14           209250.00       221750.00       431000.00
  2002        15-19           215000.00       227050.00       442050.00
  2002        20-24           237550.00       223900.00       461450.00
  2002        25-29           279000.00       238350.00       517350.00
  2002        30-34           327750.00       253750.00       581500.00
  2002        35-39           369400.00       306900.00       676300.00
  2002        40-44           347850.00       335300.00       683150.00
  2002        45-49           277950.00       277050.00       555000.00
  2002        50-54           216850.00       230300.00       447150.00
  2002        55-59           124950.00       142650.00       267600.00
  2002        60-64           114800.00       131400.00       246200.00
  2002        65-69           122450.00       128400.00       250850.00
  2002        70-74           108750.00       103700.00       212450.00
  2002        75-79            82400.00        65400.00       147800.00
  2002        80-84            51384.33        32808.17        84192.50
  2002        85-89            27641.79        13681.05        41322.84
  2002        90-94            10995.09         3615.53        14610.62
  2002        95-99             2961.82          557.01         3518.83
  2002       100-104             523.31           60.73          584.04
  2002       105-109              39.17            1.23           40.40
  2002       110+                  0.00            0.00            0.00
  2003           0             18750.00        19850.00        38600.00
  2003         1-4             99200.00       106700.00       205900.00
  2003         5-9            184800.00       196200.00       381000.00
  2003        10-14           209450.00       221850.00       431300.00
  2003        15-19           211900.00       222250.00       434150.00
  2003        20-24           231200.00       222250.00       453450.00
  2003        25-29           268850.00       232100.00       500950.00
  2003        30-34           327700.00       249300.00       577000.00
  2003        35-39           361300.00       292200.00       653500.00
  2003        40-44           357150.00       334050.00       691200.00
  2003        45-49           294500.00       290500.00       585000.00
  2003        50-54           228200.00       236500.00       464700.00
  2003        55-59           141700.00       156150.00       297850.00
  2003        60-64           109900.00       126700.00       236600.00
  2003        65-69           122600.00       127900.00       250500.00
  2003        70-74           110400.00       106900.00       217300.00
  2003        75-79            85600.00        68700.00       154300.00
  2003        80-84            54722.12        35091.20        89813.32
  2003        85-89            29439.13        14597.87        44037.00
  2003        90-94            11974.09         4241.61        16215.70
  2003        95-99             3237.37          612.28         3849.65
  2003       100-104             589.33           65.50          654.83
  2003       105-109              53.74            0.82           54.56
  2003       110+                  0.92            0.00            0.92
  2004           0             18750.00        20000.00        38750.00
  2004         1-4             93200.00       100550.00       193750.00
  2004         5-9            176800.00       187200.00       364000.00
  2004        10-14           206850.00       219050.00       425900.00
  2004        15-19           212450.00       220550.00       433000.00
  2004        20-24           234900.00       223900.00       458800.00
  2004        25-29           262750.00       225650.00       488400.00
  2004        30-34           323250.00       245450.00       568700.00
  2004        35-39           349350.00       276900.00       626250.00
  2004        40-44           366100.00       330900.00       697000.00
  2004        45-49           309650.00       303400.00       613050.00
  2004        50-54           239000.00       242550.00       481550.00
  2004        55-59           159150.00       170350.00       329500.00
  2004        60-64           107050.00       124250.00       231300.00
  2004        65-69           121950.00       126850.00       248800.00
  2004        70-74           112950.00       110950.00       223900.00
  2004        75-79            88400.00        71700.00       160100.00
  2004        80-84            58313.48        37323.00        95636.48
  2004        85-89            31021.52        15500.88        46522.40
  2004        90-94            12814.88         4787.55        17602.43
  2004        95-99             3446.08          705.07         4151.15
  2004       100-104             616.96           76.56          693.52
  2004       105-109              56.45            1.43           57.88
  2004       110+                  1.20            0.00            1.20
  2005           0             18650.00        20000.00        38650.00
  2005         1-4             89400.00        96350.00       185750.00
  2005         5-9            167150.00       177050.00       344200.00
  2005        10-14           203400.00       215050.00       418450.00
  2005        15-19           214200.00       220800.00       435000.00
  2005        20-24           242100.00       226200.00       468300.00
  2005        25-29           264200.00       221900.00       486100.00
  2005        30-34           317400.00       242850.00       560250.00
  2005        35-39           339350.00       263550.00       602900.00
  2005        40-44           370550.00       323650.00       694200.00
  2005        45-49           322850.00       314450.00       637300.00
  2005        50-54           250500.00       249950.00       500450.00
  2005        55-59           179150.00       187850.00       367000.00
  2005        60-64           108350.00       124600.00       232950.00
  2005        65-69           120800.00       126400.00       247200.00
  2005        70-74           115150.00       112950.00       228100.00
  2005        75-79            91150.00        75300.00       166450.00
  2005        80-84            62217.65        40095.91       102313.56
  2005        85-89            32718.63        16591.22        49309.85
  2005        90-94            13763.48         5217.75        18981.23
  2005        95-99             3675.79          797.09         4472.88
  2005       100-104             643.21           80.01          723.22
  2005       105-109              54.68            1.67           56.35
  2005       110+                  0.92            0.00            0.92
  2006           0             19350.00        21650.00        41000.00
  2006         1-4             85300.00        90750.00       176050.00
  2006         5-9            156650.00       166800.00       323450.00
  2006        10-14           201350.00       212200.00       413550.00
  2006        15-19           213950.00       221250.00       435200.00
  2006        20-24           245650.00       226000.00       471650.00
  2006        25-29           272350.00       222150.00       494500.00
  2006        30-34           312100.00       240300.00       552400.00
  2006        35-39           332850.00       252300.00       585150.00
  2006        40-44           368050.00       311400.00       679450.00
  2006        45-49           332200.00       321600.00       653800.00
  2006        50-54           261800.00       258950.00       520750.00
  2006        55-59           198950.00       206350.00       405300.00
  2006        60-64           113100.00       126400.00       239500.00
  2006        65-69           118250.00       125750.00       244000.00
  2006        70-74           115750.00       112550.00       228300.00
  2006        75-79            94350.00        79850.00       174200.00
  2006        80-84            66011.43        42798.26       108809.69
  2006        85-89            34601.96        17975.62        52577.58
  2006        90-94            14693.55         5615.48        20309.03
  2006        95-99             4018.60          972.63         4991.23
  2006       100-104             698.39           92.60          790.99
  2006       105-109              63.31            1.81           65.12
  2006       110+                  1.18            0.00            1.18
  2007           0             19800.00        22250.00        42050.00
  2007         1-4             83100.00        88600.00       171700.00
  2007         5-9            146750.00       157450.00       304200.00
  2007        10-14           200300.00       210600.00       410900.00
  2007        15-19           214350.00       224200.00       438550.00
  2007        20-24           245400.00       223450.00       468850.00
  2007        25-29           282750.00       225250.00       508000.00
  2007        30-34           311350.00       237750.00       549100.00
  2007        35-39           331550.00       245700.00       577250.00
  2007        40-44           361950.00       298750.00       660700.00
  2007        45-49           336700.00       321900.00       658600.00
  2007        50-54           274200.00       270200.00       544400.00
  2007        55-59           213600.00       218450.00       432050.00
  2007        60-64           124000.00       134200.00       258200.00
  2007        65-69           114450.00       123850.00       238300.00
  2007        70-74           117800.00       113900.00       231700.00
  2007        75-79            97450.00        84600.00       182050.00
  2007        80-84            70497.78        45874.60       116372.38
  2007        85-89            37053.24        19647.12        56700.36
  2007        90-94            15759.68         6069.38        21829.06
  2007        95-99             4494.64         1134.21         5628.85
  2007       100-104             738.52          110.38          848.90
  2007       105-109              65.85            2.26           68.11
  2007       110+                  0.77            0.00            0.77
  2008           0             20800.00        22850.00        43650.00
  2008         1-4             83400.00        89800.00       173200.00
  2008         5-9            138050.00       149300.00       287350.00
  2008        10-14           196500.00       206650.00       403150.00
  2008        15-19           214550.00       226450.00       441000.00
  2008        20-24           241450.00       219600.00       461050.00
  2008        25-29           292150.00       228600.00       520750.00
  2008        30-34           312050.00       233450.00       545500.00
  2008        35-39           332900.00       242350.00       575250.00
  2008        40-44           351500.00       285100.00       636600.00
  2008        45-49           342950.00       320100.00       663050.00
  2008        50-54           288250.00       283000.00       571250.00
  2008        55-59           224200.00       225550.00       449750.00
  2008        60-64           140100.00       147950.00       288050.00
  2008        65-69           109700.00       120600.00       230300.00
  2008        70-74           119650.00       115750.00       235400.00
  2008        75-79           100200.00        89100.00       189300.00
  2008        80-84            75088.00        49505.61       124593.61
  2008        85-89            39748.20        20900.11        60648.31
  2008        90-94            16862.26         6519.01        23381.27
  2008        95-99             4850.09         1281.19         6131.28
  2008       100-104             801.94          119.68          921.62
  2008       105-109              67.75            3.45           71.20
  2008       110+                  0.78            0.00            0.78
  2009           0             21950.00        23950.00        45900.00
  2009         1-4             84800.00        91900.00       176700.00
  2009         5-9            130500.00       141150.00       271650.00
  2009        10-14           187900.00       197850.00       385750.00
  2009        15-19           211800.00       224300.00       436100.00
  2009        20-24           237150.00       218400.00       455550.00
  2009        25-29           299500.00       230550.00       530050.00
  2009        30-34           310900.00       227600.00       538500.00
  2009        35-39           332900.00       240650.00       573550.00
  2009        40-44           339400.00       269900.00       609300.00
  2009        45-49           351450.00       318000.00       669450.00
  2009        50-54           301300.00       294450.00       595750.00
  2009        55-59           234000.00       232900.00       466900.00
  2009        60-64           157150.00       162350.00       319500.00
  2009        65-69           106200.00       118500.00       224700.00
  2009        70-74           119000.00       115700.00       234700.00
  2009        75-79           103650.00        93550.00       197200.00
  2009        80-84            79842.86        53086.17       132929.03
  2009        85-89            42503.43        22292.43        64795.86
  2009        90-94            17747.15         6889.57        24636.72
  2009        95-99             5074.31         1441.08         6515.39
  2009       100-104             837.40          125.41          962.81
  2009       105-109              69.94            3.52           73.46
  2009       110+                  0.98            0.00            0.98
  2010           0             22550.00        24450.00        47000.00
  2010         1-4             88500.00        96500.00       185000.00
  2010         5-9            124350.00       133700.00       258050.00
  2010        10-14           177050.00       186900.00       363950.00
  2010        15-19           208500.00       221050.00       429550.00
  2010        20-24           233600.00       219400.00       453000.00
  2010        25-29           303150.00       230450.00       533600.00
  2010        30-34           313350.00       224150.00       537500.00
  2010        35-39           331850.00       239350.00       571200.00
  2010        40-44           332150.00       256350.00       588500.00
  2010        45-49           356300.00       311800.00       668100.00
  2010        50-54           312300.00       303500.00       615800.00
  2010        55-59           243200.00       240300.00       483500.00
  2010        60-64           176300.00       178900.00       355200.00
  2010        65-69           106350.00       118800.00       225150.00
  2010        70-74           117650.00       116000.00       233650.00
  2010        75-79           106350.00        96050.00       202400.00
  2010        80-84            85142.67        57113.39       142256.06
  2010        85-89            45775.74        24371.83        70147.57
  2010        90-94            18853.27         7474.37        26327.64
  2010        95-99             5471.60         1557.15         7028.75
  2010       100-104             895.91          156.69         1052.60
  2010       105-109              75.79            5.80           81.59
  2010       110+                  1.37            0.00            1.37
  2011           0             24100.00        26300.00        50400.00
  2011         1-4             92650.00       100550.00       193200.00
  2011         5-9            119750.00       128450.00       248200.00
  2011        10-14           165850.00       176200.00       342050.00
  2011        15-19           207050.00       218800.00       425850.00
  2011        20-24           230800.00       220800.00       451600.00
  2011        25-29           304600.00       229900.00       534500.00
  2011        30-34           320050.00       224550.00       544600.00
  2011        35-39           330050.00       236600.00       566650.00
  2011        40-44           329950.00       246350.00       576300.00
  2011        45-49           357150.00       301500.00       658650.00
  2011        50-54           321300.00       310250.00       631550.00
  2011        55-59           253300.00       248800.00       502100.00
  2011        60-64           195650.00       196650.00       392300.00
  2011        65-69           110100.00       120400.00       230500.00
  2011        70-74           115300.00       116700.00       232000.00
  2011        75-79           107700.00        96650.00       204350.00
  2011        80-84            87896.59        61317.27       149213.86
  2011        85-89            49225.04        26447.18        75672.22
  2011        90-94            20117.28         8164.51        28281.79
  2011        95-99             5939.04         1665.47         7604.51
  2011       100-104             976.08          173.03         1149.11
  2011       105-109              82.47            6.69           89.16
  2011       110+                  1.37            0.00            1.37
  2012           0             24850.00        27050.00        51900.00
  2012         1-4             98000.00       105850.00       203850.00
  2012         5-9            117900.00       125800.00       243700.00
  2012        10-14           154150.00       164600.00       318750.00
  2012        15-19           205400.00       216300.00       421700.00
  2012        20-24           230650.00       224000.00       454650.00
  2012        25-29           303700.00       227750.00       531450.00
  2012        30-34           328500.00       227100.00       555600.00
  2012        35-39           329800.00       234500.00       564300.00
  2012        40-44           332350.00       241950.00       574300.00
  2012        45-49           353850.00       290700.00       644550.00
  2012        50-54           327250.00       312300.00       639550.00
  2012        55-59           266150.00       260700.00       526850.00
  2012        60-64           209650.00       209400.00       419050.00
  2012        65-69           121200.00       128150.00       249350.00
  2012        70-74           111000.00       114750.00       225750.00
  2012        75-79           109000.00        98050.00       207050.00
  2012        80-84            89937.49        65087.95       155025.44
  2012        85-89            53150.86        28839.41        81990.27
  2012        90-94            21823.28         8909.61        30732.89
  2012        95-99             6428.37         1812.60         8240.97
  2012       100-104            1086.04          199.88         1285.92
  2012       105-109              86.60            9.70           96.30
  2012       110+                  1.19            0.00            1.19
  2013           0             22800.00        24300.00        47100.00
  2013         1-4            102950.00       110950.00       213900.00
  2013         5-9            119300.00       126850.00       246150.00
  2013        10-14           143800.00       153750.00       297550.00
  2013        15-19           200700.00       212000.00       412700.00
  2013        20-24           231350.00       226300.00       457650.00
  2013        25-29           298750.00       223900.00       522650.00
  2013        30-34           337100.00       230150.00       567250.00
  2013        35-39           330150.00       232000.00       562150.00
  2013        40-44           336200.00       240500.00       576700.00
  2013        45-49           344150.00       278450.00       622600.00
  2013        50-54           335000.00       312800.00       647800.00
  2013        55-59           280550.00       274300.00       554850.00
  2013        60-64           218750.00       216800.00       435550.00
  2013        65-69           138000.00       141750.00       279750.00
  2013        70-74           105950.00       111150.00       217100.00
  2013        75-79           109800.00        99750.00       209550.00
  2013        80-84            91208.40        68334.62       159543.02
  2013        85-89            57494.44        31500.82        88995.26
  2013        90-94            23609.30         9629.42        33238.72
  2013        95-99             6822.16         1951.46         8773.62
  2013       100-104            1175.59          231.26         1406.85
  2013       105-109              97.75           11.78          109.53
  2013       110+                  2.01            0.00            2.01
  2014           0             22650.00        23950.00        46600.00
  2014         1-4            104150.00       111850.00       216000.00
  2014         5-9            123450.00       131950.00       255400.00
  2014        10-14           136650.00       145350.00       282000.00
  2014        15-19           192500.00       203600.00       396100.00
  2014        20-24           229100.00       225050.00       454150.00
  2014        25-29           292750.00       223000.00       515750.00
  2014        30-34           343700.00       232450.00       576150.00
  2014        35-39           329150.00       228150.00       557300.00
  2014        40-44           338050.00       239750.00       577800.00
  2014        45-49           333050.00       264400.00       597450.00
  2014        50-54           344150.00       312200.00       656350.00
  2014        55-59           293600.00       286350.00       579950.00
  2014        60-64           227650.00       223700.00       451350.00
  2014        65-69           154850.00       155850.00       310700.00
  2014        70-74           102750.00       109550.00       212300.00
  2014        75-79           109600.00       100150.00       209750.00
  2014        80-84            92337.32        71917.52       164254.84
  2014        85-89            62137.52        34276.23        96413.75
  2014        90-94            25967.93        10528.40        36496.33
  2014        95-99             7341.42         2085.57         9426.99
  2014       100-104            1238.12          252.45         1490.57
  2014       105-109             102.71           12.35          115.06
  2014       110+                  2.21            0.00            2.21
  2015           0             25300.00        27400.00        52700.00
  2015         1-4            106550.00       114400.00       220950.00
  2015         5-9            130450.00       140500.00       270950.00
  2015        10-14           131600.00       138750.00       270350.00
  2015        15-19           181900.00       192550.00       374450.00
  2015        20-24           226550.00       223200.00       449750.00
  2015        25-29           289200.00       225100.00       514300.00
  2015        30-34           345500.00       233400.00       578900.00
  2015        35-39           331750.00       226050.00       557800.00
  2015        40-44           338750.00       239450.00       578200.00
  2015        45-49           326450.00       252050.00       578500.00
  2015        50-54           349600.00       307200.00       656800.00
  2015        55-59           304300.00       296250.00       600550.00
  2015        60-64           236200.00       230800.00       467000.00
  2015        65-69           173050.00       171650.00       344700.00
  2015        70-74           102650.00       109950.00       212600.00
  2015        75-79           108850.00       100550.00       209400.00
  2015        80-84            91900.00        73550.00       165450.00
  2015        85-89            66947.60        37418.48       104366.08
  2015        90-94            28434.68        11671.81        40106.49
  2015        95-99             7901.65         2270.54        10172.19
  2015       100-104            1320.57          263.99         1584.56
  2015       105-109             103.16           12.83          115.99
  2015       110+                  2.19            0.00            2.19
  2016           0             26050.00        28300.00        54350.00
  2016         1-4            109100.00       117200.00       226300.00
  2016         5-9            137400.00       148100.00       285500.00
  2016        10-14           128150.00       134150.00       262300.00
  2016        15-19           170100.00       181550.00       351650.00
  2016        20-24           225450.00       221450.00       446900.00
  2016        25-29           285050.00       226850.00       511900.00
  2016        30-34           344600.00       233400.00       578000.00
  2016        35-39           338650.00       226650.00       565300.00
  2016        40-44           337150.00       236900.00       574050.00
  2016        45-49           325300.00       243150.00       568450.00
  2016        50-54           350750.00       298350.00       649100.00
  2016        55-59           312800.00       303850.00       616650.00
  2016        60-64           245500.00       239100.00       484600.00
  2016        65-69           191000.00       188400.00       379400.00
  2016        70-74           106000.00       111250.00       217250.00
  2016        75-79           106750.00       101200.00       207950.00
  2016        80-84            92650.00        73950.00       166600.00
  2016        85-89            69419.48        40520.79       109940.27
  2016        90-94            31126.26        12943.32        44069.58
  2016        95-99             8636.14         2544.24        11180.38
  2016       100-104            1462.71          275.56         1738.27
  2016       105-109             111.69           12.64          124.33
  2016       110+                  2.72            0.00            2.72
  2017           0             25700.00        27650.00        53350.00
  2017         1-4            108500.00       116400.00       224900.00
  2017         5-9            143450.00       154850.00       298300.00
  2017        10-14           127800.00       133300.00       261100.00
  2017        15-19           158350.00       170000.00       328350.00
  2017        20-24           224250.00       219100.00       443350.00
  2017        25-29           279000.00       228900.00       507900.00
  2017        30-34           342700.00       231000.00       573700.00
  2017        35-39           347550.00       229300.00       576850.00
  2017        40-44           336350.00       234050.00       570400.00
  2017        45-49           328850.00       239600.00       568450.00
  2017        50-54           347300.00       287250.00       634550.00
  2017        55-59           318450.00       306850.00       625300.00
  2017        60-64           257900.00       250850.00       508750.00
  2017        65-69           203750.00       200250.00       404000.00
  2017        70-74           116700.00       118550.00       235250.00
  2017        75-79           102700.00        99550.00       202250.00
  2017        80-84            93900.00        75300.00       169200.00
  2017        85-89            71025.41        43334.24       114359.65
  2017        90-94            34361.93        14442.80        48804.73
  2017        95-99             9579.39         2787.06        12366.45
  2017       100-104            1585.73          289.84         1875.57
  2017       105-109             116.00           11.44          127.44
  2017       110+                  2.17            0.00            2.17
  2018           0             24950.00        26700.00        51650.00
  2018         1-4            108850.00       117050.00       225900.00
  2018         5-9            147500.00       158950.00       306450.00
  2018        10-14           131350.00       137450.00       268800.00
  2018        15-19           148750.00       159250.00       308000.00
  2018        20-24           220700.00       215550.00       436250.00
  2018        25-29           273600.00       230100.00       503700.00
  2018        30-34           337000.00       227200.00       564200.00
  2018        35-39           357900.00       233150.00       591050.00
  2018        40-44           337000.00       231150.00       568150.00
  2018        45-49           333650.00       239550.00       573200.00
  2018        50-54           337700.00       273950.00       611650.00
  2018        55-59           327000.00       308100.00       635100.00
  2018        60-64           272150.00       264700.00       536850.00
  2018        65-69           212500.00       207000.00       419500.00
  2018        70-74           133000.00       131800.00       264800.00
  2018        75-79            98400.00        96500.00       194900.00
  2018        80-84            95000.00        77500.00       172500.00
  2018        85-89            71943.88        45699.89       117643.77
  2018        90-94            38123.89        16296.67        54420.56
  2018        95-99            10823.50         3181.78        14005.28
  2018       100-104            1769.48          325.56         2095.04
  2018       105-109             124.44           11.66          136.10
  2018       110+                  1.75            0.00            1.75
  2019           0             23800.00        25450.00        49250.00
  2019         1-4            109900.00       118700.00       228600.00
  2019         5-9            148800.00       159050.00       307850.00
  2019        10-14           137900.00       144250.00       282150.00
  2019        15-19           142200.00       150700.00       292900.00
  2019        20-24           213500.00       208700.00       422200.00
  2019        25-29           268550.00       228200.00       496750.00
  2019        30-34           331100.00       226550.00       557650.00
  2019        35-39           368500.00       236950.00       605450.00
  2019        40-44           338050.00       227900.00       565950.00
  2019        45-49           338200.00       241150.00       579350.00
  2019        50-54           328050.00       260550.00       588600.00
  2019        55-59           337450.00       307800.00       645250.00
  2019        60-64           285700.00       277450.00       563150.00
  2019        65-69           221550.00       213800.00       435350.00
  2019        70-74           148750.00       145000.00       293750.00
  2019        75-79            95950.00        95250.00       191200.00
  2019        80-84            95050.00        78450.00       173500.00
  2019        85-89            72924.81        48423.90       121348.71
  2019        90-94            42141.99        18279.76        60421.75
  2019        95-99            12330.72         3655.69        15986.41
  2019       100-104            2009.09          377.04         2386.13
  2019       105-109             141.93           13.69          155.62
  2019       110+                  1.38            0.00            1.38
  2020           0             25137.03        27664.28        52801.31
  2020         1-4            105330.84       113522.65       218853.49
  2020         5-9            148391.98       158545.77       306937.75
  2020        10-14           141936.34       149686.09       291622.43
  2020        15-19           134777.88       141565.82       276343.70
  2020        20-24           197720.06       198996.90       396716.96
  2020        25-29           256054.75       224809.34       480864.09
  2020        30-34           319811.17       227812.10       547623.27
  2020        35-39           367471.67       236970.99       604442.66
  2020        40-44           340937.74       225990.71       566928.45
  2020        45-49           340069.71       240068.44       580138.15
  2020        50-54           323006.99       249490.59       572497.58
  2020        55-59           344294.27       303209.08       647503.35
  2020        60-64           297229.68       287131.82       584361.50
  2020        65-69           230490.68       220919.02       451409.70
  2020        70-74           166245.63       159674.08       325919.71
  2020        75-79            96383.16        95929.30       192312.46
  2020        80-84            95218.16        79799.59       175017.75
  2020        85-89            72519.97        50035.34       122555.31
  2020        90-94            46392.88        20583.31        66976.19
  2020        95-99            14079.58         4242.46        18322.04
  2020       100-104            2312.94          445.05         2757.99
  2020       105-109             174.02           17.61          191.63
  2020       110+                  1.58            0.00            1.58
