PopName,Area,Year,YearReg,Month,VitalStat,RefCode,Access,Births,NoteCode1,NoteCode2,NoteCode3,LDB
TWN,10,1906,1906,1,1,26,O,10035,9,12,.,0
TWN,10,1906,1906,1,1,26,O,159,10,12,.,0
TWN,10,1906,1906,2,1,26,O,9635,9,12,.,0
TWN,10,1906,1906,2,1,26,O,150,10,12,.,0
TWN,10,1906,1906,3,1,26,O,9306,9,12,.,0
TWN,10,1906,1906,3,1,26,O,146,10,12,.,0
TWN,10,1906,1906,4,1,26,O,7596,9,12,.,0
TWN,10,1906,1906,4,1,26,O,118,10,12,.,0
TWN,10,1906,1906,5,1,26,O,8481,9,12,.,0
TWN,10,1906,1906,5,1,26,O,133,10,12,.,0
TWN,10,1906,1906,6,1,26,O,8132,9,12,.,0
TWN,10,1906,1906,6,1,26,O,146,10,12,.,0
TWN,10,1906,1906,7,1,26,O,8557,9,12,.,0
TWN,10,1906,1906,7,1,26,O,183,10,12,.,0
TWN,10,1906,1906,8,1,26,O,9709,9,12,.,0
TWN,10,1906,1906,8,1,26,O,178,10,12,.,0
TWN,10,1906,1906,9,1,26,O,11022,9,12,.,0
TWN,10,1906,1906,9,1,26,O,193,10,12,.,0
TWN,10,1906,1906,10,1,26,O,12732,9,12,.,0
TWN,10,1906,1906,10,1,26,O,186,10,12,.,0
TWN,10,1906,1906,11,1,26,O,12555,9,12,.,0
TWN,10,1906,1906,11,1,26,O,180,10,12,.,0
TWN,10,1906,1906,12,1,26,O,11347,9,12,.,0
TWN,10,1906,1906,12,1,26,O,150,10,12,.,0
TWN,10,1906,1906,TOT,1,26,O,119107,9,12,.,0
TWN,10,1906,1906,TOT,1,26,O,1922,10,12,.,0
TWN,10,1907,1907,1,1,26,O,11809,9,12,.,0
TWN,10,1907,1907,1,1,26,O,294,10,12,.,0
TWN,10,1907,1907,2,1,26,O,9808,9,12,.,0
TWN,10,1907,1907,2,1,26,O,171,10,12,.,0
TWN,10,1907,1907,3,1,26,O,9847,9,12,.,0
TWN,10,1907,1907,3,1,26,O,201,10,12,.,0
TWN,10,1907,1907,4,1,26,O,8288,9,12,.,0
TWN,10,1907,1907,4,1,26,O,141,10,12,.,0
TWN,10,1907,1907,5,1,26,O,7778,9,12,.,0
TWN,10,1907,1907,5,1,26,O,155,10,12,.,0
TWN,10,1907,1907,6,1,26,O,7806,9,12,.,0
TWN,10,1907,1907,6,1,26,O,144,10,12,.,0
TWN,10,1907,1907,7,1,26,O,8286,9,12,.,0
TWN,10,1907,1907,7,1,26,O,194,10,12,.,0
TWN,10,1907,1907,8,1,26,O,9821,9,12,.,0
TWN,10,1907,1907,8,1,26,O,188,10,12,.,0
TWN,10,1907,1907,9,1,26,O,11286,9,12,.,0
TWN,10,1907,1907,9,1,26,O,217,10,12,.,0
TWN,10,1907,1907,10,1,26,O,11597,9,12,.,0
TWN,10,1907,1907,10,1,26,O,202,10,12,.,0
TWN,10,1907,1907,11,1,26,O,13070,9,12,.,0
TWN,10,1907,1907,11,1,26,O,214,10,12,.,0
TWN,10,1907,1907,12,1,26,O,12360,9,12,.,0
TWN,10,1907,1907,12,1,26,O,156,10,12,.,0
TWN,10,1907,1907,TOT,1,26,O,121756,9,12,.,0
TWN,10,1907,1907,TOT,1,26,O,2277,10,12,.,0
TWN,10,1908,1908,1,1,26,O,12471,9,12,.,0
TWN,10,1908,1908,1,1,26,O,307,10,12,.,0
TWN,10,1908,1908,2,1,26,O,10339,9,12,.,0
TWN,10,1908,1908,2,1,26,O,209,10,12,.,0
TWN,10,1908,1908,3,1,26,O,9709,9,12,.,0
TWN,10,1908,1908,3,1,26,O,208,10,12,.,0
TWN,10,1908,1908,4,1,26,O,8172,9,12,.,0
TWN,10,1908,1908,4,1,26,O,154,10,12,.,0
TWN,10,1908,1908,5,1,26,O,7808,9,12,.,0
TWN,10,1908,1908,5,1,26,O,158,10,12,.,0
TWN,10,1908,1908,6,1,26,O,8152,9,12,.,0
TWN,10,1908,1908,6,1,26,O,156,10,12,.,0
TWN,10,1908,1908,7,1,26,O,7753,9,12,.,0
TWN,10,1908,1908,7,1,26,O,183,10,12,.,0
TWN,10,1908,1908,8,1,26,O,9349,9,12,.,0
TWN,10,1908,1908,8,1,26,O,189,10,12,.,0
TWN,10,1908,1908,9,1,26,O,10006,9,12,.,0
TWN,10,1908,1908,9,1,26,O,221,10,12,.,0
TWN,10,1908,1908,10,1,26,O,11719,9,12,.,0
TWN,10,1908,1908,10,1,26,O,232,10,12,.,0
TWN,10,1908,1908,11,1,26,O,12359,9,12,.,0
TWN,10,1908,1908,11,1,26,O,239,10,12,.,0
TWN,10,1908,1908,12,1,26,O,11963,9,12,.,0
TWN,10,1908,1908,12,1,26,O,163,10,12,.,0
TWN,10,1908,1908,TOT,1,26,O,119800,9,12,.,0
TWN,10,1908,1908,TOT,1,26,O,2419,10,12,.,0
TWN,10,1909,1909,1,1,26,O,12811,9,12,.,0
TWN,10,1909,1909,1,1,26,O,305,10,12,.,0
TWN,10,1909,1909,2,1,26,O,11348,9,12,.,0
TWN,10,1909,1909,2,1,26,O,221,10,12,.,0
TWN,10,1909,1909,3,1,26,O,10953,9,12,.,0
TWN,10,1909,1909,3,1,26,O,256,10,12,.,0
TWN,10,1909,1909,4,1,26,O,8954,9,12,.,0
TWN,10,1909,1909,4,1,26,O,185,10,12,.,0
TWN,10,1909,1909,5,1,26,O,8568,9,12,.,0
TWN,10,1909,1909,5,1,26,O,177,10,12,.,0
TWN,10,1909,1909,6,1,26,O,8359,9,12,.,0
TWN,10,1909,1909,6,1,26,O,189,10,12,.,0
TWN,10,1909,1909,7,1,26,O,8211,9,12,.,0
TWN,10,1909,1909,7,1,26,O,176,10,12,.,0
TWN,10,1909,1909,8,1,26,O,9335,9,12,.,0
TWN,10,1909,1909,8,1,26,O,203,10,12,.,0
TWN,10,1909,1909,9,1,26,O,10694,9,12,.,0
TWN,10,1909,1909,9,1,26,O,254,10,12,.,0
TWN,10,1909,1909,10,1,26,O,13378,9,12,.,0
TWN,10,1909,1909,10,1,26,O,232,10,12,.,0
TWN,10,1909,1909,11,1,26,O,12636,9,12,.,0
TWN,10,1909,1909,11,1,26,O,265,10,12,.,0
TWN,10,1909,1909,12,1,26,O,12039,9,12,.,0
TWN,10,1909,1909,12,1,26,O,198,10,12,.,0
TWN,10,1909,1909,TOT,1,26,O,127286,9,12,.,0
TWN,10,1909,1909,TOT,1,26,O,2661,10,12,.,0
TWN,10,1910,1910,1,1,26,O,12953,9,12,.,0
TWN,10,1910,1910,1,1,26,O,341,10,12,.,0
TWN,10,1910,1910,2,1,26,O,10711,9,12,.,0
TWN,10,1910,1910,2,1,26,O,248,10,12,.,0
TWN,10,1910,1910,3,1,26,O,11040,9,12,.,0
TWN,10,1910,1910,3,1,26,O,291,10,12,.,0
TWN,10,1910,1910,4,1,26,O,8952,9,12,.,0
TWN,10,1910,1910,4,1,26,O,171,10,12,.,0
TWN,10,1910,1910,5,1,26,O,8181,9,12,.,0
TWN,10,1910,1910,5,1,26,O,187,10,12,.,0
TWN,10,1910,1910,6,1,26,O,8658,9,12,.,0
TWN,10,1910,1910,6,1,26,O,179,10,12,.,0
TWN,10,1910,1910,7,1,26,O,8452,9,12,.,0
TWN,10,1910,1910,7,1,26,O,208,10,12,.,0
TWN,10,1910,1910,8,1,26,O,9836,9,12,.,0
TWN,10,1910,1910,8,1,26,O,246,10,12,.,0
TWN,10,1910,1910,9,1,26,O,11745,9,12,.,0
TWN,10,1910,1910,9,1,26,O,281,10,12,.,0
TWN,10,1910,1910,10,1,26,O,13808,9,12,.,0
TWN,10,1910,1910,10,1,26,O,301,10,12,.,0
TWN,10,1910,1910,11,1,26,O,14383,9,12,.,0
TWN,10,1910,1910,11,1,26,O,319,10,12,.,0
TWN,10,1910,1910,12,1,26,O,13422,9,12,.,0
TWN,10,1910,1910,12,1,26,O,195,10,12,.,0
TWN,10,1910,1910,TOT,1,26,O,132141,9,12,.,0
TWN,10,1910,1910,TOT,1,26,O,2967,10,12,.,0
TWN,10,1911,1911,1,1,26,O,13797,9,12,.,0
TWN,10,1911,1911,1,1,26,O,419,10,12,.,0
TWN,10,1911,1911,2,1,26,O,10840,9,12,.,0
TWN,10,1911,1911,2,1,26,O,262,10,12,.,0
TWN,10,1911,1911,3,1,26,O,11317,9,12,.,0
TWN,10,1911,1911,3,1,26,O,324,10,12,.,0
TWN,10,1911,1911,4,1,26,O,9829,9,12,.,0
TWN,10,1911,1911,4,1,26,O,222,10,12,.,0
TWN,10,1911,1911,5,1,26,O,9012,9,12,.,0
TWN,10,1911,1911,5,1,26,O,245,10,12,.,0
TWN,10,1911,1911,6,1,26,O,9237,9,12,.,0
TWN,10,1911,1911,6,1,26,O,228,10,12,.,0
TWN,10,1911,1911,7,1,26,O,9339,9,12,.,0
TWN,10,1911,1911,7,1,26,O,283,10,12,.,0
TWN,10,1911,1911,8,1,26,O,10264,9,12,.,0
TWN,10,1911,1911,8,1,26,O,301,10,12,.,0
TWN,10,1911,1911,9,1,26,O,12632,9,12,.,0
TWN,10,1911,1911,9,1,26,O,306,10,12,.,0
TWN,10,1911,1911,10,1,26,O,13064,9,12,.,0
TWN,10,1911,1911,10,1,26,O,300,10,12,.,0
TWN,10,1911,1911,11,1,26,O,14044,9,12,.,0
TWN,10,1911,1911,11,1,26,O,332,10,12,.,0
TWN,10,1911,1911,12,1,26,O,12283,9,12,.,0
TWN,10,1911,1911,12,1,26,O,242,10,12,.,0
TWN,10,1911,1911,TOT,1,26,O,135658,9,12,.,0
TWN,10,1911,1911,TOT,1,26,O,3464,10,12,.,0
TWN,10,1912,1912,1,1,26,O,12955,9,12,.,0
TWN,10,1912,1912,1,1,26,O,419,10,12,.,0
TWN,10,1912,1912,2,1,26,O,11697,9,12,.,0
TWN,10,1912,1912,2,1,26,O,298,10,12,.,0
TWN,10,1912,1912,3,1,26,O,10829,9,12,.,0
TWN,10,1912,1912,3,1,26,O,323,10,12,.,0
TWN,10,1912,1912,4,1,26,O,9545,9,12,.,0
TWN,10,1912,1912,4,1,26,O,221,10,12,.,0
TWN,10,1912,1912,5,1,26,O,8371,9,12,.,0
TWN,10,1912,1912,5,1,26,O,214,10,12,.,0
TWN,10,1912,1912,6,1,26,O,8357,9,12,.,0
TWN,10,1912,1912,6,1,26,O,219,10,12,.,0
TWN,10,1912,1912,7,1,26,O,9337,9,12,.,0
TWN,10,1912,1912,7,1,26,O,281,10,12,.,0
TWN,10,1912,1912,8,1,26,O,12042,9,12,.,0
TWN,10,1912,1912,8,1,26,O,330,10,12,.,0
TWN,10,1912,1912,9,1,26,O,12807,9,12,.,0
TWN,10,1912,1912,9,1,26,O,374,10,12,.,0
TWN,10,1912,1912,10,1,26,O,14239,9,12,.,0
TWN,10,1912,1912,10,1,26,O,383,10,12,.,0
TWN,10,1912,1912,11,1,26,O,13884,9,12,.,0
TWN,10,1912,1912,11,1,26,O,356,10,12,.,0
TWN,10,1912,1912,12,1,26,O,12559,9,12,.,0
TWN,10,1912,1912,12,1,26,O,247,10,12,.,0
TWN,10,1912,1912,TOT,1,26,O,136622,9,12,.,0
TWN,10,1912,1912,TOT,1,26,O,3665,10,12,.,0
TWN,10,1913,1913,1,1,26,O,13831,9,12,.,0
TWN,10,1913,1913,1,1,26,O,493,10,12,.,0
TWN,10,1913,1913,2,1,26,O,11605,9,12,.,0
TWN,10,1913,1913,2,1,26,O,346,10,12,.,0
TWN,10,1913,1913,3,1,26,O,11247,9,12,.,0
TWN,10,1913,1913,3,1,26,O,341,10,12,.,0
TWN,10,1913,1913,4,1,26,O,9327,9,12,.,0
TWN,10,1913,1913,4,1,26,O,286,10,12,.,0
TWN,10,1913,1913,5,1,26,O,8834,9,12,.,0
TWN,10,1913,1913,5,1,26,O,277,10,12,.,0
TWN,10,1913,1913,6,1,26,O,8593,9,12,.,0
TWN,10,1913,1913,6,1,26,O,261,10,12,.,0
TWN,10,1913,1913,7,1,26,O,8849,9,12,.,0
TWN,10,1913,1913,7,1,26,O,305,10,12,.,0
TWN,10,1913,1913,8,1,26,O,11473,9,12,.,0
TWN,10,1913,1913,8,1,26,O,334,10,12,.,0
TWN,10,1913,1913,9,1,26,O,12958,9,12,.,0
TWN,10,1913,1913,9,1,26,O,381,10,12,.,0
TWN,10,1913,1913,10,1,26,O,13431,9,12,.,0
TWN,10,1913,1913,10,1,26,O,405,10,12,.,0
TWN,10,1913,1913,11,1,26,O,14542,9,12,.,0
TWN,10,1913,1913,11,1,26,O,388,10,12,.,0
TWN,10,1913,1913,12,1,26,O,12277,9,12,.,0
TWN,10,1913,1913,12,1,26,O,298,10,12,.,0
TWN,10,1913,1913,TOT,1,26,O,136967,9,12,.,0
TWN,10,1913,1913,TOT,1,26,O,4115,10,12,.,0
TWN,10,1914,1914,1,1,26,O,14078,9,12,.,0
TWN,10,1914,1914,1,1,26,O,563,10,12,.,0
TWN,10,1914,1914,2,1,26,O,11248,9,12,.,0
TWN,10,1914,1914,2,1,26,O,321,10,12,.,0
TWN,10,1914,1914,3,1,26,O,11077,9,12,.,0
TWN,10,1914,1914,3,1,26,O,394,10,12,.,0
TWN,10,1914,1914,4,1,26,O,9308,9,12,.,0
TWN,10,1914,1914,4,1,26,O,241,10,12,.,0
TWN,10,1914,1914,5,1,26,O,8804,9,12,.,0
TWN,10,1914,1914,5,1,26,O,250,10,12,.,0
TWN,10,1914,1914,6,1,26,O,9032,9,12,.,0
TWN,10,1914,1914,6,1,26,O,286,10,12,.,0
TWN,10,1914,1914,7,1,26,O,9964,9,12,.,0
TWN,10,1914,1914,7,1,26,O,335,10,12,.,0
TWN,10,1914,1914,8,1,26,O,11923,9,12,.,0
TWN,10,1914,1914,8,1,26,O,395,10,12,.,0
TWN,10,1914,1914,9,1,26,O,13704,9,12,.,0
TWN,10,1914,1914,9,1,26,O,407,10,12,.,0
TWN,10,1914,1914,10,1,26,O,14803,9,12,.,0
TWN,10,1914,1914,10,1,26,O,446,10,12,.,0
TWN,10,1914,1914,11,1,26,O,14108,9,12,.,0
TWN,10,1914,1914,11,1,26,O,437,10,12,.,0
TWN,10,1914,1914,12,1,26,O,13401,9,12,.,0
TWN,10,1914,1914,12,1,26,O,297,10,12,.,0
TWN,10,1914,1914,TOT,1,26,O,141450,9,12,.,0
TWN,10,1914,1914,TOT,1,26,O,4372,10,12,.,0
TWN,10,1915,1915,1,1,26,O,14665,9,12,.,0
TWN,10,1915,1915,1,1,26,O,591,10,12,.,0
TWN,10,1915,1915,2,1,26,O,11728,9,12,.,0
TWN,10,1915,1915,2,1,26,O,380,10,12,.,0
TWN,10,1915,1915,3,1,26,O,11260,9,12,.,0
TWN,10,1915,1915,3,1,26,O,449,10,12,.,0
TWN,10,1915,1915,4,1,26,O,9831,9,12,.,0
TWN,10,1915,1915,4,1,26,O,262,10,12,.,0
TWN,10,1915,1915,5,1,26,O,8909,9,12,.,0
TWN,10,1915,1915,5,1,26,O,284,10,12,.,0
TWN,10,1915,1915,6,1,26,O,9414,9,12,.,0
TWN,10,1915,1915,6,1,26,O,323,10,12,.,0
TWN,10,1915,1915,7,1,26,O,9777,9,12,.,0
TWN,10,1915,1915,7,1,26,O,363,10,12,.,0
TWN,10,1915,1915,8,1,26,O,10794,9,12,.,0
TWN,10,1915,1915,8,1,26,O,356,10,12,.,0
TWN,10,1915,1915,9,1,26,O,15460,9,12,.,0
TWN,10,1915,1915,9,1,26,O,446,10,12,.,0
TWN,10,1915,1915,10,1,26,O,10295,9,12,.,0
TWN,10,1915,1915,10,1,26,O,375,10,12,.,0
TWN,10,1915,1915,11,1,26,O,12974,9,12,.,0
TWN,10,1915,1915,11,1,26,O,394,10,12,.,0
TWN,10,1915,1915,12,1,26,O,12562,9,12,.,0
TWN,10,1915,1915,12,1,26,O,270,10,12,.,0
TWN,10,1915,1915,TOT,1,26,O,137669,9,12,.,0
TWN,10,1915,1915,TOT,1,26,O,4493,10,12,.,0
TWN,10,1916,1916,1,1,26,O,13473,9,12,.,0
TWN,10,1916,1916,1,1,26,O,618,10,12,.,0
TWN,10,1916,1916,2,1,26,O,11404,9,12,.,0
TWN,10,1916,1916,2,1,26,O,450,10,12,.,0
TWN,10,1916,1916,3,1,26,O,10415,9,12,.,0
TWN,10,1916,1916,3,1,26,O,443,10,12,.,0
TWN,10,1916,1916,4,1,26,O,8072,9,12,.,0
TWN,10,1916,1916,4,1,26,O,222,10,12,.,0
TWN,10,1916,1916,5,1,26,O,8094,9,12,.,0
TWN,10,1916,1916,5,1,26,O,282,10,12,.,0
TWN,10,1916,1916,6,1,26,O,8588,9,12,.,0
TWN,10,1916,1916,6,1,26,O,305,10,12,.,0
TWN,10,1916,1916,7,1,26,O,8479,9,12,.,0
TWN,10,1916,1916,7,1,26,O,331,10,12,.,0
TWN,10,1916,1916,8,1,26,O,9462,9,12,.,0
TWN,10,1916,1916,8,1,26,O,391,10,12,.,0
TWN,10,1916,1916,9,1,26,O,11002,9,12,.,0
TWN,10,1916,1916,9,1,26,O,439,10,12,.,0
TWN,10,1916,1916,10,1,26,O,13195,9,12,.,0
TWN,10,1916,1916,10,1,26,O,483,10,12,.,0
TWN,10,1916,1916,11,1,26,O,13646,9,12,.,0
TWN,10,1916,1916,11,1,26,O,457,10,12,.,0
TWN,10,1916,1916,12,1,26,O,12775,9,12,.,0
TWN,10,1916,1916,12,1,26,O,345,10,12,.,0
TWN,10,1916,1916,TOT,1,26,O,128605,9,12,.,0
TWN,10,1916,1916,TOT,1,26,O,4766,10,12,.,0
TWN,10,1917,1917,1,1,26,O,14616,9,12,.,0
TWN,10,1917,1917,1,1,26,O,688,10,12,.,0
TWN,10,1917,1917,2,1,26,O,12193,9,12,.,0
TWN,10,1917,1917,2,1,26,O,462,10,12,.,0
TWN,10,1917,1917,3,1,26,O,12199,9,12,.,0
TWN,10,1917,1917,3,1,26,O,546,10,12,.,0
TWN,10,1917,1917,4,1,26,O,10295,9,12,.,0
TWN,10,1917,1917,4,1,26,O,326,10,12,.,0
TWN,10,1917,1917,5,1,26,O,9806,9,12,.,0
TWN,10,1917,1917,5,1,26,O,339,10,12,.,0
TWN,10,1917,1917,6,1,26,O,9680,9,12,.,0
TWN,10,1917,1917,6,1,26,O,346,10,12,.,0
TWN,10,1917,1917,7,1,26,O,9800,9,12,.,0
TWN,10,1917,1917,7,1,26,O,434,10,12,.,0
TWN,10,1917,1917,8,1,26,O,11443,9,12,.,0
TWN,10,1917,1917,8,1,26,O,423,10,12,.,0
TWN,10,1917,1917,9,1,26,O,12614,9,12,.,0
TWN,10,1917,1917,9,1,26,O,459,10,12,.,0
TWN,10,1917,1917,10,1,26,O,14158,9,12,.,0
TWN,10,1917,1917,10,1,26,O,562,10,12,.,0
TWN,10,1917,1917,11,1,26,O,13130,9,12,.,0
TWN,10,1917,1917,11,1,26,O,491,10,12,.,0
TWN,10,1917,1917,12,1,26,O,12480,9,12,.,0
TWN,10,1917,1917,12,1,26,O,350,10,12,.,0
TWN,10,1917,1917,TOT,1,26,O,142414,9,12,.,0
TWN,10,1917,1917,TOT,1,26,O,5426,10,12,.,0
TWN,10,1918,1918,1,1,26,O,14027,9,12,.,0
TWN,10,1918,1918,1,1,26,O,727,10,12,.,0
TWN,10,1918,1918,2,1,26,O,11776,9,12,.,0
TWN,10,1918,1918,2,1,26,O,443,10,12,.,0
TWN,10,1918,1918,3,1,26,O,11333,9,12,.,0
TWN,10,1918,1918,3,1,26,O,449,10,12,.,0
TWN,10,1918,1918,4,1,26,O,9951,9,12,.,0
TWN,10,1918,1918,4,1,26,O,331,10,12,.,0
TWN,10,1918,1918,5,1,26,O,9610,9,12,.,0
TWN,10,1918,1918,5,1,26,O,333,10,12,.,0
TWN,10,1918,1918,6,1,26,O,9578,9,12,.,0
TWN,10,1918,1918,6,1,26,O,330,10,12,.,0
TWN,10,1918,1918,7,1,26,O,9772,9,12,.,0
TWN,10,1918,1918,7,1,26,O,398,10,12,.,0
TWN,10,1918,1918,8,1,26,O,10869,9,12,.,0
TWN,10,1918,1918,8,1,26,O,440,10,12,.,0
TWN,10,1918,1918,9,1,26,O,12227,9,12,.,0
TWN,10,1918,1918,9,1,26,O,484,10,12,.,0
TWN,10,1918,1918,10,1,26,O,13185,9,12,.,0
TWN,10,1918,1918,10,1,26,O,527,10,12,.,0
TWN,10,1918,1918,11,1,26,O,13969,9,12,.,0
TWN,10,1918,1918,11,1,26,O,512,10,12,.,0
TWN,10,1918,1918,12,1,26,O,13168,9,12,.,0
TWN,10,1918,1918,12,1,26,O,293,10,12,.,0
TWN,10,1918,1918,TOT,1,26,O,139465,9,12,.,0
TWN,10,1918,1918,TOT,1,26,O,5267,10,12,.,0
TWN,10,1919,1919,1,1,26,O,13781,9,12,.,0
TWN,10,1919,1919,1,1,26,O,659,10,12,.,0
TWN,10,1919,1919,2,1,26,O,11141,9,12,.,0
TWN,10,1919,1919,2,1,26,O,419,10,12,.,0
TWN,10,1919,1919,3,1,26,O,11061,9,12,.,0
TWN,10,1919,1919,3,1,26,O,485,10,12,.,0
TWN,10,1919,1919,4,1,26,O,10056,9,12,.,0
TWN,10,1919,1919,4,1,26,O,320,10,12,.,0
TWN,10,1919,1919,5,1,26,O,9765,9,12,.,0
TWN,10,1919,1919,5,1,26,O,343,10,12,.,0
TWN,10,1919,1919,6,1,26,O,9791,9,12,.,0
TWN,10,1919,1919,6,1,26,O,369,10,12,.,0
TWN,10,1919,1919,7,1,26,O,9338,9,12,.,0
TWN,10,1919,1919,7,1,26,O,329,10,12,.,0
TWN,10,1919,1919,8,1,26,O,8853,9,12,.,0
TWN,10,1919,1919,8,1,26,O,366,10,12,.,0
TWN,10,1919,1919,9,1,26,O,10304,9,12,.,0
TWN,10,1919,1919,9,1,26,O,399,10,12,.,0
TWN,10,1919,1919,10,1,26,O,13469,9,12,.,0
TWN,10,1919,1919,10,1,26,O,513,10,12,.,0
TWN,10,1919,1919,11,1,26,O,14614,9,12,.,0
TWN,10,1919,1919,11,1,26,O,521,10,12,.,0
TWN,10,1919,1919,12,1,26,O,14534,9,12,.,0
TWN,10,1919,1919,12,1,26,O,375,10,12,.,0
TWN,10,1919,1919,TOT,1,26,O,136707,9,12,.,0
TWN,10,1919,1919,TOT,1,26,O,5098,10,12,.,0
TWN,10,1920,1920,1,1,26,O,16286,9,12,.,0
TWN,10,1920,1920,1,1,26,O,849,10,12,.,0
TWN,10,1920,1920,2,1,26,O,12955,9,12,.,0
TWN,10,1920,1920,2,1,26,O,468,10,12,.,0
TWN,10,1920,1920,3,1,26,O,10925,9,12,.,0
TWN,10,1920,1920,3,1,26,O,510,10,12,.,0
TWN,10,1920,1920,4,1,26,O,9758,9,12,.,0
TWN,10,1920,1920,4,1,26,O,290,10,12,.,0
TWN,10,1920,1920,5,1,26,O,9247,9,12,.,0
TWN,10,1920,1920,5,1,26,O,309,10,12,.,0
TWN,10,1920,1920,6,1,26,O,9515,9,12,.,0
TWN,10,1920,1920,6,1,26,O,343,10,12,.,0
TWN,10,1920,1920,7,1,26,O,10870,9,12,.,0
TWN,10,1920,1920,7,1,26,O,449,10,12,.,0
TWN,10,1920,1920,8,1,26,O,11014,9,12,.,0
TWN,10,1920,1920,8,1,26,O,472,10,12,.,0
TWN,10,1920,1920,9,1,26,O,14904,9,12,.,0
TWN,10,1920,1920,9,1,26,O,518,10,12,.,0
TWN,10,1920,1920,10,1,26,O,10288,9,12,.,0
TWN,10,1920,1920,10,1,26,O,432,10,12,.,0
TWN,10,1920,1920,11,1,26,O,12541,9,12,.,0
TWN,10,1920,1920,11,1,26,O,486,10,12,.,0
TWN,10,1920,1920,12,1,26,O,13010,9,12,.,0
TWN,10,1920,1920,12,1,26,O,332,10,12,.,0
TWN,10,1920,1920,TOT,1,26,O,141313,9,12,.,0
TWN,10,1920,1920,TOT,1,26,O,5458,10,12,.,0
TWN,10,1921,1921,1,1,26,O,15830,9,12,.,0
TWN,10,1921,1921,1,1,26,O,782,10,12,.,0
TWN,10,1921,1921,2,1,26,O,13403,9,12,.,0
TWN,10,1921,1921,2,1,26,O,539,10,12,.,0
TWN,10,1921,1921,3,1,26,O,12502,9,12,.,0
TWN,10,1921,1921,3,1,26,O,626,10,12,.,0
TWN,10,1921,1921,4,1,26,O,11125,9,12,.,0
TWN,10,1921,1921,4,1,26,O,357,10,12,.,0
TWN,10,1921,1921,5,1,26,O,9716,9,12,.,0
TWN,10,1921,1921,5,1,26,O,360,10,12,.,0
TWN,10,1921,1921,6,1,26,O,10184,9,12,.,0
TWN,10,1921,1921,6,1,26,O,397,10,12,.,0
TWN,10,1921,1921,7,1,26,O,11123,9,12,.,0
TWN,10,1921,1921,7,1,26,O,476,10,12,.,0
TWN,10,1921,1921,8,1,26,O,13106,9,12,.,0
TWN,10,1921,1921,8,1,26,O,516,10,12,.,0
TWN,10,1921,1921,9,1,26,O,13507,9,12,.,0
TWN,10,1921,1921,9,1,26,O,518,10,12,.,0
TWN,10,1921,1921,10,1,26,O,15758,9,12,.,0
TWN,10,1921,1921,10,1,26,O,591,10,12,.,0
TWN,10,1921,1921,11,1,26,O,14771,9,12,.,0
TWN,10,1921,1921,11,1,26,O,573,10,12,.,0
TWN,10,1921,1921,12,1,26,O,14134,9,12,.,0
TWN,10,1921,1921,12,1,26,O,396,10,12,.,0
TWN,10,1921,1921,TOT,1,26,O,155159,9,12,.,0
TWN,10,1921,1921,TOT,1,26,O,6131,10,12,.,0
TWN,10,1922,1922,1,1,26,O,15833,9,12,.,0
TWN,10,1922,1922,1,1,26,O,919,10,12,.,0
TWN,10,1922,1922,2,1,26,O,13374,9,12,.,0
TWN,10,1922,1922,2,1,26,O,552,10,12,.,0
TWN,10,1922,1922,3,1,26,O,12763,9,12,.,0
TWN,10,1922,1922,3,1,26,O,628,10,12,.,0
TWN,10,1922,1922,4,1,26,O,10878,9,12,.,0
TWN,10,1922,1922,4,1,26,O,374,10,12,.,0
TWN,10,1922,1922,5,1,26,O,10587,9,12,.,0
TWN,10,1922,1922,5,1,26,O,453,10,12,.,0
TWN,10,1922,1922,6,1,26,O,10745,9,12,.,0
TWN,10,1922,1922,6,1,26,O,442,10,12,.,0
TWN,10,1922,1922,7,1,26,O,11653,9,12,.,0
TWN,10,1922,1922,7,1,26,O,545,10,12,.,0
TWN,10,1922,1922,8,1,26,O,12404,9,12,.,0
TWN,10,1922,1922,8,1,26,O,569,10,12,.,0
TWN,10,1922,1922,9,1,26,O,13917,9,12,.,0
TWN,10,1922,1922,9,1,26,O,637,10,12,.,0
TWN,10,1922,1922,10,1,26,O,15877,9,12,.,0
TWN,10,1922,1922,10,1,26,O,599,10,12,.,0
TWN,10,1922,1922,11,1,26,O,13738,9,12,.,0
TWN,10,1922,1922,11,1,26,O,536,10,12,.,0
TWN,10,1922,1922,12,1,26,O,12762,9,12,.,0
TWN,10,1922,1922,12,1,26,O,320,10,12,.,0
TWN,10,1922,1922,TOT,1,26,O,154531,9,12,.,0
TWN,10,1922,1922,TOT,1,26,O,6574,10,12,.,0
TWN,10,1923,1923,1,1,26,O,14614,9,12,.,0
TWN,10,1923,1923,1,1,26,O,808,10,12,.,0
TWN,10,1923,1923,2,1,26,O,11400,9,12,.,0
TWN,10,1923,1923,2,1,26,O,557,10,12,.,0
TWN,10,1923,1923,3,1,26,O,12010,9,12,.,0
TWN,10,1923,1923,3,1,26,O,601,10,12,.,0
TWN,10,1923,1923,4,1,26,O,8931,9,12,.,0
TWN,10,1923,1923,4,1,26,O,365,10,12,.,0
TWN,10,1923,1923,5,1,26,O,10206,9,12,.,0
TWN,10,1923,1923,5,1,26,O,425,10,12,.,0
TWN,10,1923,1923,6,1,26,O,10302,9,12,.,0
TWN,10,1923,1923,6,1,26,O,406,10,12,.,0
TWN,10,1923,1923,7,1,26,O,10881,9,12,.,0
TWN,10,1923,1923,7,1,26,O,461,10,12,.,0
TWN,10,1923,1923,8,1,26,O,11948,9,12,.,0
TWN,10,1923,1923,8,1,26,O,540,10,12,.,0
TWN,10,1923,1923,9,1,26,O,12990,9,12,.,0
TWN,10,1923,1923,9,1,26,O,613,10,12,.,0
TWN,10,1923,1923,10,1,26,O,14750,9,12,.,0
TWN,10,1923,1923,10,1,26,O,656,10,12,.,0
TWN,10,1923,1923,11,1,26,O,14539,9,12,.,0
TWN,10,1923,1923,11,1,26,O,586,10,12,.,0
TWN,10,1923,1923,12,1,26,O,14413,9,12,.,0
TWN,10,1923,1923,12,1,26,O,347,10,12,.,0
TWN,10,1923,1923,TOT,1,26,O,146984,9,12,.,0
TWN,10,1923,1923,TOT,1,26,O,6365,10,12,.,0
TWN,10,1924,1924,1,1,26,O,16757,9,12,.,0
TWN,10,1924,1924,1,1,26,O,938,10,12,.,0
TWN,10,1924,1924,2,1,26,O,13873,9,12,.,0
TWN,10,1924,1924,2,1,26,O,562,10,12,.,0
TWN,10,1924,1924,3,1,26,O,12979,9,12,.,0
TWN,10,1924,1924,3,1,26,O,651,10,12,.,0
TWN,10,1924,1924,4,1,26,O,11541,9,12,.,0
TWN,10,1924,1924,4,1,26,O,404,10,12,.,0
TWN,10,1924,1924,5,1,26,O,10813,9,12,.,0
TWN,10,1924,1924,5,1,26,O,476,10,12,.,0
TWN,10,1924,1924,6,1,26,O,11502,9,12,.,0
TWN,10,1924,1924,6,1,26,O,461,10,12,.,0
TWN,10,1924,1924,7,1,26,O,12252,9,12,.,0
TWN,10,1924,1924,7,1,26,O,474,10,12,.,0
TWN,10,1924,1924,8,1,26,O,13575,9,12,.,0
TWN,10,1924,1924,8,1,26,O,576,10,12,.,0
TWN,10,1924,1924,9,1,26,O,13580,9,12,.,0
TWN,10,1924,1924,9,1,26,O,556,10,12,.,0
TWN,10,1924,1924,10,1,26,O,14684,9,12,.,0
TWN,10,1924,1924,10,1,26,O,641,10,12,.,0
TWN,10,1924,1924,11,1,26,O,14294,9,12,.,0
TWN,10,1924,1924,11,1,26,O,500,10,12,.,0
TWN,10,1924,1924,12,1,26,O,12838,9,12,.,0
TWN,10,1924,1924,12,1,26,O,381,10,12,.,0
TWN,10,1924,1924,TOT,1,26,O,158688,9,12,.,0
TWN,10,1924,1924,TOT,1,26,O,6620,10,12,.,0
TWN,10,1925,1925,1,1,26,O,15495,9,12,.,0
TWN,10,1925,1925,1,1,26,O,918,10,12,.,0
TWN,10,1925,1925,2,1,26,O,13052,9,12,.,0
TWN,10,1925,1925,2,1,26,O,523,10,12,.,0
TWN,10,1925,1925,3,1,26,O,12417,9,12,.,0
TWN,10,1925,1925,3,1,26,O,595,10,12,.,0
TWN,10,1925,1925,4,1,26,O,11022,9,12,.,0
TWN,10,1925,1925,4,1,26,O,364,10,12,.,0
TWN,10,1925,1925,5,1,26,O,10635,9,12,.,0
TWN,10,1925,1925,5,1,26,O,416,10,12,.,0
TWN,10,1925,1925,6,1,26,O,11061,9,12,.,0
TWN,10,1925,1925,6,1,26,O,391,10,12,.,0
TWN,10,1925,1925,7,1,26,O,11556,9,12,.,0
TWN,10,1925,1925,7,1,26,O,475,10,12,.,0
TWN,10,1925,1925,8,1,26,O,13483,9,12,.,0
TWN,10,1925,1925,8,1,26,O,585,10,12,.,0
TWN,10,1925,1925,9,1,26,O,16884,9,12,.,0
TWN,10,1925,1925,9,1,26,O,626,10,12,.,0
TWN,10,1925,1925,10,1,26,O,14915,9,12,.,0
TWN,10,1925,1925,10,1,26,O,647,10,12,.,0
TWN,10,1925,1925,11,1,26,O,14697,9,12,.,0
TWN,10,1925,1925,11,1,26,O,554,10,12,.,0
TWN,10,1925,1925,12,1,26,O,14206,9,12,.,0
TWN,10,1925,1925,12,1,26,O,463,10,12,.,0
TWN,10,1925,1925,TOT,1,26,O,159423,9,12,.,0
TWN,10,1925,1925,TOT,1,26,O,6557,10,12,.,0
TWN,10,1926,1926,1,1,26,O,16759,9,12,.,0
TWN,10,1926,1926,1,1,26,O,737,10,12,.,0
TWN,10,1926,1926,2,1,26,O,13487,9,12,.,0
TWN,10,1926,1926,2,1,26,O,530,10,12,.,0
TWN,10,1926,1926,3,1,26,O,13578,9,12,.,0
TWN,10,1926,1926,3,1,26,O,590,10,12,.,0
TWN,10,1926,1926,4,1,26,O,10894,9,12,.,0
TWN,10,1926,1926,4,1,26,O,383,10,12,.,0
TWN,10,1926,1926,5,1,26,O,12181,9,12,.,0
TWN,10,1926,1926,5,1,26,O,477,10,12,.,0
TWN,10,1926,1926,6,1,26,O,12238,9,12,.,0
TWN,10,1926,1926,6,1,26,O,393,10,12,.,0
TWN,10,1926,1926,7,1,26,O,12992,9,12,.,0
TWN,10,1926,1926,7,1,26,O,470,10,12,.,0
TWN,10,1926,1926,8,1,26,O,14987,9,12,.,0
TWN,10,1926,1926,8,1,26,O,570,10,12,.,0
TWN,10,1926,1926,9,1,26,O,16770,9,12,.,0
TWN,10,1926,1926,9,1,26,O,607,10,12,.,0
TWN,10,1926,1926,10,1,26,O,16633,9,12,.,0
TWN,10,1926,1926,10,1,26,O,663,10,12,.,0
TWN,10,1926,1926,11,1,26,O,17982,9,12,.,0
TWN,10,1926,1926,11,1,26,O,566,10,12,.,0
TWN,10,1926,1926,12,1,26,O,17301,9,12,.,0
TWN,10,1926,1926,12,1,26,O,408,10,12,.,0
TWN,10,1926,1926,TOT,1,26,O,175802,9,12,.,0
TWN,10,1926,1926,TOT,1,26,O,6394,10,12,.,0
TWN,10,1927,1927,1,1,26,O,17783,9,12,.,0
TWN,10,1927,1927,1,1,26,O,833,10,12,.,0
TWN,10,1927,1927,2,1,26,O,14680,9,12,.,0
TWN,10,1927,1927,2,1,26,O,507,10,12,.,0
TWN,10,1927,1927,3,1,26,O,15212,9,12,.,0
TWN,10,1927,1927,3,1,26,O,632,10,12,.,0
TWN,10,1927,1927,4,1,26,O,11680,9,12,.,0
TWN,10,1927,1927,4,1,26,O,415,10,12,.,0
TWN,10,1927,1927,5,1,26,O,11912,9,12,.,0
TWN,10,1927,1927,5,1,26,O,387,10,12,.,0
TWN,10,1927,1927,6,1,26,O,11565,9,12,.,0
TWN,10,1927,1927,6,1,26,O,414,10,12,.,0
TWN,10,1927,1927,7,1,26,O,12236,9,12,.,0
TWN,10,1927,1927,7,1,26,O,462,10,12,.,0
TWN,10,1927,1927,8,1,26,O,14927,9,12,.,0
TWN,10,1927,1927,8,1,26,O,562,10,12,.,0
TWN,10,1927,1927,9,1,26,O,16591,9,12,.,0
TWN,10,1927,1927,9,1,26,O,599,10,12,.,0
TWN,10,1927,1927,10,1,26,O,17509,9,12,.,0
TWN,10,1927,1927,10,1,26,O,622,10,12,.,0
TWN,10,1927,1927,11,1,26,O,17384,9,12,.,0
TWN,10,1927,1927,11,1,26,O,628,10,12,.,0
TWN,10,1927,1927,12,1,26,O,15943,9,12,.,0
TWN,10,1927,1927,12,1,26,O,412,10,12,.,0
TWN,10,1927,1927,TOT,1,26,O,177422,9,12,.,0
TWN,10,1927,1927,TOT,1,26,O,6473,10,12,.,0
TWN,10,1928,1928,1,1,26,O,18771,9,12,.,0
TWN,10,1928,1928,1,1,26,O,898,10,12,.,0
TWN,10,1928,1928,2,1,26,O,15585,9,12,.,0
TWN,10,1928,1928,2,1,26,O,596,10,12,.,0
TWN,10,1928,1928,3,1,26,O,14459,9,12,.,0
TWN,10,1928,1928,3,1,26,O,595,10,12,.,0
TWN,10,1928,1928,4,1,26,O,11667,9,12,.,0
TWN,10,1928,1928,4,1,26,O,349,10,12,.,0
TWN,10,1928,1928,5,1,26,O,12711,9,12,.,0
TWN,10,1928,1928,5,1,26,O,448,10,12,.,0
TWN,10,1928,1928,6,1,26,O,12041,9,12,.,0
TWN,10,1928,1928,6,1,26,O,417,10,12,.,0
TWN,10,1928,1928,7,1,26,O,13147,9,12,.,0
TWN,10,1928,1928,7,1,26,O,492,10,12,.,0
TWN,10,1928,1928,8,1,26,O,15735,9,12,.,0
TWN,10,1928,1928,8,1,26,O,594,10,12,.,0
TWN,10,1928,1928,9,1,26,O,17689,9,12,.,0
TWN,10,1928,1928,9,1,26,O,652,10,12,.,0
TWN,10,1928,1928,10,1,26,O,19107,9,12,.,0
TWN,10,1928,1928,10,1,26,O,616,10,12,.,0
TWN,10,1928,1928,11,1,26,O,16568,9,12,.,0
TWN,10,1928,1928,11,1,26,O,627,10,12,.,0
TWN,10,1928,1928,12,1,26,O,16219,9,12,.,0
TWN,10,1928,1928,12,1,26,O,447,10,12,.,0
TWN,10,1928,1928,TOT,1,26,O,183699,9,12,.,0
TWN,10,1928,1928,TOT,1,26,O,6731,10,12,.,0
TWN,10,1929,1929,1,1,26,O,18995,9,12,.,0
TWN,10,1929,1929,1,1,26,O,860,10,12,.,0
TWN,10,1929,1929,2,1,26,O,15377,9,12,.,0
TWN,10,1929,1929,2,1,26,O,550,10,12,.,0
TWN,10,1929,1929,3,1,26,O,15872,9,12,.,0
TWN,10,1929,1929,3,1,26,O,593,10,12,.,0
TWN,10,1929,1929,4,1,26,O,12010,9,12,.,0
TWN,10,1929,1929,4,1,26,O,395,10,12,.,0
TWN,10,1929,1929,5,1,26,O,12355,9,12,.,0
TWN,10,1929,1929,5,1,26,O,379,10,12,.,0
TWN,10,1929,1929,6,1,26,O,13632,9,12,.,0
TWN,10,1929,1929,6,1,26,O,374,10,12,.,0
TWN,10,1929,1929,7,1,26,O,14460,9,12,.,0
TWN,10,1929,1929,7,1,26,O,464,10,12,.,0
TWN,10,1929,1929,8,1,26,O,16476,9,12,.,0
TWN,10,1929,1929,8,1,26,O,564,10,12,.,0
TWN,10,1929,1929,9,1,26,O,17596,9,12,.,0
TWN,10,1929,1929,9,1,26,O,576,10,12,.,0
TWN,10,1929,1929,10,1,26,O,17093,9,12,.,0
TWN,10,1929,1929,10,1,26,O,646,10,12,.,0
TWN,10,1929,1929,11,1,26,O,18526,9,12,.,0
TWN,10,1929,1929,11,1,26,O,572,10,12,.,0
TWN,10,1929,1929,12,1,26,O,17639,9,12,.,0
TWN,10,1929,1929,12,1,26,O,522,10,12,.,0
TWN,10,1929,1929,TOT,1,26,O,190031,9,12,.,0
TWN,10,1929,1929,TOT,1,26,O,6495,10,12,.,0
TWN,10,1930,1930,1,1,26,O,19324,9,12,.,0
TWN,10,1930,1930,1,1,26,O,932,10,12,.,0
TWN,10,1930,1930,2,1,26,O,16607,9,12,.,0
TWN,10,1930,1930,2,1,26,O,622,10,12,.,0
TWN,10,1930,1930,3,1,26,O,17266,9,12,.,0
TWN,10,1930,1930,3,1,26,O,590,10,12,.,0
TWN,10,1930,1930,4,1,26,O,13301,9,12,.,0
TWN,10,1930,1930,4,1,26,O,414,10,12,.,0
TWN,10,1930,1930,5,1,26,O,12973,9,12,.,0
TWN,10,1930,1930,5,1,26,O,426,10,12,.,0
TWN,10,1930,1930,6,1,26,O,12837,9,12,.,0
TWN,10,1930,1930,6,1,26,O,425,10,12,.,0
TWN,10,1930,1930,7,1,26,O,15155,9,12,.,0
TWN,10,1930,1930,7,1,26,O,540,10,12,.,0
TWN,10,1930,1930,8,1,26,O,17816,9,12,.,0
TWN,10,1930,1930,8,1,26,O,576,10,12,.,0
TWN,10,1930,1930,9,1,26,O,21073,9,12,.,0
TWN,10,1930,1930,9,1,26,O,668,10,12,.,0
TWN,10,1930,1930,10,1,26,O,17403,9,12,.,0
TWN,10,1930,1930,10,1,26,O,668,10,12,.,0
TWN,10,1930,1930,11,1,26,O,17398,9,12,.,0
TWN,10,1930,1930,11,1,26,O,637,10,12,.,0
TWN,10,1930,1930,12,1,26,O,17033,9,12,.,0
TWN,10,1930,1930,12,1,26,O,429,10,12,.,0
TWN,10,1930,1930,TOT,1,26,O,198186,9,12,.,0
TWN,10,1930,1930,TOT,1,26,O,6927,10,12,.,0
TWN,10,1931,1931,1,1,26,O,20660,9,12,.,0
TWN,10,1931,1931,1,1,26,O,1061,10,12,.,0
TWN,10,1931,1931,2,1,26,O,16046,9,12,.,0
TWN,10,1931,1931,2,1,26,O,619,10,12,.,0
TWN,10,1931,1931,3,1,26,O,16330,9,12,.,0
TWN,10,1931,1931,3,1,26,O,675,10,12,.,0
TWN,10,1931,1931,4,1,26,O,14149,9,12,.,0
TWN,10,1931,1931,4,1,26,O,416,10,12,.,0
TWN,10,1931,1931,5,1,26,O,13974,9,12,.,0
TWN,10,1931,1931,5,1,26,O,441,10,12,.,0
TWN,10,1931,1931,6,1,26,O,14396,9,12,.,0
TWN,10,1931,1931,6,1,26,O,444,10,12,.,0
TWN,10,1931,1931,7,1,26,O,16254,9,12,.,0
TWN,10,1931,1931,7,1,26,O,536,10,12,.,0
TWN,10,1931,1931,8,1,26,O,17668,9,12,.,0
TWN,10,1931,1931,8,1,26,O,529,10,12,.,0
TWN,10,1931,1931,9,1,26,O,19739,9,12,.,0
TWN,10,1931,1931,9,1,26,O,724,10,12,.,0
TWN,10,1931,1931,10,1,26,O,20153,9,12,.,0
TWN,10,1931,1931,10,1,26,O,723,10,12,.,0
TWN,10,1931,1931,11,1,26,O,20028,9,12,.,0
TWN,10,1931,1931,11,1,26,O,688,10,12,.,0
TWN,10,1931,1931,12,1,26,O,18740,9,12,.,0
TWN,10,1931,1931,12,1,26,O,473,10,12,.,0
TWN,10,1931,1931,TOT,1,26,O,208137,9,12,.,0
TWN,10,1931,1931,TOT,1,26,O,7329,10,12,.,0
TWN,10,1932,1932,1,1,26,O,20851,9,12,.,0
TWN,10,1932,1932,1,1,26,O,985,10,12,.,0
TWN,10,1932,1932,2,1,26,O,17214,9,12,.,0
TWN,10,1932,1932,2,1,26,O,631,10,12,.,0
TWN,10,1932,1932,3,1,26,O,16294,9,12,.,0
TWN,10,1932,1932,3,1,26,O,646,10,12,.,0
TWN,10,1932,1932,4,1,26,O,13607,9,12,.,0
TWN,10,1932,1932,4,1,26,O,497,10,12,.,0
TWN,10,1932,1932,5,1,26,O,14100,9,12,.,0
TWN,10,1932,1932,5,1,26,O,445,10,12,.,0
TWN,10,1932,1932,6,1,26,O,14678,9,12,.,0
TWN,10,1932,1932,6,1,26,O,453,10,12,.,0
TWN,10,1932,1932,7,1,26,O,15282,9,12,.,0
TWN,10,1932,1932,7,1,26,O,548,10,12,.,0
TWN,10,1932,1932,8,1,26,O,18055,9,12,.,0
TWN,10,1932,1932,8,1,26,O,678,10,12,.,0
TWN,10,1932,1932,9,1,26,O,17896,9,12,.,0
TWN,10,1932,1932,9,1,26,O,765,10,12,.,0
TWN,10,1932,1932,10,1,26,O,19407,9,12,.,0
TWN,10,1932,1932,10,1,26,O,845,10,12,.,0
TWN,10,1932,1932,11,1,26,O,19761,9,12,.,0
TWN,10,1932,1932,11,1,26,O,788,10,12,.,0
TWN,10,1932,1932,12,1,26,O,17768,9,12,.,0
TWN,10,1932,1932,12,1,26,O,497,10,12,.,0
TWN,10,1932,1932,TOT,1,26,O,204913,9,12,.,0
TWN,10,1932,1932,TOT,1,26,O,7778,10,12,.,0
TWN,10,1933,1933,1,1,26,O,20271,9,12,.,0
TWN,10,1933,1933,1,1,26,O,1141,10,12,.,0
TWN,10,1933,1933,2,1,26,O,17039,9,12,.,0
TWN,10,1933,1933,2,1,26,O,703,10,12,.,0
TWN,10,1933,1933,3,1,26,O,16066,9,12,.,0
TWN,10,1933,1933,3,1,26,O,670,10,12,.,0
TWN,10,1933,1933,4,1,26,O,14123,9,12,.,0
TWN,10,1933,1933,4,1,26,O,460,10,12,.,0
TWN,10,1933,1933,5,1,26,O,15323,9,12,.,0
TWN,10,1933,1933,5,1,26,O,445,10,12,.,0
TWN,10,1933,1933,6,1,26,O,15043,9,12,.,0
TWN,10,1933,1933,6,1,26,O,506,10,12,.,0
TWN,10,1933,1933,7,1,26,O,16191,9,12,.,0
TWN,10,1933,1933,7,1,26,O,583,10,12,.,0
TWN,10,1933,1933,8,1,26,O,18031,9,12,.,0
TWN,10,1933,1933,8,1,26,O,660,10,12,.,0
TWN,10,1933,1933,9,1,26,O,19953,9,12,.,0
TWN,10,1933,1933,9,1,26,O,679,10,12,.,0
TWN,10,1933,1933,10,1,26,O,20503,9,12,.,0
TWN,10,1933,1933,10,1,26,O,761,10,12,.,0
TWN,10,1933,1933,11,1,26,O,19990,9,12,.,0
TWN,10,1933,1933,11,1,26,O,776,10,12,.,0
TWN,10,1933,1933,12,1,26,O,19204,9,12,.,0
TWN,10,1933,1933,12,1,26,O,595,10,12,.,0
TWN,10,1933,1933,TOT,1,26,O,211737,9,12,.,0
TWN,10,1933,1933,TOT,1,26,O,7979,10,12,.,0
TWN,10,1934,1934,1,1,26,O,21734,9,12,.,0
TWN,10,1934,1934,1,1,26,O,989,10,12,.,0
TWN,10,1934,1934,2,1,26,O,17583,9,12,.,0
TWN,10,1934,1934,2,1,26,O,674,10,12,.,0
TWN,10,1934,1934,3,1,26,O,18000,9,12,.,0
TWN,10,1934,1934,3,1,26,O,640,10,12,.,0
TWN,10,1934,1934,4,1,26,O,14237,9,12,.,0
TWN,10,1934,1934,4,1,26,O,415,10,12,.,0
TWN,10,1934,1934,5,1,26,O,14611,9,12,.,0
TWN,10,1934,1934,5,1,26,O,429,10,12,.,0
TWN,10,1934,1934,6,1,26,O,15225,9,12,.,0
TWN,10,1934,1934,6,1,26,O,475,10,12,.,0
TWN,10,1934,1934,7,1,26,O,15658,9,12,.,0
TWN,10,1934,1934,7,1,26,O,539,10,12,.,0
TWN,10,1934,1934,8,1,26,O,18535,9,12,.,0
TWN,10,1934,1934,8,1,26,O,614,10,12,.,0
TWN,10,1934,1934,9,1,26,O,20651,9,12,.,0
TWN,10,1934,1934,9,1,26,O,775,10,12,.,0
TWN,10,1934,1934,10,1,26,O,21033,9,12,.,0
TWN,10,1934,1934,10,1,26,O,825,10,12,.,0
TWN,10,1934,1934,11,1,26,O,21796,9,12,.,0
TWN,10,1934,1934,11,1,26,O,767,10,12,.,0
TWN,10,1934,1934,12,1,26,O,20126,9,12,.,0
TWN,10,1934,1934,12,1,26,O,576,10,12,.,0
TWN,10,1934,1934,TOT,1,26,O,219189,9,12,.,0
TWN,10,1934,1934,TOT,1,26,O,7718,10,12,.,0
TWN,10,1935,1935,1,1,26,O,22912,9,12,.,0
TWN,10,1935,1935,1,1,26,O,1004,10,12,.,0
TWN,10,1935,1935,2,1,26,O,18489,9,12,.,0
TWN,10,1935,1935,2,1,26,O,748,10,12,.,0
TWN,10,1935,1935,3,1,26,O,19263,9,12,.,0
TWN,10,1935,1935,3,1,26,O,701,10,12,.,0
TWN,10,1935,1935,4,1,26,O,14913,9,12,.,0
TWN,10,1935,1935,4,1,26,O,473,10,12,.,0
TWN,10,1935,1935,5,1,26,O,15763,9,12,.,0
TWN,10,1935,1935,5,1,26,O,416,10,12,.,0
TWN,10,1935,1935,6,1,26,O,15733,9,12,.,0
TWN,10,1935,1935,6,1,26,O,459,10,12,.,0
TWN,10,1935,1935,7,1,26,O,16501,9,12,.,0
TWN,10,1935,1935,7,1,26,O,567,10,12,.,0
TWN,10,1935,1935,8,1,26,O,19882,9,12,.,0
TWN,10,1935,1935,8,1,26,O,692,10,12,.,0
TWN,10,1935,1935,9,1,26,O,22640,9,12,.,0
TWN,10,1935,1935,9,1,26,O,755,10,12,.,0
TWN,10,1935,1935,10,1,26,O,19070,9,12,.,0
TWN,10,1935,1935,10,1,26,O,817,10,12,.,0
TWN,10,1935,1935,11,1,26,O,21561,9,12,.,0
TWN,10,1935,1935,11,1,26,O,809,10,12,.,0
TWN,10,1935,1935,12,1,26,O,19253,9,12,.,0
TWN,10,1935,1935,12,1,26,O,558,10,12,.,0
TWN,10,1935,1935,TOT,1,26,O,225980,9,12,.,0
TWN,10,1935,1935,TOT,1,26,O,7999,10,12,.,0
TWN,10,1936,1936,1,1,26,O,22063,9,12,.,0
TWN,10,1936,1936,1,1,26,O,995,10,12,.,0
TWN,10,1936,1936,2,1,26,O,18126,9,12,.,0
TWN,10,1936,1936,2,1,26,O,691,10,12,.,0
TWN,10,1936,1936,3,1,26,O,17637,9,12,.,0
TWN,10,1936,1936,3,1,26,O,672,10,12,.,0
TWN,10,1936,1936,4,1,26,O,14578,9,12,.,0
TWN,10,1936,1936,4,1,26,O,468,10,12,.,0
TWN,10,1936,1936,5,1,26,O,15950,9,12,.,0
TWN,10,1936,1936,5,1,26,O,434,10,12,.,0
TWN,10,1936,1936,6,1,26,O,16091,9,12,.,0
TWN,10,1936,1936,6,1,26,O,477,10,12,.,0
TWN,10,1936,1936,7,1,26,O,16540,9,12,.,0
TWN,10,1936,1936,7,1,26,O,610,10,12,.,0
TWN,10,1936,1936,8,1,26,O,18949,9,12,.,0
TWN,10,1936,1936,8,1,26,O,647,10,12,.,0
TWN,10,1936,1936,9,1,26,O,20768,9,12,.,0
TWN,10,1936,1936,9,1,26,O,780,10,12,.,0
TWN,10,1936,1936,10,1,26,O,22858,9,12,.,0
TWN,10,1936,1936,10,1,26,O,763,10,12,.,0
TWN,10,1936,1936,11,1,26,O,21427,9,12,.,0
TWN,10,1936,1936,11,1,26,O,796,10,12,.,0
TWN,10,1936,1936,12,1,26,O,18974,9,12,.,0
TWN,10,1936,1936,12,1,26,O,585,10,12,.,0
TWN,10,1936,1936,TOT,1,26,O,223961,9,12,.,0
TWN,10,1936,1936,TOT,1,26,O,7918,10,12,.,0
TWN,10,1937,1937,1,1,26,O,23490,9,12,.,0
TWN,10,1937,1937,1,1,26,O,1034,10,12,.,0
TWN,10,1937,1937,2,1,26,O,19647,9,12,.,0
TWN,10,1937,1937,2,1,26,O,713,10,12,.,0
TWN,10,1937,1937,3,1,26,O,18636,9,12,.,0
TWN,10,1937,1937,3,1,26,O,684,10,12,.,0
TWN,10,1937,1937,4,1,26,O,16256,9,12,.,0
TWN,10,1937,1937,4,1,26,O,534,10,12,.,0
TWN,10,1937,1937,5,1,26,O,17425,9,12,.,0
TWN,10,1937,1937,5,1,26,O,493,10,12,.,0
TWN,10,1937,1937,6,1,26,O,17651,9,12,.,0
TWN,10,1937,1937,6,1,26,O,520,10,12,.,0
TWN,10,1937,1937,7,1,26,O,18883,9,12,.,0
TWN,10,1937,1937,7,1,26,O,623,10,12,.,0
TWN,10,1937,1937,8,1,26,O,20526,9,12,.,0
TWN,10,1937,1937,8,1,26,O,764,10,12,.,0
TWN,10,1937,1937,9,1,26,O,21036,9,12,.,0
TWN,10,1937,1937,9,1,26,O,857,10,12,.,0
TWN,10,1937,1937,10,1,26,O,21508,9,12,.,0
TWN,10,1937,1937,10,1,26,O,840,10,12,.,0
TWN,10,1937,1937,11,1,26,O,22690,9,12,.,0
TWN,10,1937,1937,11,1,26,O,881,10,12,.,0
TWN,10,1937,1937,12,1,26,O,19342,9,12,.,0
TWN,10,1937,1937,12,1,26,O,595,10,12,.,0
TWN,10,1937,1937,TOT,1,26,O,237090,9,12,.,0
TWN,10,1937,1937,TOT,1,26,O,8538,10,12,.,0
TWN,10,1938,1938,1,1,26,O,24500,9,12,.,0
TWN,10,1938,1938,1,1,26,O,1107,10,12,.,0
TWN,10,1938,1938,2,1,26,O,19020,9,12,.,0
TWN,10,1938,1938,2,1,26,O,741,10,12,.,0
TWN,10,1938,1938,3,1,26,O,19381,9,12,.,0
TWN,10,1938,1938,3,1,26,O,693,10,12,.,0
TWN,10,1938,1938,4,1,26,O,16099,9,12,.,0
TWN,10,1938,1938,4,1,26,O,453,10,12,.,0
TWN,10,1938,1938,5,1,26,O,17232,9,12,.,0
TWN,10,1938,1938,5,1,26,O,446,10,12,.,0
TWN,10,1938,1938,6,1,26,O,16798,9,12,.,0
TWN,10,1938,1938,6,1,26,O,438,10,12,.,0
TWN,10,1938,1938,7,1,26,O,17070,9,12,.,0
TWN,10,1938,1938,7,1,26,O,514,10,12,.,0
TWN,10,1938,1938,8,1,26,O,19848,9,12,.,0
TWN,10,1938,1938,8,1,26,O,602,10,12,.,0
TWN,10,1938,1938,9,1,26,O,20601,9,12,.,0
TWN,10,1938,1938,9,1,26,O,712,10,12,.,0
TWN,10,1938,1938,10,1,26,O,22835,9,12,.,0
TWN,10,1938,1938,10,1,26,O,802,10,12,.,0
TWN,10,1938,1938,11,1,26,O,22657,9,12,.,0
TWN,10,1938,1938,11,1,26,O,742,10,12,.,0
TWN,10,1938,1938,12,1,26,O,19780,9,12,.,0
TWN,10,1938,1938,12,1,26,O,483,10,12,.,0
TWN,10,1938,1938,TOT,1,26,O,235821,9,12,.,0
TWN,10,1938,1938,TOT,1,26,O,7733,10,12,.,0
TWN,10,1939,1939,1,1,26,O,25751,9,12,.,0
TWN,10,1939,1939,1,1,26,O,1087,10,12,.,0
TWN,10,1939,1939,2,1,26,O,19954,9,12,.,0
TWN,10,1939,1939,2,1,26,O,715,10,12,.,0
TWN,10,1939,1939,3,1,26,O,19931,9,12,.,0
TWN,10,1939,1939,3,1,26,O,619,10,12,.,0
TWN,10,1939,1939,4,1,26,O,19198,9,12,.,0
TWN,10,1939,1939,4,1,26,O,495,10,12,.,0
TWN,10,1939,1939,5,1,26,O,17829,9,12,.,0
TWN,10,1939,1939,5,1,26,O,497,10,12,.,0
TWN,10,1939,1939,6,1,26,O,16392,9,12,.,0
TWN,10,1939,1939,6,1,26,O,472,10,12,.,0
TWN,10,1939,1939,7,1,26,O,17169,9,12,.,0
TWN,10,1939,1939,7,1,26,O,519,10,12,.,0
TWN,10,1939,1939,8,1,26,O,20086,9,12,.,0
TWN,10,1939,1939,8,1,26,O,605,10,12,.,0
TWN,10,1939,1939,9,1,26,O,21812,9,12,.,0
TWN,10,1939,1939,9,1,26,O,737,10,12,.,0
TWN,10,1939,1939,10,1,26,O,22610,9,12,.,0
TWN,10,1939,1939,10,1,26,O,822,10,12,.,0
TWN,10,1939,1939,11,1,26,O,23419,9,12,.,0
TWN,10,1939,1939,11,1,26,O,841,10,12,.,0
TWN,10,1939,1939,12,1,26,O,20556,9,12,.,0
TWN,10,1939,1939,12,1,26,O,567,10,12,.,0
TWN,10,1939,1939,TOT,1,26,O,244707,9,12,.,0
TWN,10,1939,1939,TOT,1,26,O,7976,10,12,.,0
TWN,10,1940,1940,1,1,26,O,25321,9,12,.,0
TWN,10,1940,1940,1,1,26,O,1158,10,12,.,0
TWN,10,1940,1940,2,1,26,O,22708,9,12,.,0
TWN,10,1940,1940,2,1,26,O,749,10,12,.,0
TWN,10,1940,1940,3,1,26,O,21271,9,12,.,0
TWN,10,1940,1940,3,1,26,O,753,10,12,.,0
TWN,10,1940,1940,4,1,26,O,18174,9,12,.,0
TWN,10,1940,1940,4,1,26,O,571,10,12,.,0
TWN,10,1940,1940,5,1,26,O,17223,9,12,.,0
TWN,10,1940,1940,5,1,26,O,545,10,12,.,0
TWN,10,1940,1940,6,1,26,O,16986,9,12,.,0
TWN,10,1940,1940,6,1,26,O,505,10,12,.,0
TWN,10,1940,1940,7,1,26,O,16971,9,12,.,0
TWN,10,1940,1940,7,1,26,O,651,10,12,.,0
TWN,10,1940,1940,8,1,26,O,19060,9,12,.,0
TWN,10,1940,1940,8,1,26,O,718,10,12,.,0
TWN,10,1940,1940,9,1,26,O,22339,9,12,.,0
TWN,10,1940,1940,9,1,26,O,908,10,12,.,0
TWN,10,1940,1940,10,1,26,O,22553,9,12,.,0
TWN,10,1940,1940,10,1,26,O,1035,10,12,.,0
TWN,10,1940,1940,11,1,26,O,24056,9,12,.,0
TWN,10,1940,1940,11,1,26,O,1009,10,12,.,0
TWN,10,1940,1940,12,1,26,O,20029,9,12,.,0
TWN,10,1940,1940,12,1,26,O,792,10,12,.,0
TWN,10,1940,1940,TOT,1,26,O,246691,9,12,.,0
TWN,10,1940,1940,TOT,1,26,O,9394,10,12,.,0
TWN,10,1941,1941,1,1,26,O,25989,9,12,.,0
TWN,10,1941,1941,1,1,26,O,1488,10,12,.,0
TWN,10,1941,1941,2,1,26,O,21852,9,12,.,0
TWN,10,1941,1941,2,1,26,O,1026,10,12,.,0
TWN,10,1941,1941,3,1,26,O,20616,9,12,.,0
TWN,10,1941,1941,3,1,26,O,919,10,12,.,0
TWN,10,1941,1941,4,1,26,O,18319,9,12,.,0
TWN,10,1941,1941,4,1,26,O,696,10,12,.,0
TWN,10,1941,1941,5,1,26,O,17306,9,12,.,0
TWN,10,1941,1941,5,1,26,O,534,10,12,.,0
TWN,10,1941,1941,6,1,26,O,15907,9,12,.,0
TWN,10,1941,1941,6,1,26,O,540,10,12,.,0
TWN,10,1941,1941,7,1,26,O,16048,9,12,.,0
TWN,10,1941,1941,7,1,26,O,602,10,12,.,0
TWN,10,1941,1941,8,1,26,O,18521,9,12,.,0
TWN,10,1941,1941,8,1,26,O,683,10,12,.,0
TWN,10,1941,1941,9,1,26,O,20613,9,12,.,0
TWN,10,1941,1941,9,1,26,O,777,10,12,.,0
TWN,10,1941,1941,10,1,26,O,23694,9,12,.,0
TWN,10,1941,1941,10,1,26,O,896,10,12,.,0
TWN,10,1941,1941,11,1,26,O,23636,9,12,.,0
TWN,10,1941,1941,11,1,26,O,943,10,12,.,0
TWN,10,1941,1941,12,1,26,O,19393,9,12,.,0
TWN,10,1941,1941,12,1,26,O,802,10,12,.,0
TWN,10,1941,1941,TOT,1,26,O,241894,9,12,.,0
TWN,10,1941,1941,TOT,1,26,O,9906,10,12,.,0
TWN,10,1942,1942,1,1,26,O,25079,9,12,.,0
TWN,10,1942,1942,1,1,26,O,1401,10,12,.,0
TWN,10,1942,1942,2,1,26,O,19203,9,12,.,0
TWN,10,1942,1942,2,1,26,O,920,10,12,.,0
TWN,10,1942,1942,3,1,26,O,19521,9,12,.,0
TWN,10,1942,1942,3,1,26,O,908,10,12,.,0
TWN,10,1942,1942,4,1,26,O,16518,9,12,.,0
TWN,10,1942,1942,4,1,26,O,746,10,12,.,0
TWN,10,1942,1942,5,1,26,O,16810,9,12,.,0
TWN,10,1942,1942,5,1,26,O,695,10,12,.,0
TWN,10,1942,1942,6,1,26,O,17744,9,12,.,0
TWN,10,1942,1942,6,1,26,O,665,10,12,.,0
TWN,10,1942,1942,7,1,26,O,19560,9,12,.,0
TWN,10,1942,1942,7,1,26,O,846,10,12,.,0
TWN,10,1942,1942,8,1,26,O,21043,9,12,.,0
TWN,10,1942,1942,8,1,26,O,1050,10,12,.,0
TWN,10,1942,1942,9,1,26,O,20916,9,12,.,0
TWN,10,1942,1942,9,1,26,O,1028,10,12,.,0
TWN,10,1942,1942,10,1,26,O,21744,9,12,.,0
TWN,10,1942,1942,10,1,26,O,962,10,12,.,0
TWN,10,1942,1942,11,1,26,O,23996,9,12,.,0
TWN,10,1942,1942,11,1,26,O,978,10,12,.,0
TWN,10,1942,1942,12,1,26,O,20662,9,12,.,0
TWN,10,1942,1942,12,1,26,O,791,10,12,.,0
TWN,10,1942,1942,TOT,1,26,O,242796,9,12,.,0
TWN,10,1942,1942,TOT,1,26,O,10990,10,12,.,0
TWN,10,1943,1943,1,1,26,O,25176,9,12,.,0
TWN,10,1943,1943,1,1,26,O,1340,10,12,.,0
TWN,10,1943,1943,2,1,26,O,19933,9,12,.,0
TWN,10,1943,1943,2,1,26,O,946,10,12,.,0
TWN,10,1943,1943,3,1,26,O,20075,9,12,.,0
TWN,10,1943,1943,3,1,26,O,878,10,12,.,0
TWN,10,1943,1943,4,1,26,O,17582,9,12,.,0
TWN,10,1943,1943,4,1,26,O,745,10,12,.,0
TWN,10,1943,1943,5,1,26,O,16822,9,12,.,0
TWN,10,1943,1943,5,1,26,O,602,10,12,.,0
TWN,10,1943,1943,6,1,26,O,17049,9,12,.,0
TWN,10,1943,1943,6,1,26,O,596,10,12,.,0
TWN,10,1943,1943,7,1,26,O,18368,9,12,.,0
TWN,10,1943,1943,7,1,26,O,799,10,12,.,0
TWN,10,1943,1943,8,1,26,O,20651,9,12,.,0
TWN,10,1943,1943,8,1,26,O,967,10,12,.,0
TWN,10,1943,1943,9,1,26,O,21068,9,12,.,0
TWN,10,1943,1943,9,1,26,O,1212,10,12,.,0
TWN,10,1943,1943,10,1,26,O,24637,9,12,.,0
TWN,10,1943,1943,10,1,26,O,1240,10,12,.,0
TWN,10,1943,1943,11,1,26,O,24495,9,12,.,0
TWN,10,1943,1943,11,1,26,O,1235,10,12,.,0
TWN,10,1943,1943,12,1,26,O,21571,9,12,.,0
TWN,10,1943,1943,12,1,26,O,911,10,12,.,0
TWN,10,1943,1943,TOT,1,26,O,247427,9,12,.,0
TWN,10,1943,1943,TOT,1,26,O,11471,10,12,.,0
TWN,10,1965,1965,1,1,27,O,37365,11,.,.,0
TWN,10,1965,1965,2,1,27,O,32319,11,.,.,0
TWN,10,1965,1965,3,1,27,O,39779,11,.,.,0
TWN,10,1965,1965,4,1,27,O,31911,11,.,.,0
TWN,10,1965,1965,5,1,27,O,31192,11,.,.,0
TWN,10,1965,1965,6,1,27,O,30084,11,.,.,0
TWN,10,1965,1965,7,1,27,O,28076,11,.,.,0
TWN,10,1965,1965,8,1,27,O,30978,11,.,.,0
TWN,10,1965,1965,9,1,27,O,33803,11,.,.,0
TWN,10,1965,1965,10,1,27,O,35730,11,.,.,0
TWN,10,1965,1965,11,1,27,O,37059,11,.,.,0
TWN,10,1965,1965,12,1,27,O,38308,11,.,.,0
TWN,10,1965,1965,TOT,1,27,O,406604,11,.,.,0
TWN,10,1966,1966,1,1,27,O,31637,11,.,.,0
TWN,10,1966,1966,2,1,27,O,36438,11,.,.,0
TWN,10,1966,1966,3,1,27,O,36699,11,.,.,0
TWN,10,1966,1966,4,1,27,O,31146,11,.,.,0
TWN,10,1966,1966,5,1,27,O,30636,11,.,.,0
TWN,10,1966,1966,6,1,27,O,29383,11,.,.,0
TWN,10,1966,1966,7,1,27,O,30557,11,.,.,0
TWN,10,1966,1966,8,1,27,O,33051,11,.,.,0
TWN,10,1966,1966,9,1,27,O,31679,11,.,.,0
TWN,10,1966,1966,10,1,27,O,34569,11,.,.,0
TWN,10,1966,1966,11,1,27,O,37317,11,.,.,0
TWN,10,1966,1966,12,1,27,O,51996,11,.,.,0
TWN,10,1966,1966,TOT,1,27,O,415108,11,.,.,0
TWN,10,1967,1967,1,1,27,O,30502,11,.,.,0
TWN,10,1967,1967,2,1,27,O,26485,11,.,.,0
TWN,10,1967,1967,3,1,27,O,34571,11,.,.,0
TWN,10,1967,1967,4,1,27,O,28676,11,.,.,0
TWN,10,1967,1967,5,1,27,O,29576,11,.,.,0
TWN,10,1967,1967,6,1,27,O,28417,11,.,.,0
TWN,10,1967,1967,7,1,27,O,28397,11,.,.,0
TWN,10,1967,1967,8,1,27,O,32800,11,.,.,0
TWN,10,1967,1967,9,1,27,O,31881,11,.,.,0
TWN,10,1967,1967,10,1,27,O,32358,11,.,.,0
TWN,10,1967,1967,11,1,27,O,34769,11,.,.,0
TWN,10,1967,1967,12,1,27,O,35850,11,.,.,0
TWN,10,1967,1967,TOT,1,27,O,374282,11,.,.,0
TWN,10,1968,1968,1,1,27,O,32213,11,.,.,0
TWN,10,1968,1968,2,1,27,O,36186,11,.,.,0
TWN,10,1968,1968,3,1,27,O,33775,11,.,.,0
TWN,10,1968,1968,4,1,27,O,31087,11,.,.,0
TWN,10,1968,1968,5,1,27,O,30396,11,.,.,0
TWN,10,1968,1968,6,1,27,O,29143,11,.,.,0
TWN,10,1968,1968,7,1,27,O,29889,11,.,.,0
TWN,10,1968,1968,8,1,27,O,32529,11,.,.,0
TWN,10,1968,1968,9,1,27,O,32118,11,.,.,0
TWN,10,1968,1968,10,1,27,O,35163,11,.,.,0
TWN,10,1968,1968,11,1,27,O,35864,11,.,.,0
TWN,10,1968,1968,12,1,27,O,35897,11,.,.,0
TWN,10,1968,1968,TOT,1,27,O,394260,11,.,.,0
TWN,10,1969,1969,1,1,27,O,36322,11,.,.,0
TWN,10,1969,1969,2,1,27,O,27110,11,.,.,0
TWN,10,1969,1969,3,1,27,O,36592,11,.,.,0
TWN,10,1969,1969,4,1,27,O,30868,11,.,.,0
TWN,10,1969,1969,5,1,27,O,29949,11,.,.,0
TWN,10,1969,1969,6,1,27,O,27611,11,.,.,0
TWN,10,1969,1969,7,1,28,O,29838,11,.,.,0
TWN,10,1969,1969,8,1,28,O,31484,11,.,.,0
TWN,10,1969,1969,9,1,28,O,31959,11,.,.,0
TWN,10,1969,1969,10,1,28,O,36583,11,.,.,0
TWN,10,1969,1969,11,1,28,O,34447,11,.,.,0
TWN,10,1969,1969,12,1,28,O,37965,11,.,.,0
TWN,10,1969,1969,TOT,1,28,O,390728,11,.,.,0
TWN,10,1970,1970,1,1,28,O,35796,11,.,.,1
TWN,10,1970,1970,2,1,28,O,29759,11,.,.,1
TWN,10,1970,1970,3,1,28,O,34911,11,.,.,1
TWN,10,1970,1970,4,1,28,O,31010,11,.,.,1
TWN,10,1970,1970,5,1,28,O,28883,11,.,.,1
TWN,10,1970,1970,6,1,28,O,30013,11,.,.,1
TWN,10,1970,1970,7,1,28,O,30090,11,.,.,1
TWN,10,1970,1970,8,1,28,O,31544,11,.,.,1
TWN,10,1970,1970,9,1,28,O,34108,11,.,.,1
TWN,10,1970,1970,10,1,28,O,34751,11,.,.,1
TWN,10,1970,1970,11,1,28,O,35436,11,.,.,1
TWN,10,1970,1970,12,1,28,O,37714,11,.,.,1
TWN,10,1970,1970,TOT,1,28,O,394015,11,.,.,1
TWN,10,1971,1971,1,1,28,O,27231,11,.,.,1
TWN,10,1971,1971,2,1,28,O,35918,11,.,.,1
TWN,10,1971,1971,3,1,28,O,34608,11,.,.,1
TWN,10,1971,1971,4,1,28,O,29701,11,.,.,1
TWN,10,1971,1971,5,1,28,O,28411,11,.,.,1
TWN,10,1971,1971,6,1,28,O,28299,11,.,.,1
TWN,10,1971,1971,7,1,28,O,28463,11,.,.,1
TWN,10,1971,1971,8,1,28,O,32408,11,.,.,1
TWN,10,1971,1971,9,1,28,O,31199,11,.,.,1
TWN,10,1971,1971,10,1,28,O,33641,11,.,.,1
TWN,10,1971,1971,11,1,28,O,34739,11,.,.,1
TWN,10,1971,1971,12,1,28,O,35806,11,.,.,1
TWN,10,1971,1971,TOT,1,28,O,380424,11,.,.,1
TWN,10,1972,1972,1,1,29,O,32871,11,.,.,1
TWN,20,1972,1972,1,1,31,O,33103,11,.,.,0
TWN,10,1972,1972,2,1,29,O,28208,11,.,.,1
TWN,20,1972,1972,2,1,31,O,28384,11,.,.,0
TWN,10,1972,1972,3,1,29,O,33905,11,.,.,1
TWN,20,1972,1972,3,1,31,O,34088,11,.,.,0
TWN,10,1972,1972,4,1,29,O,25801,11,.,.,1
TWN,20,1972,1972,4,1,31,O,25968,11,.,.,0
TWN,10,1972,1972,5,1,29,O,29007,11,.,.,1
TWN,20,1972,1972,5,1,31,O,29165,11,.,.,0
TWN,10,1972,1972,6,1,29,O,27693,11,.,.,1
TWN,20,1972,1972,6,1,31,O,27888,11,.,.,0
TWN,10,1972,1972,7,1,29,O,28092,11,.,.,1
TWN,20,1972,1972,7,1,31,O,28266,11,.,.,0
TWN,10,1972,1972,8,1,29,O,30941,11,.,.,1
TWN,20,1972,1972,8,1,31,O,31134,11,.,.,0
TWN,10,1972,1972,9,1,29,O,31561,11,.,.,1
TWN,20,1972,1972,9,1,31,O,31756,11,.,.,0
TWN,10,1972,1972,10,1,29,O,32122,11,.,.,1
TWN,20,1972,1972,10,1,31,O,32347,11,.,.,0
TWN,10,1972,1972,11,1,29,O,33631,11,.,.,1
TWN,20,1972,1972,11,1,31,O,33825,11,.,.,0
TWN,10,1972,1972,12,1,29,O,31917,11,.,.,1
TWN,20,1972,1972,12,1,31,O,32143,11,.,.,0
TWN,10,1972,1972,TOT,1,29,O,365749,11,.,.,1
TWN,20,1972,1972,TOT,1,31,O,368067,11,.,.,0
TWN,10,1973,1973,1,1,29,O,32977,11,.,.,1
TWN,20,1973,1973,1,1,31,O,33174,11,.,.,0
TWN,10,1973,1973,2,1,29,O,28046,11,.,.,1
TWN,20,1973,1973,2,1,31,O,28215,11,.,.,0
TWN,10,1973,1973,3,1,29,O,31805,11,.,.,1
TWN,20,1973,1973,3,1,31,O,31970,11,.,.,0
TWN,10,1973,1973,4,1,29,O,28496,11,.,.,1
TWN,20,1973,1973,4,1,31,O,28653,11,.,.,0
TWN,10,1973,1973,5,1,29,O,29139,11,.,.,1
TWN,20,1973,1973,5,1,31,O,29330,11,.,.,0
TWN,10,1973,1973,6,1,29,O,27852,11,.,.,1
TWN,20,1973,1973,6,1,31,O,28021,11,.,.,0
TWN,10,1973,1973,7,1,29,O,29447,11,.,.,1
TWN,20,1973,1973,7,1,31,O,29624,11,.,.,0
TWN,10,1973,1973,8,1,29,O,30407,11,.,.,1
TWN,20,1973,1973,8,1,31,O,30568,11,.,.,0
TWN,10,1973,1973,9,1,29,O,28819,11,.,.,1
TWN,20,1973,1973,9,1,31,O,28980,11,.,.,0
TWN,10,1973,1973,10,1,29,O,33732,11,.,.,1
TWN,20,1973,1973,10,1,31,O,33891,11,.,.,0
TWN,10,1973,1973,11,1,29,O,33394,11,.,.,1
TWN,20,1973,1973,11,1,31,O,33583,11,.,.,0
TWN,10,1973,1973,12,1,29,O,32828,11,.,.,1
TWN,20,1973,1973,12,1,31,O,33013,11,.,.,0
TWN,10,1973,1973,TOT,1,29,O,366942,11,.,.,1
TWN,20,1973,1973,TOT,1,31,O,369022,11,.,.,0
TWN,10,1974,1974,1,1,29,O,30352,11,.,.,1
TWN,20,1974,1974,1,1,31,O,30508,11,.,.,0
TWN,10,1974,1974,2,1,29,O,30569,11,.,.,1
TWN,20,1974,1974,2,1,31,O,30713,11,.,.,0
TWN,10,1974,1974,3,1,29,O,29841,11,.,.,1
TWN,20,1974,1974,3,1,31,O,30002,11,.,.,0
TWN,10,1974,1974,4,1,29,O,28970,11,.,.,1
TWN,20,1974,1974,4,1,31,O,29104,11,.,.,0
TWN,10,1974,1974,5,1,29,O,28255,11,.,.,1
TWN,20,1974,1974,5,1,31,O,28406,11,.,.,0
TWN,10,1974,1974,6,1,29,O,25669,11,.,.,1
TWN,20,1974,1974,6,1,31,O,25802,11,.,.,0
TWN,10,1974,1974,7,1,29,O,30253,11,.,.,1
TWN,20,1974,1974,7,1,31,O,30423,11,.,.,0
TWN,10,1974,1974,8,1,29,O,31899,11,.,.,1
TWN,20,1974,1974,8,1,31,O,32063,11,.,.,0
TWN,10,1974,1974,9,1,29,O,29571,11,.,.,1
TWN,20,1974,1974,9,1,31,O,29716,11,.,.,0
TWN,10,1974,1974,10,1,29,O,37388,11,.,.,1
TWN,20,1974,1974,10,1,31,O,37559,11,.,.,0
TWN,10,1974,1974,11,1,29,O,32587,11,.,.,1
TWN,20,1974,1974,11,1,31,O,32778,11,.,.,0
TWN,10,1974,1974,12,1,29,O,32464,11,.,.,1
TWN,20,1974,1974,12,1,31,O,32607,11,.,.,0
TWN,10,1974,1974,TOT,1,29,O,367818,11,.,.,1
TWN,20,1974,1974,TOT,1,31,O,369681,11,.,.,0
TWN,10,1975,1975,1,1,30,O,32664,11,.,.,1
TWN,20,1975,1975,1,1,31,O,32808,11,.,.,0
TWN,10,1975,1975,2,1,30,O,26877,11,.,.,1
TWN,20,1975,1975,2,1,31,O,26988,11,.,.,0
TWN,10,1975,1975,3,1,30,O,31345,11,.,.,1
TWN,20,1975,1975,3,1,31,O,31464,11,.,.,0
TWN,10,1975,1975,4,1,30,O,29018,11,.,.,1
TWN,20,1975,1975,4,1,31,O,29151,11,.,.,0
TWN,10,1975,1975,5,1,30,O,29148,11,.,.,1
TWN,20,1975,1975,5,1,31,O,29307,11,.,.,0
TWN,10,1975,1975,6,1,30,O,26568,11,.,.,1
TWN,20,1975,1975,6,1,31,O,26685,11,.,.,0
TWN,10,1975,1975,7,1,30,O,30470,11,.,.,1
TWN,20,1975,1975,7,1,31,O,30610,11,.,.,0
TWN,10,1975,1975,8,1,30,O,29679,11,.,.,1
TWN,20,1975,1975,8,1,31,O,29818,11,.,.,0
TWN,10,1975,1975,9,1,30,O,30701,11,.,.,1
TWN,20,1975,1975,9,1,31,O,30847,11,.,.,0
TWN,10,1975,1975,10,1,30,O,32808,11,.,.,1
TWN,20,1975,1975,10,1,31,O,32999,11,.,.,0
TWN,10,1975,1975,11,1,30,O,32564,11,.,.,1
TWN,20,1975,1975,11,1,31,O,32720,11,.,.,0
TWN,10,1975,1975,12,1,30,O,35805,11,.,.,1
TWN,20,1975,1975,12,1,31,O,35952,11,.,.,0
TWN,10,1975,1975,TOT,1,30,O,367647,11,.,.,1
TWN,20,1975,1975,TOT,1,31,O,369349,11,.,.,0
TWN,10,1976,1976,1,1,30,O,30364,11,.,.,1
TWN,20,1976,1976,1,1,31,O,30499,11,.,.,0
TWN,10,1976,1976,2,1,30,O,31177,11,.,.,1
TWN,20,1976,1976,2,1,31,O,31341,11,.,.,0
TWN,10,1976,1976,3,1,30,O,33881,11,.,.,1
TWN,20,1976,1976,3,1,31,O,34005,11,.,.,0
TWN,10,1976,1976,4,1,30,O,31187,11,.,.,1
TWN,20,1976,1976,4,1,31,O,31323,11,.,.,0
TWN,10,1976,1976,5,1,30,O,31199,11,.,.,1
TWN,20,1976,1976,5,1,31,O,31317,11,.,.,0
TWN,10,1976,1976,6,1,30,O,32502,11,.,.,1
TWN,20,1976,1976,6,1,31,O,32615,11,.,.,0
TWN,10,1976,1976,7,1,30,O,33936,11,.,.,1
TWN,20,1976,1976,7,1,31,O,34076,11,.,.,0
TWN,10,1976,1976,8,1,30,O,36297,11,.,.,1
TWN,20,1976,1976,8,1,31,O,36464,11,.,.,0
TWN,10,1976,1976,9,1,30,O,38057,11,.,.,1
TWN,20,1976,1976,9,1,31,O,38222,11,.,.,0
TWN,10,1976,1976,10,1,30,O,40271,11,.,.,1
TWN,20,1976,1976,10,1,31,O,40431,11,.,.,0
TWN,10,1976,1976,11,1,30,O,42153,11,.,.,1
TWN,20,1976,1976,11,1,31,O,42353,11,.,.,0
TWN,10,1976,1976,12,1,30,O,42332,11,.,.,1
TWN,20,1976,1976,12,1,31,O,42479,11,.,.,0
TWN,10,1976,1976,TOT,1,30,O,423356,11,.,.,1
TWN,20,1976,1976,TOT,1,31,O,425125,11,.,.,0
TWN,10,1977,1977,1,1,30,O,37158,11,.,.,1
TWN,20,1977,1977,1,1,31,O,37302,11,.,.,0
TWN,10,1977,1977,2,1,30,O,30170,11,.,.,1
TWN,20,1977,1977,2,1,31,O,30281,11,.,.,0
TWN,10,1977,1977,3,1,30,O,35057,11,.,.,1
TWN,20,1977,1977,3,1,31,O,35199,11,.,.,0
TWN,10,1977,1977,4,1,30,O,29699,11,.,.,1
TWN,20,1977,1977,4,1,31,O,29823,11,.,.,0
TWN,10,1977,1977,5,1,30,O,29178,11,.,.,1
TWN,20,1977,1977,5,1,31,O,29279,11,.,.,0
TWN,10,1977,1977,6,1,30,O,29686,11,.,.,1
TWN,20,1977,1977,6,1,31,O,29796,11,.,.,0
TWN,10,1977,1977,7,1,30,O,30625,11,.,.,1
TWN,20,1977,1977,7,1,31,O,30742,11,.,.,0
TWN,10,1977,1977,8,1,30,O,34942,11,.,.,1
TWN,20,1977,1977,8,1,31,O,35089,11,.,.,0
TWN,10,1977,1977,9,1,30,O,32650,11,.,.,1
TWN,20,1977,1977,9,1,31,O,32796,11,.,.,0
TWN,10,1977,1977,10,1,30,O,33044,11,.,.,1
TWN,20,1977,1977,10,1,31,O,33166,11,.,.,0
TWN,10,1977,1977,11,1,30,O,36597,11,.,.,1
TWN,20,1977,1977,11,1,31,O,36746,11,.,.,0
TWN,10,1977,1977,12,1,30,O,36990,11,.,.,1
TWN,20,1977,1977,12,1,31,O,37154,11,.,.,0
TWN,10,1977,1977,TOT,1,30,O,395796,11,.,.,1
TWN,20,1977,1977,TOT,1,31,O,397373,11,.,.,0
TWN,10,1978,1978,1,1,30,O,34356,11,.,.,1
TWN,20,1978,1978,1,1,31,O,34507,11,.,.,0
TWN,10,1978,1978,2,1,30,O,29922,11,.,.,1
TWN,20,1978,1978,2,1,31,O,30030,11,.,.,0
TWN,10,1978,1978,3,1,30,O,34256,11,.,.,1
TWN,20,1978,1978,3,1,31,O,34403,11,.,.,0
TWN,10,1978,1978,4,1,30,O,29874,11,.,.,1
TWN,20,1978,1978,4,1,31,O,29990,11,.,.,0
TWN,10,1978,1978,5,1,30,O,31594,11,.,.,1
TWN,20,1978,1978,5,1,31,O,31711,11,.,.,0
TWN,10,1978,1978,6,1,30,O,31095,11,.,.,1
TWN,20,1978,1978,6,1,31,O,31213,11,.,.,0
TWN,10,1978,1978,7,1,30,O,33658,11,.,.,1
TWN,20,1978,1978,7,1,31,O,33791,11,.,.,0
TWN,10,1978,1978,8,1,30,O,36997,11,.,.,1
TWN,20,1978,1978,8,1,31,O,37139,11,.,.,0
TWN,10,1978,1978,9,1,30,O,35367,11,.,.,1
TWN,20,1978,1978,9,1,31,O,35479,11,.,.,0
TWN,10,1978,1978,10,1,30,O,36511,11,.,.,1
TWN,20,1978,1978,10,1,31,O,36655,11,.,.,0
TWN,10,1978,1978,11,1,30,O,38591,11,.,.,1
TWN,20,1978,1978,11,1,31,O,38738,11,.,.,0
TWN,10,1978,1978,12,1,30,O,37008,11,.,.,1
TWN,20,1978,1978,12,1,31,O,37153,11,.,.,0
TWN,10,1978,1978,TOT,1,30,O,409229,11,.,.,1
TWN,20,1978,1978,TOT,1,31,O,410809,11,.,.,0
TWN,10,1979,1979,1,1,30,O,31657,11,.,.,1
TWN,20,1979,1979,1,1,31,O,31772,11,.,.,0
TWN,10,1979,1979,2,1,30,O,37055,11,.,.,1
TWN,20,1979,1979,2,1,31,O,37185,11,.,.,0
TWN,10,1979,1979,3,1,30,O,34427,11,.,.,1
TWN,20,1979,1979,3,1,31,O,34553,11,.,.,0
TWN,10,1979,1979,4,1,30,O,31184,11,.,.,1
TWN,20,1979,1979,4,1,31,O,31308,11,.,.,0
TWN,10,1979,1979,5,1,30,O,31328,11,.,.,1
TWN,20,1979,1979,5,1,31,O,31426,11,.,.,0
TWN,10,1979,1979,6,1,30,O,31987,11,.,.,1
TWN,20,1979,1979,6,1,31,O,32090,11,.,.,0
TWN,10,1979,1979,7,1,30,O,34695,11,.,.,1
TWN,20,1979,1979,7,1,31,O,34815,11,.,.,0
TWN,10,1979,1979,8,1,30,O,36790,11,.,.,1
TWN,20,1979,1979,8,1,31,O,36930,11,.,.,0
TWN,10,1979,1979,9,1,30,O,34861,11,.,.,1
TWN,20,1979,1979,9,1,31,O,34976,11,.,.,0
TWN,10,1979,1979,10,1,30,O,40792,11,.,.,1
TWN,20,1979,1979,10,1,31,O,40948,11,.,.,0
TWN,10,1979,1979,11,1,30,O,40182,11,.,.,1
TWN,20,1979,1979,11,1,31,O,40347,11,.,.,0
TWN,10,1979,1979,12,1,30,O,37560,11,.,.,1
TWN,20,1979,1979,12,1,31,O,37684,11,.,.,0
TWN,10,1979,1979,TOT,1,30,O,422518,11,.,.,1
TWN,20,1979,1979,TOT,1,31,O,424034,11,.,.,0
TWN,10,1980,1980,1,1,30,O,36187,11,.,.,1
TWN,20,1980,1980,1,1,31,O,36328,11,.,.,0
TWN,10,1980,1980,2,1,30,O,31492,11,.,.,1
TWN,20,1980,1980,2,1,31,O,31612,11,.,.,0
TWN,10,1980,1980,3,1,30,O,34012,11,.,.,1
TWN,20,1980,1980,3,1,31,O,34098,11,.,.,0
TWN,10,1980,1980,4,1,30,O,30025,11,.,.,1
TWN,20,1980,1980,4,1,31,O,30113,11,.,.,0
TWN,10,1980,1980,5,1,30,O,31110,11,.,.,1
TWN,20,1980,1980,5,1,31,O,31195,11,.,.,0
TWN,10,1980,1980,6,1,30,O,29764,11,.,.,1
TWN,20,1980,1980,6,1,31,O,29848,11,.,.,0
TWN,10,1980,1980,7,1,30,O,35059,11,.,.,1
TWN,20,1980,1980,7,1,31,O,35172,11,.,.,0
TWN,10,1980,1980,8,1,30,O,33885,11,.,.,1
TWN,20,1980,1980,8,1,31,O,33983,11,.,.,0
TWN,10,1980,1980,9,1,30,O,34893,11,.,.,1
TWN,20,1980,1980,9,1,31,O,35007,11,.,.,0
TWN,10,1980,1980,10,1,30,O,37133,11,.,.,1
TWN,20,1980,1980,10,1,31,O,37262,11,.,.,0
TWN,10,1980,1980,11,1,30,O,36630,11,.,.,1
TWN,20,1980,1980,11,1,31,O,36757,11,.,.,0
TWN,10,1980,1980,12,1,30,O,42368,11,.,.,1
TWN,20,1980,1980,12,1,31,O,42507,11,.,.,0
TWN,10,1980,1980,TOT,1,30,O,412558,11,.,.,1
TWN,20,1980,1980,TOT,1,31,O,413882,11,.,.,0
TWN,10,1981,1981,1,1,30,O,35216,11,.,.,1
TWN,20,1981,1981,1,1,31,O,35323,11,.,.,0
TWN,10,1981,1981,2,1,30,O,30520,11,.,.,1
TWN,20,1981,1981,2,1,31,O,30615,11,.,.,0
TWN,10,1981,1981,3,1,30,O,34482,11,.,.,1
TWN,20,1981,1981,3,1,31,O,34598,11,.,.,0
TWN,10,1981,1981,4,1,30,O,31508,11,.,.,1
TWN,20,1981,1981,4,1,31,O,31594,11,.,.,0
TWN,10,1981,1981,5,1,30,O,30480,11,.,.,1
TWN,20,1981,1981,5,1,31,O,30576,11,.,.,0
TWN,10,1981,1981,6,1,30,O,32143,11,.,.,1
TWN,20,1981,1981,6,1,31,O,32239,11,.,.,0
TWN,10,1981,1981,7,1,30,O,34623,11,.,.,1
TWN,20,1981,1981,7,1,31,O,34735,11,.,.,0
TWN,10,1981,1981,8,1,30,O,35365,11,.,.,1
TWN,20,1981,1981,8,1,31,O,35487,11,.,.,0
TWN,10,1981,1981,9,1,30,O,35898,11,.,.,1
TWN,20,1981,1981,9,1,31,O,36020,11,.,.,0
TWN,10,1981,1981,10,1,30,O,37478,11,.,.,1
TWN,20,1981,1981,10,1,31,O,37586,11,.,.,0
TWN,10,1981,1981,11,1,30,O,37240,11,.,.,1
TWN,20,1981,1981,11,1,31,O,37367,11,.,.,0
TWN,10,1981,1981,12,1,30,O,37825,11,.,.,1
TWN,20,1981,1981,12,1,31,O,37930,11,.,.,0
TWN,10,1981,1981,TOT,1,30,O,412778,11,.,.,1
TWN,20,1981,1981,TOT,1,31,O,414070,11,.,.,0
TWN,10,1982,1982,1,1,30,O,29357,11,.,.,1
TWN,20,1982,1982,1,1,31,O,29450,11,.,.,0
TWN,10,1982,1982,2,1,30,O,35653,11,.,.,1
TWN,20,1982,1982,2,1,31,O,35766,11,.,.,0
TWN,10,1982,1982,3,1,30,O,34772,11,.,.,1
TWN,20,1982,1982,3,1,31,O,34874,11,.,.,0
TWN,10,1982,1982,4,1,30,O,30398,11,.,.,1
TWN,20,1982,1982,4,1,31,O,30476,11,.,.,0
TWN,10,1982,1982,5,1,30,O,29865,11,.,.,1
TWN,20,1982,1982,5,1,31,O,29964,11,.,.,0
TWN,10,1982,1982,6,1,30,O,30103,11,.,.,1
TWN,20,1982,1982,6,1,31,O,30183,11,.,.,0
TWN,10,1982,1982,7,1,30,O,32043,11,.,.,1
TWN,20,1982,1982,7,1,31,O,32138,11,.,.,0
TWN,10,1982,1982,8,1,30,O,38147,11,.,.,1
TWN,20,1982,1982,8,1,31,O,38266,11,.,.,0
TWN,10,1982,1982,9,1,30,O,34638,11,.,.,1
TWN,20,1982,1982,9,1,31,O,34754,11,.,.,0
TWN,10,1982,1982,10,1,30,O,36332,11,.,.,1
TWN,20,1982,1982,10,1,31,O,36444,11,.,.,0
TWN,10,1982,1982,11,1,30,O,36285,11,.,.,1
TWN,20,1982,1982,11,1,31,O,36425,11,.,.,0
TWN,10,1982,1982,12,1,30,O,36414,11,.,.,1
TWN,20,1982,1982,12,1,31,O,36524,11,.,.,0
TWN,10,1982,1982,TOT,1,30,O,404007,11,.,.,1
TWN,20,1982,1982,TOT,1,31,O,405264,11,.,.,0
TWN,10,1983,1983,1,1,30,O,32982,11,.,.,1
TWN,20,1983,1983,1,1,31,O,33083,11,.,.,0
TWN,10,1983,1983,2,1,30,O,28329,11,.,.,1
TWN,20,1983,1983,2,1,31,O,28423,11,.,.,0
TWN,10,1983,1983,3,1,30,O,33982,11,.,.,1
TWN,20,1983,1983,3,1,31,O,34091,11,.,.,0
TWN,10,1983,1983,4,1,30,O,29675,11,.,.,1
TWN,20,1983,1983,4,1,31,O,29776,11,.,.,0
TWN,10,1983,1983,5,1,30,O,29370,11,.,.,1
TWN,20,1983,1983,5,1,31,O,29459,11,.,.,0
TWN,10,1983,1983,6,1,30,O,29532,11,.,.,1
TWN,20,1983,1983,6,1,31,O,29626,11,.,.,0
TWN,10,1983,1983,7,1,30,O,30316,11,.,.,1
TWN,20,1983,1983,7,1,31,O,30423,11,.,.,0
TWN,10,1983,1983,8,1,30,O,33836,11,.,.,1
TWN,20,1983,1983,8,1,31,O,33930,11,.,.,0
TWN,10,1983,1983,9,1,30,O,32850,11,.,.,1
TWN,20,1983,1983,9,1,31,O,32969,11,.,.,0
TWN,10,1983,1983,10,1,30,O,32174,11,.,.,1
TWN,20,1983,1983,10,1,31,O,32308,11,.,.,0
TWN,10,1983,1983,11,1,30,O,34935,11,.,.,1
TWN,20,1983,1983,11,1,31,O,35067,11,.,.,0
TWN,10,1983,1983,12,1,30,O,34174,11,.,.,1
TWN,20,1983,1983,12,1,31,O,34286,11,.,.,0
TWN,10,1983,1983,TOT,1,30,O,382155,11,.,.,1
TWN,20,1983,1983,TOT,1,31,O,383441,11,.,.,0
TWN,10,1984,1984,1,1,30,O,30597,11,.,.,1
TWN,20,1984,1984,1,1,31,O,30712,11,.,.,0
TWN,10,1984,1984,2,1,30,O,29496,11,.,.,1
TWN,20,1984,1984,2,1,31,O,29598,11,.,.,0
TWN,10,1984,1984,3,1,30,O,30238,11,.,.,1
TWN,20,1984,1984,3,1,31,O,30342,11,.,.,0
TWN,10,1984,1984,4,1,30,O,27060,11,.,.,1
TWN,20,1984,1984,4,1,31,O,27142,11,.,.,0
TWN,10,1984,1984,5,1,30,O,28025,11,.,.,1
TWN,20,1984,1984,5,1,31,O,28141,11,.,.,0
TWN,10,1984,1984,6,1,30,O,27384,11,.,.,1
TWN,20,1984,1984,6,1,31,O,27482,11,.,.,0
TWN,10,1984,1984,7,1,30,O,30075,11,.,.,1
TWN,20,1984,1984,7,1,31,O,30177,11,.,.,0
TWN,10,1984,1984,8,1,30,O,32160,11,.,.,1
TWN,20,1984,1984,8,1,31,O,32272,11,.,.,0
TWN,10,1984,1984,9,1,30,O,30872,11,.,.,1
TWN,20,1984,1984,9,1,31,O,30972,11,.,.,0
TWN,10,1984,1984,10,1,30,O,35441,11,.,.,1
TWN,20,1984,1984,10,1,31,O,35539,11,.,.,0
TWN,10,1984,1984,11,1,30,O,35175,11,.,.,1
TWN,20,1984,1984,11,1,31,O,35328,11,.,.,0
TWN,10,1984,1984,12,1,30,O,33202,11,.,.,1
TWN,20,1984,1984,12,1,31,O,33303,11,.,.,0
TWN,10,1984,1984,TOT,1,30,O,369725,11,.,.,1
TWN,20,1984,1984,TOT,1,31,O,371008,11,.,.,0
TWN,10,1985,1985,1,1,30,O,31666,11,.,.,1
TWN,20,1985,1985,1,1,31,O,31775,11,.,.,0
TWN,10,1985,1985,2,1,30,O,25028,11,.,.,1
TWN,20,1985,1985,2,1,31,O,25123,11,.,.,0
TWN,10,1985,1985,3,1,30,O,29472,11,.,.,1
TWN,20,1985,1985,3,1,31,O,29579,11,.,.,0
TWN,10,1985,1985,4,1,30,O,27421,11,.,.,1
TWN,20,1985,1985,4,1,31,O,27507,11,.,.,0
TWN,10,1985,1985,5,1,30,O,27391,11,.,.,1
TWN,20,1985,1985,5,1,31,O,27484,11,.,.,0
TWN,10,1985,1985,6,1,30,O,25022,11,.,.,1
TWN,20,1985,1985,6,1,31,O,25104,11,.,.,0
TWN,10,1985,1985,7,1,30,O,29629,11,.,.,1
TWN,20,1985,1985,7,1,31,O,29714,11,.,.,0
TWN,10,1985,1985,8,1,30,O,29235,11,.,.,1
TWN,20,1985,1985,8,1,31,O,29339,11,.,.,0
TWN,10,1985,1985,9,1,30,O,26279,11,.,.,1
TWN,20,1985,1985,9,1,31,O,26371,11,.,.,0
TWN,10,1985,1985,10,1,30,O,31784,11,.,.,1
TWN,20,1985,1985,10,1,31,O,31879,11,.,.,0
TWN,10,1985,1985,11,1,30,O,31467,11,.,.,1
TWN,20,1985,1985,11,1,31,O,31571,11,.,.,0
TWN,10,1985,1985,12,1,30,O,30659,11,.,.,1
TWN,20,1985,1985,12,1,31,O,30762,11,.,.,0
TWN,10,1985,1985,TOT,1,30,O,345053,11,.,.,1
TWN,20,1985,1985,TOT,1,31,O,346208,11,.,.,0
TWN,10,1986,1986,1,1,30,O,29083,11,.,.,1
TWN,20,1986,1986,1,1,31,O,29188,11,.,.,0
TWN,10,1986,1986,2,1,30,O,23927,11,.,.,1
TWN,20,1986,1986,2,1,31,O,24015,11,.,.,0
TWN,10,1986,1986,3,1,30,O,26080,11,.,.,1
TWN,20,1986,1986,3,1,31,O,26173,11,.,.,0
TWN,10,1986,1986,4,1,30,O,23983,11,.,.,1
TWN,20,1986,1986,4,1,31,O,24064,11,.,.,0
TWN,10,1986,1986,5,1,30,O,23720,11,.,.,1
TWN,20,1986,1986,5,1,31,O,23803,11,.,.,0
TWN,10,1986,1986,6,1,30,O,22903,11,.,.,1
TWN,20,1986,1986,6,1,31,O,22977,11,.,.,0
TWN,10,1986,1986,7,1,30,O,25630,11,.,.,1
TWN,20,1986,1986,7,1,31,O,25715,11,.,.,0
TWN,10,1986,1986,8,1,30,O,24965,11,.,.,1
TWN,20,1986,1986,8,1,31,O,25069,11,.,.,0
TWN,10,1986,1986,9,1,30,O,26355,11,.,.,1
TWN,20,1986,1986,9,1,31,O,26447,11,.,.,0
TWN,10,1986,1986,10,1,30,O,27791,11,.,.,1
TWN,20,1986,1986,10,1,31,O,27894,11,.,.,0
TWN,10,1986,1986,11,1,30,O,26652,11,.,.,1
TWN,20,1986,1986,11,1,31,O,26754,11,.,.,0
TWN,10,1986,1986,12,1,30,O,27098,11,.,.,1
TWN,20,1986,1986,12,1,31,O,27187,11,.,.,0
TWN,10,1986,1986,TOT,1,30,O,308187,11,.,.,1
TWN,20,1986,1986,TOT,1,31,O,309286,11,.,.,0
TWN,10,1987,1987,1,1,30,O,21247,11,.,.,1
TWN,20,1987,1987,1,1,31,O,21312,11,.,.,0
TWN,10,1987,1987,2,1,30,O,26757,11,.,.,1
TWN,20,1987,1987,2,1,31,O,26853,11,.,.,0
TWN,10,1987,1987,3,1,30,O,26327,11,.,.,1
TWN,20,1987,1987,3,1,31,O,26408,11,.,.,0
TWN,10,1987,1987,4,1,30,O,26060,11,.,.,1
TWN,20,1987,1987,4,1,31,O,26143,11,.,.,0
TWN,10,1987,1987,5,1,30,O,24385,11,.,.,1
TWN,20,1987,1987,5,1,31,O,24449,11,.,.,0
TWN,10,1987,1987,6,1,30,O,26027,11,.,.,1
TWN,20,1987,1987,6,1,31,O,26101,11,.,.,0
TWN,10,1987,1987,7,1,30,O,27352,11,.,.,1
TWN,20,1987,1987,7,1,31,O,27438,11,.,.,0
TWN,10,1987,1987,8,1,30,O,27652,11,.,.,1
TWN,20,1987,1987,8,1,31,O,27728,11,.,.,0
TWN,10,1987,1987,9,1,30,O,26306,11,.,.,1
TWN,20,1987,1987,9,1,31,O,26379,11,.,.,0
TWN,10,1987,1987,10,1,30,O,27484,11,.,.,1
TWN,20,1987,1987,10,1,31,O,27571,11,.,.,0
TWN,10,1987,1987,11,1,30,O,27545,11,.,.,1
TWN,20,1987,1987,11,1,31,O,27650,11,.,.,0
TWN,10,1987,1987,12,1,30,O,25920,11,.,.,1
TWN,20,1987,1987,12,1,31,O,25993,11,.,.,0
TWN,10,1987,1987,TOT,1,30,O,313062,11,.,.,1
TWN,20,1987,1987,TOT,1,31,O,314025,11,.,.,0
TWN,10,1988,1988,1,1,30,O,23845,11,.,.,1
TWN,20,1988,1988,1,1,31,O,23921,11,.,.,0
TWN,10,1988,1988,2,1,30,O,23107,11,.,.,1
TWN,20,1988,1988,2,1,31,O,23185,11,.,.,0
TWN,10,1988,1988,3,1,30,O,27888,11,.,.,1
TWN,20,1988,1988,3,1,31,O,27974,11,.,.,0
TWN,10,1988,1988,4,1,30,O,26804,11,.,.,1
TWN,20,1988,1988,4,1,31,O,26887,11,.,.,0
TWN,10,1988,1988,5,1,30,O,27890,11,.,.,1
TWN,20,1988,1988,5,1,31,O,27957,11,.,.,0
TWN,10,1988,1988,6,1,30,O,27261,11,.,.,1
TWN,20,1988,1988,6,1,31,O,27341,11,.,.,0
TWN,10,1988,1988,7,1,30,O,28550,11,.,.,1
TWN,20,1988,1988,7,1,31,O,28622,11,.,.,0
TWN,10,1988,1988,8,1,30,O,30755,11,.,.,1
TWN,20,1988,1988,8,1,31,O,30857,11,.,.,0
TWN,10,1988,1988,9,1,30,O,27724,11,.,.,1
TWN,20,1988,1988,9,1,31,O,27785,11,.,.,0
TWN,10,1988,1988,10,1,30,O,30286,11,.,.,1
TWN,20,1988,1988,10,1,31,O,30372,11,.,.,0
TWN,10,1988,1988,11,1,30,O,34395,11,.,.,1
TWN,20,1988,1988,11,1,31,O,34498,11,.,.,0
TWN,10,1988,1988,12,1,30,O,32549,11,.,.,1
TWN,20,1988,1988,12,1,31,O,32634,11,.,.,0
TWN,10,1988,1988,TOT,1,30,O,341054,11,.,.,1
TWN,20,1988,1988,TOT,1,31,O,342033,11,.,.,0
TWN,10,1989,1989,1,1,30,O,28738,11,.,.,1
TWN,20,1989,1989,1,1,31,O,28814,11,.,.,0
TWN,10,1989,1989,2,1,30,O,23582,11,.,.,1
TWN,20,1989,1989,2,1,31,O,23654,11,.,.,0
TWN,10,1989,1989,3,1,30,O,25980,11,.,.,1
TWN,20,1989,1989,3,1,31,O,26044,11,.,.,0
TWN,10,1989,1989,4,1,30,O,22098,11,.,.,1
TWN,20,1989,1989,4,1,31,O,22165,11,.,.,0
TWN,10,1989,1989,5,1,30,O,24481,11,.,.,1
TWN,20,1989,1989,5,1,31,O,24549,11,.,.,0
TWN,10,1989,1989,6,1,30,O,24817,11,.,.,1
TWN,20,1989,1989,6,1,31,O,24875,11,.,.,0
TWN,10,1989,1989,7,1,30,O,26934,11,.,.,1
TWN,20,1989,1989,7,1,31,O,27002,11,.,.,0
TWN,10,1989,1989,8,1,30,O,26840,11,.,.,1
TWN,20,1989,1989,8,1,31,O,26898,11,.,.,0
TWN,10,1989,1989,9,1,30,O,26852,11,.,.,1
TWN,20,1989,1989,9,1,31,O,26930,11,.,.,0
TWN,10,1989,1989,10,1,30,O,27022,11,.,.,1
TWN,20,1989,1989,10,1,31,O,27088,11,.,.,0
TWN,10,1989,1989,11,1,30,O,29723,11,.,.,1
TWN,20,1989,1989,11,1,31,O,29785,11,.,.,0
TWN,10,1989,1989,12,1,30,O,27487,11,.,.,1
TWN,20,1989,1989,12,1,31,O,27537,11,.,.,0
TWN,10,1989,1989,TOT,1,30,O,314554,11,.,.,1
TWN,20,1989,1989,TOT,1,31,O,315341,11,.,.,0
TWN,10,1990,1990,1,1,30,O,23720,11,.,.,1
TWN,20,1990,1990,1,1,31,O,23780,11,.,.,0
TWN,10,1990,1990,2,1,30,O,28740,11,.,.,1
TWN,20,1990,1990,2,1,31,O,28816,11,.,.,0
TWN,10,1990,1990,3,1,30,O,27882,11,.,.,1
TWN,20,1990,1990,3,1,31,O,27938,11,.,.,0
TWN,10,1990,1990,4,1,30,O,26249,11,.,.,1
TWN,20,1990,1990,4,1,31,O,26308,11,.,.,0
TWN,10,1990,1990,5,1,30,O,26411,11,.,.,1
TWN,20,1990,1990,5,1,31,O,26463,11,.,.,0
TWN,10,1990,1990,6,1,30,O,26633,11,.,.,1
TWN,20,1990,1990,6,1,31,O,26683,11,.,.,0
TWN,10,1990,1990,7,1,30,O,28724,11,.,.,1
TWN,20,1990,1990,7,1,31,O,28786,11,.,.,0
TWN,10,1990,1990,8,1,30,O,29616,11,.,.,1
TWN,20,1990,1990,8,1,31,O,29688,11,.,.,0
TWN,10,1990,1990,9,1,30,O,26095,11,.,.,1
TWN,20,1990,1990,9,1,31,O,26159,11,.,.,0
TWN,10,1990,1990,10,1,30,O,32470,11,.,.,1
TWN,20,1990,1990,10,1,31,O,32546,11,.,.,0
TWN,10,1990,1990,11,1,30,O,30626,11,.,.,1
TWN,20,1990,1990,11,1,31,O,30691,11,.,.,0
TWN,10,1990,1990,12,1,30,O,27705,11,.,.,1
TWN,20,1990,1990,12,1,31,O,27759,11,.,.,0
TWN,10,1990,1990,TOT,1,30,O,334871,11,.,.,1
TWN,20,1990,1990,TOT,1,31,O,335617,11,.,.,0
TWN,10,1991,1991,1,1,30,O,30138,11,.,.,1
TWN,20,1991,1991,1,1,31,O,30196,11,.,.,0
TWN,10,1991,1991,2,1,30,O,23231,11,.,.,1
TWN,20,1991,1991,2,1,31,O,23282,11,.,.,0
TWN,10,1991,1991,3,1,30,O,24713,11,.,.,1
TWN,20,1991,1991,3,1,31,O,24764,11,.,.,0
TWN,10,1991,1991,4,1,30,O,25828,11,.,.,1
TWN,20,1991,1991,4,1,31,O,25878,11,.,.,0
TWN,10,1991,1991,5,1,30,O,25540,11,.,.,1
TWN,20,1991,1991,5,1,31,O,25592,11,.,.,0
TWN,10,1991,1991,6,1,30,O,23238,11,.,.,1
TWN,20,1991,1991,6,1,31,O,23286,11,.,.,0
TWN,10,1991,1991,7,1,30,O,27510,11,.,.,1
TWN,20,1991,1991,7,1,31,O,27567,11,.,.,0
TWN,10,1991,1991,8,1,30,O,27758,11,.,.,1
TWN,20,1991,1991,8,1,31,O,27814,11,.,.,0
TWN,10,1991,1991,9,1,30,O,25886,11,.,.,1
TWN,20,1991,1991,9,1,31,O,25946,11,.,.,0
TWN,10,1991,1991,10,1,30,O,28238,11,.,.,1
TWN,20,1991,1991,10,1,31,O,28297,11,.,.,0
TWN,10,1991,1991,11,1,30,O,29419,11,.,.,1
TWN,20,1991,1991,11,1,31,O,29473,11,.,.,0
TWN,10,1991,1991,12,1,30,O,29777,11,.,.,1
TWN,20,1991,1991,12,1,31,O,29837,11,.,.,0
TWN,10,1991,1991,TOT,1,30,O,321276,11,.,.,1
TWN,20,1991,1991,TOT,1,31,O,321932,11,.,.,0
TWN,10,1992,1992,1,1,30,O,27622,11,.,.,0
TWN,20,1992,1992,1,1,31,O,27684,11,.,.,1
TWN,10,1992,1992,2,1,30,O,23718,11,.,.,0
TWN,20,1992,1992,2,1,31,O,23774,11,.,.,1
TWN,10,1992,1992,3,1,30,O,25778,11,.,.,0
TWN,20,1992,1992,3,1,31,O,25828,11,.,.,1
TWN,10,1992,1992,4,1,30,O,24866,11,.,.,0
TWN,20,1992,1992,4,1,31,O,24918,11,.,.,1
TWN,10,1992,1992,5,1,30,O,24323,11,.,.,0
TWN,20,1992,1992,5,1,31,O,24373,11,.,.,1
TWN,10,1992,1992,6,1,30,O,25497,11,.,.,0
TWN,20,1992,1992,6,1,31,O,25551,11,.,.,1
TWN,10,1992,1992,7,1,30,O,27467,11,.,.,0
TWN,20,1992,1992,7,1,31,O,27513,11,.,.,1
TWN,10,1992,1992,8,1,30,O,26756,11,.,.,0
TWN,20,1992,1992,8,1,31,O,26807,11,.,.,1
TWN,10,1992,1992,9,1,30,O,27696,11,.,.,0
TWN,20,1992,1992,9,1,31,O,27753,11,.,.,1
TWN,10,1992,1992,10,1,30,O,28885,11,.,.,0
TWN,20,1992,1992,10,1,31,O,28943,11,.,.,1
TWN,10,1992,1992,11,1,30,O,28710,11,.,.,0
TWN,20,1992,1992,11,1,31,O,28784,11,.,.,1
TWN,10,1992,1992,12,1,30,O,29643,11,.,.,0
TWN,20,1992,1992,12,1,31,O,29702,11,.,.,1
TWN,10,1992,1992,TOT,1,30,O,320961,11,.,.,0
TWN,20,1992,1992,TOT,1,31,O,321630,11,.,.,1
TWN,10,1993,1993,1,1,30,O,23317,11,.,.,0
TWN,20,1993,1993,1,1,31,O,23367,11,.,.,1
TWN,10,1993,1993,2,1,30,O,26607,11,.,.,0
TWN,20,1993,1993,2,1,31,O,26663,11,.,.,1
TWN,10,1993,1993,3,1,30,O,27310,11,.,.,0
TWN,20,1993,1993,3,1,31,O,27370,11,.,.,1
TWN,10,1993,1993,4,1,30,O,25374,11,.,.,0
TWN,20,1993,1993,4,1,31,O,25419,11,.,.,1
TWN,10,1993,1993,5,1,30,O,25578,11,.,.,0
TWN,20,1993,1993,5,1,31,O,25613,11,.,.,1
TWN,10,1993,1993,6,1,30,O,25285,11,.,.,0
TWN,20,1993,1993,6,1,31,O,25333,11,.,.,1
TWN,10,1993,1993,7,1,30,O,27557,11,.,.,0
TWN,20,1993,1993,7,1,31,O,27611,11,.,.,1
TWN,10,1993,1993,8,1,30,O,28564,11,.,.,0
TWN,20,1993,1993,8,1,31,O,28642,11,.,.,1
TWN,10,1993,1993,9,1,30,O,26286,11,.,.,0
TWN,20,1993,1993,9,1,31,O,26338,11,.,.,1
TWN,10,1993,1993,10,1,30,O,29700,11,.,.,0
TWN,20,1993,1993,10,1,31,O,29770,11,.,.,1
TWN,10,1993,1993,11,1,30,O,29659,11,.,.,0
TWN,20,1993,1993,11,1,31,O,29723,11,.,.,1
TWN,10,1993,1993,12,1,30,O,29710,11,.,.,0
TWN,20,1993,1993,12,1,31,O,29767,11,.,.,1
TWN,10,1993,1993,TOT,1,30,O,324947,11,.,.,0
TWN,20,1993,1993,TOT,1,31,O,325616,11,.,.,1
TWN,10,1994,1994,1,1,31,O,26423,11,.,.,0
TWN,20,1994,1994,1,1,31,O,26481,11,.,.,1
TWN,10,1994,1994,2,1,31,O,23450,11,.,.,0
TWN,20,1994,1994,2,1,31,O,23498,11,.,.,1
TWN,10,1994,1994,3,1,31,O,26977,11,.,.,0
TWN,20,1994,1994,3,1,31,O,27032,11,.,.,1
TWN,10,1994,1994,4,1,31,O,24923,11,.,.,0
TWN,20,1994,1994,4,1,31,O,24979,11,.,.,1
TWN,10,1994,1994,5,1,31,O,26097,11,.,.,0
TWN,20,1994,1994,5,1,31,O,26141,11,.,.,1
TWN,10,1994,1994,6,1,31,O,24984,11,.,.,0
TWN,20,1994,1994,6,1,31,O,25036,11,.,.,1
TWN,10,1994,1994,7,1,31,O,26198,11,.,.,0
TWN,20,1994,1994,7,1,31,O,26241,11,.,.,1
TWN,10,1994,1994,8,1,31,O,28555,11,.,.,0
TWN,20,1994,1994,8,1,31,O,28624,11,.,.,1
TWN,10,1994,1994,9,1,31,O,26765,11,.,.,0
TWN,20,1994,1994,9,1,31,O,26817,11,.,.,1
TWN,10,1994,1994,10,1,31,O,28003,11,.,.,0
TWN,20,1994,1994,10,1,31,O,28064,11,.,.,1
TWN,10,1994,1994,11,1,31,O,30886,11,.,.,0
TWN,20,1994,1994,11,1,31,O,30950,11,.,.,1
TWN,10,1994,1994,12,1,31,O,29003,11,.,.,0
TWN,20,1994,1994,12,1,31,O,29076,11,.,.,1
TWN,10,1994,1994,TOT,1,31,O,322264,11,.,.,0
TWN,20,1994,1994,TOT,1,31,O,322939,11,.,.,1
TWN,10,1995,1995,1,1,31,O,24902,11,.,.,0
TWN,20,1995,1995,1,1,31,O,24950,11,.,.,1
TWN,10,1995,1995,2,1,31,O,27191,11,.,.,0
TWN,20,1995,1995,2,1,31,O,27241,11,.,.,1
TWN,10,1995,1995,3,1,31,O,30340,11,.,.,0
TWN,20,1995,1995,3,1,31,O,30388,11,.,.,1
TWN,10,1995,1995,4,1,31,O,25229,11,.,.,0
TWN,20,1995,1995,4,1,31,O,25283,11,.,.,1
TWN,10,1995,1995,5,1,31,O,27017,11,.,.,0
TWN,20,1995,1995,5,1,31,O,27071,11,.,.,1
TWN,10,1995,1995,6,1,31,O,25187,11,.,.,0
TWN,20,1995,1995,6,1,31,O,25237,11,.,.,1
TWN,10,1995,1995,7,1,31,O,26581,11,.,.,0
TWN,20,1995,1995,7,1,31,O,26632,11,.,.,1
TWN,10,1995,1995,8,1,31,O,27078,11,.,.,0
TWN,20,1995,1995,8,1,31,O,27133,11,.,.,1
TWN,10,1995,1995,9,1,31,O,27069,11,.,.,0
TWN,20,1995,1995,9,1,31,O,27145,11,.,.,1
TWN,10,1995,1995,10,1,31,O,27585,11,.,.,0
TWN,20,1995,1995,10,1,31,O,27642,11,.,.,1
TWN,10,1995,1995,11,1,31,O,31581,11,.,.,0
TWN,20,1995,1995,11,1,31,O,31641,11,.,.,1
TWN,10,1995,1995,12,1,31,O,29144,11,.,.,0
TWN,20,1995,1995,12,1,31,O,29218,11,.,.,1
TWN,10,1995,1995,TOT,1,31,O,328904,11,.,.,0
TWN,20,1995,1995,TOT,1,31,O,329581,11,.,.,1
TWN,10,1996,1996,1,1,31,O,29057,11,.,.,0
TWN,20,1996,1996,1,1,31,O,29119,11,.,.,1
TWN,10,1996,1996,2,1,31,O,23201,11,.,.,0
TWN,20,1996,1996,2,1,31,O,23250,11,.,.,1
TWN,10,1996,1996,3,1,31,O,25951,11,.,.,0
TWN,20,1996,1996,3,1,31,O,26009,11,.,.,1
TWN,10,1996,1996,4,1,31,O,26706,11,.,.,0
TWN,20,1996,1996,4,1,31,O,26763,11,.,.,1
TWN,10,1996,1996,5,1,31,O,26185,11,.,.,0
TWN,20,1996,1996,5,1,31,O,26230,11,.,.,1
TWN,10,1996,1996,6,1,31,O,24005,11,.,.,0
TWN,20,1996,1996,6,1,31,O,24056,11,.,.,1
TWN,10,1996,1996,7,1,31,O,26175,11,.,.,0
TWN,20,1996,1996,7,1,31,O,26233,11,.,.,1
TWN,10,1996,1996,8,1,31,O,28252,11,.,.,0
TWN,20,1996,1996,8,1,31,O,28320,11,.,.,1
TWN,10,1996,1996,9,1,31,O,26357,11,.,.,0
TWN,20,1996,1996,9,1,31,O,26411,11,.,.,1
TWN,10,1996,1996,10,1,31,O,29484,11,.,.,0
TWN,20,1996,1996,10,1,31,O,29541,11,.,.,1
TWN,10,1996,1996,11,1,31,O,29956,11,.,.,0
TWN,20,1996,1996,11,1,31,O,30013,11,.,.,1
TWN,10,1996,1996,12,1,31,O,29545,11,.,.,0
TWN,20,1996,1996,12,1,31,O,29600,11,.,.,1
TWN,10,1996,1996,TOT,1,31,O,324874,11,.,.,0
TWN,20,1996,1996,TOT,1,31,O,325545,11,.,.,1
TWN,10,1997,1997,1,1,31,O,27872,11,.,.,0
TWN,20,1997,1997,1,1,31,O,27937,11,.,.,1
TWN,10,1997,1997,2,1,31,O,23562,11,.,.,0
TWN,20,1997,1997,2,1,31,O,23624,11,.,.,1
TWN,10,1997,1997,3,1,31,O,26875,11,.,.,0
TWN,20,1997,1997,3,1,31,O,26923,11,.,.,1
TWN,10,1997,1997,4,1,31,O,25774,11,.,.,0
TWN,20,1997,1997,4,1,31,O,25820,11,.,.,1
TWN,10,1997,1997,5,1,31,O,25621,11,.,.,0
TWN,20,1997,1997,5,1,31,O,25678,11,.,.,1
TWN,10,1997,1997,6,1,31,O,25111,11,.,.,0
TWN,20,1997,1997,6,1,31,O,25151,11,.,.,1
TWN,10,1997,1997,7,1,31,O,27371,11,.,.,0
TWN,20,1997,1997,7,1,31,O,27436,11,.,.,1
TWN,10,1997,1997,8,1,31,O,25381,11,.,.,0
TWN,20,1997,1997,8,1,31,O,25440,11,.,.,1
TWN,10,1997,1997,9,1,31,O,28568,11,.,.,0
TWN,20,1997,1997,9,1,31,O,28642,11,.,.,1
TWN,10,1997,1997,10,1,31,O,30235,11,.,.,0
TWN,20,1997,1997,10,1,31,O,30298,11,.,.,1
TWN,10,1997,1997,11,1,31,O,28541,11,.,.,0
TWN,20,1997,1997,11,1,31,O,28620,11,.,.,1
TWN,10,1997,1997,12,1,31,O,30352,11,.,.,0
TWN,20,1997,1997,12,1,31,O,30433,11,.,.,1
TWN,10,1997,1997,TOT,1,31,O,325263,11,.,.,0
TWN,20,1997,1997,TOT,1,31,O,326002,11,.,.,1
TWN,10,1998,1998,1,1,31,O,21570,11,.,.,0
TWN,20,1998,1998,1,1,31,O,21628,11,.,.,1
TWN,10,1998,1998,2,1,31,O,24878,11,.,.,0
TWN,20,1998,1998,2,1,31,O,24932,11,.,.,1
TWN,10,1998,1998,3,1,31,O,23945,11,.,.,0
TWN,20,1998,1998,3,1,31,O,24013,11,.,.,1
TWN,10,1998,1998,4,1,31,O,21407,11,.,.,0
TWN,20,1998,1998,4,1,31,O,21446,11,.,.,1
TWN,10,1998,1998,5,1,31,O,20530,11,.,.,0
TWN,20,1998,1998,5,1,31,O,20580,11,.,.,1
TWN,10,1998,1998,6,1,31,O,22310,11,.,.,0
TWN,20,1998,1998,6,1,31,O,22370,11,.,.,1
TWN,10,1998,1998,7,1,31,O,22871,11,.,.,0
TWN,20,1998,1998,7,1,31,O,22921,11,.,.,1
TWN,10,1998,1998,8,1,31,O,23119,11,.,.,0
TWN,20,1998,1998,8,1,31,O,23181,11,.,.,1
TWN,10,1998,1998,9,1,31,O,21846,11,.,.,0
TWN,20,1998,1998,9,1,31,O,21901,11,.,.,1
TWN,10,1998,1998,10,1,31,O,22928,11,.,.,0
TWN,20,1998,1998,10,1,31,O,22990,11,.,.,1
TWN,10,1998,1998,11,1,31,O,22269,11,.,.,0
TWN,20,1998,1998,11,1,31,O,22318,11,.,.,1
TWN,10,1998,1998,12,1,31,O,23106,11,.,.,0
TWN,20,1998,1998,12,1,31,O,23170,11,.,.,1
TWN,10,1998,1998,TOT,1,31,O,270779,11,.,.,0
TWN,20,1998,1998,TOT,1,31,O,271450,11,.,.,1
TWN,10,1999,1999,1,1,31,O,21765,11,.,.,0
TWN,20,1999,1999,1,1,31,O,21823,11,.,.,1
TWN,10,1999,1999,2,1,31,O,19664,11,.,.,0
TWN,20,1999,1999,2,1,31,O,19714,11,.,.,1
TWN,10,1999,1999,3,1,31,O,26771,11,.,.,0
TWN,20,1999,1999,3,1,31,O,26845,11,.,.,1
TWN,10,1999,1999,4,1,31,O,23841,11,.,.,0
TWN,20,1999,1999,4,1,31,O,23898,11,.,.,1
TWN,10,1999,1999,5,1,31,O,23983,11,.,.,0
TWN,20,1999,1999,5,1,31,O,24043,11,.,.,1
TWN,10,1999,1999,6,1,31,O,23015,11,.,.,0
TWN,20,1999,1999,6,1,31,O,23075,11,.,.,1
TWN,10,1999,1999,7,1,31,O,23646,11,.,.,0
TWN,20,1999,1999,7,1,31,O,23700,11,.,.,1
TWN,10,1999,1999,8,1,31,O,23692,11,.,.,0
TWN,20,1999,1999,8,1,31,O,23753,11,.,.,1
TWN,10,1999,1999,9,1,31,O,22780,11,.,.,0
TWN,20,1999,1999,9,1,31,O,22843,11,.,.,1
TWN,10,1999,1999,10,1,31,O,24786,11,.,.,0
TWN,20,1999,1999,10,1,31,O,24853,11,.,.,1
TWN,10,1999,1999,11,1,31,O,24610,11,.,.,0
TWN,20,1999,1999,11,1,31,O,24673,11,.,.,1
TWN,10,1999,1999,12,1,31,O,24383,11,.,.,0
TWN,20,1999,1999,12,1,31,O,24441,11,.,.,1
TWN,10,1999,1999,TOT,1,31,O,282936,11,.,.,0
TWN,20,1999,1999,TOT,1,31,O,283661,11,.,.,1
TWN,10,2000,2000,1,1,31,O,23972,11,.,.,0
TWN,20,2000,2000,1,1,31,O,24042,11,.,.,1
TWN,10,2000,2000,2,1,31,O,22196,11,.,.,0
TWN,20,2000,2000,2,1,31,O,22263,11,.,.,1
TWN,10,2000,2000,3,1,31,O,26192,11,.,.,0
TWN,20,2000,2000,3,1,31,O,26259,11,.,.,1
TWN,10,2000,2000,4,1,31,O,22520,11,.,.,0
TWN,20,2000,2000,4,1,31,O,22587,11,.,.,1
TWN,10,2000,2000,5,1,31,O,24954,11,.,.,0
TWN,20,2000,2000,5,1,31,O,25019,11,.,.,1
TWN,10,2000,2000,6,1,31,O,22872,11,.,.,0
TWN,20,2000,2000,6,1,31,O,22937,11,.,.,1
TWN,10,2000,2000,7,1,31,O,24372,11,.,.,0
TWN,20,2000,2000,7,1,31,O,24436,11,.,.,1
TWN,10,2000,2000,8,1,31,O,25682,11,.,.,0
TWN,20,2000,2000,8,1,31,O,25771,11,.,.,1
TWN,10,2000,2000,9,1,31,O,26845,11,.,.,0
TWN,20,2000,2000,9,1,31,O,26915,11,.,.,1
TWN,10,2000,2000,10,1,31,O,28616,11,.,.,0
TWN,20,2000,2000,10,1,31,O,28710,11,.,.,1
TWN,10,2000,2000,11,1,31,O,28418,11,.,.,0
TWN,20,2000,2000,11,1,31,O,28499,11,.,.,1
TWN,10,2000,2000,12,1,31,O,27790,11,.,.,0
TWN,20,2000,2000,12,1,31,O,27874,11,.,.,1
TWN,10,2000,2000,TOT,1,31,O,304429,11,.,.,0
TWN,20,2000,2000,TOT,1,31,O,305312,11,.,.,1
TWN,10,2001,2001,1,1,31,O,23619,11,.,.,0
TWN,20,2001,2001,1,1,31,O,23705,11,.,.,1
TWN,10,2001,2001,2,1,31,O,21537,11,.,.,0
TWN,20,2001,2001,2,1,31,O,21610,11,.,.,1
TWN,10,2001,2001,3,1,31,O,22334,11,.,.,0
TWN,20,2001,2001,3,1,31,O,22407,11,.,.,1
TWN,10,2001,2001,4,1,31,O,20863,11,.,.,0
TWN,20,2001,2001,4,1,31,O,20922,11,.,.,1
TWN,10,2001,2001,5,1,31,O,21520,11,.,.,0
TWN,20,2001,2001,5,1,31,O,21584,11,.,.,1
TWN,10,2001,2001,6,1,31,O,19873,11,.,.,0
TWN,20,2001,2001,6,1,31,O,19935,11,.,.,1
TWN,10,2001,2001,7,1,31,O,20669,11,.,.,0
TWN,20,2001,2001,7,1,31,O,20728,11,.,.,1
TWN,10,2001,2001,8,1,31,O,22327,11,.,.,0
TWN,20,2001,2001,8,1,31,O,22402,11,.,.,1
TWN,10,2001,2001,9,1,31,O,18389,11,.,.,0
TWN,20,2001,2001,9,1,31,O,18454,11,.,.,1
TWN,10,2001,2001,10,1,31,O,24931,11,.,.,0
TWN,20,2001,2001,10,1,31,O,25013,11,.,.,1
TWN,10,2001,2001,11,1,31,O,21942,11,.,.,0
TWN,20,2001,2001,11,1,31,O,22019,11,.,.,1
TWN,10,2001,2001,12,1,31,O,21503,11,.,.,0
TWN,20,2001,2001,12,1,31,O,21575,11,.,.,1
TWN,10,2001,2001,TOT,1,31,O,259507,11,.,.,0
TWN,20,2001,2001,TOT,1,31,O,260354,11,.,.,1
TWN,10,2002,2002,1,1,31,O,20874,11,.,.,0
TWN,20,2002,2002,1,1,31,O,20931,11,.,.,1
TWN,10,2002,2002,2,1,31,O,17487,11,.,.,0
TWN,20,2002,2002,2,1,31,O,17551,11,.,.,1
TWN,10,2002,2002,3,1,31,O,20124,11,.,.,0
TWN,20,2002,2002,3,1,31,O,20185,11,.,.,1
TWN,10,2002,2002,4,1,31,O,20501,11,.,.,0
TWN,20,2002,2002,4,1,31,O,20565,11,.,.,1
TWN,10,2002,2002,5,1,31,O,20534,11,.,.,0
TWN,20,2002,2002,5,1,31,O,20603,11,.,.,1
TWN,10,2002,2002,6,1,31,O,18089,11,.,.,0
TWN,20,2002,2002,6,1,31,O,18137,11,.,.,1
TWN,10,2002,2002,7,1,31,O,21013,11,.,.,0
TWN,20,2002,2002,7,1,31,O,21093,11,.,.,1
TWN,10,2002,2002,8,1,31,O,20289,11,.,.,0
TWN,20,2002,2002,8,1,31,O,20365,11,.,.,1
TWN,10,2002,2002,9,1,31,O,20643,11,.,.,0
TWN,20,2002,2002,9,1,31,O,20735,11,.,.,1
TWN,10,2002,2002,10,1,31,O,23103,11,.,.,0
TWN,20,2002,2002,10,1,31,O,23175,11,.,.,1
TWN,10,2002,2002,11,1,31,O,21050,11,.,.,0
TWN,20,2002,2002,11,1,31,O,21120,11,.,.,1
TWN,10,2002,2002,12,1,31,O,22981,11,.,.,0
TWN,20,2002,2002,12,1,31,O,23070,11,.,.,1
TWN,10,2002,2002,TOT,1,31,O,246688,11,.,.,0
TWN,20,2002,2002,TOT,1,31,O,247530,11,.,.,1
TWN,10,2003,2003,1,1,31,O,19473,11,.,.,0
TWN,20,2003,2003,1,1,31,O,19533,11,.,.,1
TWN,10,2003,2003,2,1,31,O,17562,11,.,.,0
TWN,20,2003,2003,2,1,31,O,17626,11,.,.,1
TWN,10,2003,2003,3,1,31,O,19246,11,.,.,0
TWN,20,2003,2003,3,1,31,O,19312,11,.,.,1
TWN,10,2003,2003,4,1,31,O,18031,11,.,.,0
TWN,20,2003,2003,4,1,31,O,18092,11,.,.,1
TWN,10,2003,2003,5,1,31,O,17575,11,.,.,0
TWN,20,2003,2003,5,1,31,O,17634,11,.,.,1
TWN,10,2003,2003,6,1,31,O,17374,11,.,.,0
TWN,20,2003,2003,6,1,31,O,17448,11,.,.,1
TWN,10,2003,2003,7,1,31,O,19282,11,.,.,0
TWN,20,2003,2003,7,1,31,O,19368,11,.,.,1
TWN,10,2003,2003,8,1,31,O,17129,11,.,.,0
TWN,20,2003,2003,8,1,31,O,17196,11,.,.,1
TWN,10,2003,2003,9,1,31,O,19735,11,.,.,0
TWN,20,2003,2003,9,1,31,O,19813,11,.,.,1
TWN,10,2003,2003,10,1,31,O,20579,11,.,.,0
TWN,20,2003,2003,10,1,31,O,20646,11,.,.,1
TWN,10,2003,2003,11,1,31,O,18758,11,.,.,0
TWN,20,2003,2003,11,1,31,O,18815,11,.,.,1
TWN,10,2003,2003,12,1,31,O,21508,11,.,.,0
TWN,20,2003,2003,12,1,31,O,21587,11,.,.,1
TWN,10,2003,2003,TOT,1,31,O,226252,11,.,.,0
TWN,20,2003,2003,TOT,1,31,O,227070,11,.,.,1
TWN,10,2004,2004,1,1,31,O,16475,11,.,.,0
TWN,20,2004,2004,1,1,31,O,16531,11,.,.,1
TWN,10,2004,2004,2,1,31,O,17049,11,.,.,0
TWN,20,2004,2004,2,1,31,O,17128,11,.,.,1
TWN,10,2004,2004,3,1,31,O,18657,11,.,.,0
TWN,20,2004,2004,3,1,31,O,18735,11,.,.,1
TWN,10,2004,2004,4,1,31,O,17204,11,.,.,0
TWN,20,2004,2004,4,1,31,O,17274,11,.,.,1
TWN,10,2004,2004,5,1,31,O,16468,11,.,.,0
TWN,20,2004,2004,5,1,31,O,16527,11,.,.,1
TWN,10,2004,2004,6,1,31,O,16466,11,.,.,0
TWN,20,2004,2004,6,1,31,O,16524,11,.,.,1
TWN,10,2004,2004,7,1,31,O,16832,11,.,.,0
TWN,20,2004,2004,7,1,31,O,16897,11,.,.,1
TWN,10,2004,2004,8,1,31,O,17866,11,.,.,0
TWN,20,2004,2004,8,1,31,O,17932,11,.,.,1
TWN,10,2004,2004,9,1,31,O,18811,11,.,.,0
TWN,20,2004,2004,9,1,31,O,18905,11,.,.,1
TWN,10,2004,2004,10,1,31,O,19156,11,.,.,0
TWN,20,2004,2004,10,1,31,O,19223,11,.,.,1
TWN,10,2004,2004,11,1,31,O,20793,11,.,.,0
TWN,20,2004,2004,11,1,31,O,20858,11,.,.,1
TWN,10,2004,2004,12,1,31,O,19819,11,.,.,0
TWN,20,2004,2004,12,1,31,O,19885,11,.,.,1
TWN,10,2004,2004,TOT,1,31,O,215596,11,.,.,0
TWN,20,2004,2004,TOT,1,31,O,216419,11,.,.,1
TWN,10,2005,2005,1,1,31,O,17780,11,.,.,0
TWN,20,2005,2005,1,1,31,O,17844,11,.,.,1
TWN,10,2005,2005,2,1,31,O,14515,11,.,.,0
TWN,20,2005,2005,2,1,31,O,14567,11,.,.,1
TWN,10,2005,2005,3,1,31,O,18872,11,.,.,0
TWN,20,2005,2005,3,1,31,O,18956,11,.,.,1
TWN,10,2005,2005,4,1,31,O,15402,11,.,.,0
TWN,20,2005,2005,4,1,31,O,15473,11,.,.,1
TWN,10,2005,2005,5,1,31,O,17020,11,.,.,0
TWN,20,2005,2005,5,1,31,O,17085,11,.,.,1
TWN,10,2005,2005,6,1,31,O,15847,11,.,.,0
TWN,20,2005,2005,6,1,31,O,15920,11,.,.,1
TWN,10,2005,2005,7,1,31,O,16057,11,.,.,0
TWN,20,2005,2005,7,1,31,O,16119,11,.,.,1
TWN,10,2005,2005,8,1,31,O,17874,11,.,.,0
TWN,20,2005,2005,8,1,31,O,17933,11,.,.,1
TWN,10,2005,2005,9,1,31,O,17476,11,.,.,0
TWN,20,2005,2005,9,1,31,O,17559,11,.,.,1
TWN,10,2005,2005,10,1,31,O,17519,11,.,.,0
TWN,20,2005,2005,10,1,31,O,17584,11,.,.,1
TWN,10,2005,2005,11,1,31,O,18620,11,.,.,0
TWN,20,2005,2005,11,1,31,O,18699,11,.,.,1
TWN,10,2005,2005,12,1,31,O,18026,11,.,.,0
TWN,20,2005,2005,12,1,31,O,18115,11,.,.,1
TWN,10,2005,2005,TOT,1,31,O,205008,11,.,.,0
TWN,20,2005,2005,TOT,1,31,O,205854,11,.,.,1
TWN,10,2006,2006,1,1,31,O,16414,11,.,.,0
TWN,20,2006,2006,1,1,31,O,16477,11,.,.,1
TWN,10,2006,2006,2,1,31,O,16205,11,.,.,0
TWN,20,2006,2006,2,1,31,O,16264,11,.,.,1
TWN,10,2006,2006,3,1,31,O,17440,11,.,.,0
TWN,20,2006,2006,3,1,31,O,17524,11,.,.,1
TWN,10,2006,2006,4,1,31,O,15068,11,.,.,0
TWN,20,2006,2006,4,1,31,O,15126,11,.,.,1
TWN,10,2006,2006,5,1,31,O,16674,11,.,.,0
TWN,20,2006,2006,5,1,31,O,16757,11,.,.,1
TWN,10,2006,2006,6,1,31,O,16510,11,.,.,0
TWN,20,2006,2006,6,1,31,O,16558,11,.,.,1
TWN,10,2006,2006,7,1,31,O,16264,11,.,.,0
TWN,20,2006,2006,7,1,31,O,16340,11,.,.,1
TWN,10,2006,2006,8,1,31,O,17228,11,.,.,0
TWN,20,2006,2006,8,1,31,O,17311,11,.,.,1
TWN,10,2006,2006,9,1,31,O,16786,11,.,.,0
TWN,20,2006,2006,9,1,31,O,16864,11,.,.,1
TWN,10,2006,2006,10,1,31,O,18835,11,.,.,0
TWN,20,2006,2006,10,1,31,O,18927,11,.,.,1
TWN,10,2006,2006,11,1,31,O,18856,11,.,.,0
TWN,20,2006,2006,11,1,31,O,18957,11,.,.,1
TWN,10,2006,2006,12,1,31,O,17273,11,.,.,0
TWN,20,2006,2006,12,1,31,O,17354,11,.,.,1
TWN,10,2006,2006,TOT,1,31,O,203553,11,.,.,0
TWN,20,2006,2006,TOT,1,31,O,204459,11,.,.,1
TWN,10,2007,2007,1,1,31,O,18141,11,.,.,0
TWN,20,2007,2007,1,1,32,O,18224,11,.,.,1
TWN,10,2007,2007,2,1,31,O,13427,11,.,.,0
TWN,20,2007,2007,2,1,32,O,13496,11,.,.,1
TWN,10,2007,2007,3,1,31,O,18395,11,.,.,0
TWN,20,2007,2007,3,1,32,O,18490,11,.,.,1
TWN,10,2007,2007,4,1,31,O,15350,11,.,.,0
TWN,20,2007,2007,4,1,32,O,15448,11,.,.,1
TWN,10,2007,2007,5,1,31,O,16399,11,.,.,0
TWN,20,2007,2007,5,1,32,O,16463,11,.,.,1
TWN,10,2007,2007,6,1,31,O,14617,11,.,.,0
TWN,20,2007,2007,6,1,32,O,14687,11,.,.,1
TWN,10,2007,2007,7,1,31,O,16629,11,.,.,0
TWN,20,2007,2007,7,1,32,O,16737,11,.,.,1
TWN,10,2007,2007,8,1,31,O,18015,11,.,.,0
TWN,20,2007,2007,8,1,32,O,18109,11,.,.,1
TWN,10,2007,2007,9,1,31,O,14803,11,.,.,0
TWN,20,2007,2007,9,1,32,O,14863,11,.,.,1
TWN,10,2007,2007,10,1,31,O,19135,11,.,.,0
TWN,20,2007,2007,10,1,32,O,19233,11,.,.,1
TWN,10,2007,2007,11,1,31,O,19207,11,.,.,0
TWN,20,2007,2007,11,1,32,O,19311,11,.,.,1
TWN,10,2007,2007,12,1,31,O,19244,11,.,.,0
TWN,20,2007,2007,12,1,32,O,19353,11,.,.,1
TWN,10,2007,2007,TOT,1,31,O,203362,11,.,.,0
TWN,20,2007,2007,TOT,1,32,O,204414,11,.,.,1
TWN,10,2008,2008,1,1,31,O,18215,11,.,.,0
TWN,20,2008,2008,1,1,32,O,18323,11,.,.,1
TWN,10,2008,2008,2,1,31,O,15987,11,.,.,0
TWN,20,2008,2008,2,1,32,O,16065,11,.,.,1
TWN,10,2008,2008,3,1,31,O,16034,11,.,.,0
TWN,20,2008,2008,3,1,32,O,16114,11,.,.,1
TWN,10,2008,2008,4,1,31,O,15473,11,.,.,0
TWN,20,2008,2008,4,1,32,O,15549,11,.,.,1
TWN,10,2008,2008,5,1,31,O,15223,11,.,.,0
TWN,20,2008,2008,5,1,32,O,15309,11,.,.,1
TWN,10,2008,2008,6,1,31,O,14367,11,.,.,0
TWN,20,2008,2008,6,1,32,O,14429,11,.,.,1
TWN,10,2008,2008,7,1,31,O,15973,11,.,.,0
TWN,20,2008,2008,7,1,32,O,16063,11,.,.,1
TWN,10,2008,2008,8,1,31,O,14790,11,.,.,0
TWN,20,2008,2008,8,1,32,O,14866,11,.,.,1
TWN,10,2008,2008,9,1,31,O,15972,11,.,.,0
TWN,20,2008,2008,9,1,32,O,16048,11,.,.,1
TWN,10,2008,2008,10,1,31,O,18658,11,.,.,0
TWN,20,2008,2008,10,1,32,O,18740,11,.,.,1
TWN,10,2008,2008,11,1,31,O,20245,11,.,.,0
TWN,20,2008,2008,11,1,32,O,20388,11,.,.,1
TWN,10,2008,2008,12,1,31,O,16722,11,.,.,0
TWN,20,2008,2008,12,1,32,O,16839,11,.,.,1
TWN,10,2008,2008,TOT,1,31,O,197659,11,.,.,0
TWN,20,2008,2008,TOT,1,32,O,198733,11,.,.,1
TWN,10,2009,2009,1,1,31,O,13394,11,.,.,0
TWN,20,2009,2009,1,1,32,O,13469,11,.,.,1
TWN,10,2009,2009,2,1,31,O,17076,11,.,.,0
TWN,20,2009,2009,2,1,32,O,17159,11,.,.,1
TWN,10,2009,2009,3,1,31,O,20645,11,.,.,0
TWN,20,2009,2009,3,1,32,O,20773,11,.,.,1
TWN,10,2009,2009,4,1,31,O,10527,11,.,.,0
TWN,20,2009,2009,4,1,32,O,10597,11,.,.,1
TWN,10,2009,2009,5,1,31,O,12569,11,.,.,0
TWN,20,2009,2009,5,1,32,O,12646,11,.,.,1
TWN,10,2009,2009,6,1,31,O,16057,11,.,.,0
TWN,20,2009,2009,6,1,32,O,16157,11,.,.,1
TWN,10,2009,2009,7,1,31,O,16201,11,.,.,0
TWN,20,2009,2009,7,1,32,O,16297,11,.,.,1
TWN,10,2009,2009,8,1,31,O,14613,11,.,.,0
TWN,20,2009,2009,8,1,32,O,14699,11,.,.,1
TWN,10,2009,2009,9,1,31,O,16064,11,.,.,0
TWN,20,2009,2009,9,1,32,O,16170,11,.,.,1
TWN,10,2009,2009,10,1,31,O,17466,11,.,.,0
TWN,20,2009,2009,10,1,32,O,17574,11,.,.,1
TWN,10,2009,2009,11,1,31,O,17453,11,.,.,0
TWN,20,2009,2009,11,1,32,O,17556,11,.,.,1
TWN,10,2009,2009,12,1,31,O,18088,11,.,.,0
TWN,20,2009,2009,12,1,32,O,18213,11,.,.,1
TWN,10,2009,2009,TOT,1,31,O,190153,11,.,.,0
TWN,20,2009,2009,TOT,1,32,O,191310,11,.,.,1
TWN,10,2010,2010,1,1,31,O,15510,11,.,.,0
TWN,20,2010,2010,1,1,32,O,15603,11,.,.,1
TWN,10,2010,2010,2,1,31,O,12278,11,.,.,0
TWN,20,2010,2010,2,1,32,O,12364,11,.,.,1
TWN,10,2010,2010,3,1,31,O,15639,11,.,.,0
TWN,20,2010,2010,3,1,32,O,15750,11,.,.,1
TWN,10,2010,2010,4,1,31,O,13274,11,.,.,0
TWN,20,2010,2010,4,1,32,O,13371,11,.,.,1
TWN,10,2010,2010,5,1,31,O,12807,11,.,.,0
TWN,20,2010,2010,5,1,32,O,12902,11,.,.,1
TWN,10,2010,2010,6,1,31,O,12648,11,.,.,0
TWN,20,2010,2010,6,1,32,O,12722,11,.,.,1
TWN,10,2010,2010,7,1,31,O,12583,11,.,.,0
TWN,20,2010,2010,7,1,32,O,12668,11,.,.,1
TWN,10,2010,2010,8,1,31,O,13660,11,.,.,0
TWN,20,2010,2010,8,1,32,O,13761,11,.,.,1
TWN,10,2010,2010,9,1,31,O,13556,11,.,.,0
TWN,20,2010,2010,9,1,32,O,13637,11,.,.,1
TWN,10,2010,2010,10,1,31,O,13388,11,.,.,0
TWN,20,2010,2010,10,1,32,O,13487,11,.,.,1
TWN,10,2010,2010,11,1,31,O,15293,11,.,.,0
TWN,20,2010,2010,11,1,32,O,15406,11,.,.,1
TWN,10,2010,2010,12,1,31,O,15098,11,.,.,0
TWN,20,2010,2010,12,1,32,O,15215,11,.,.,1
TWN,10,2010,2010,TOT,1,31,O,165734,11,.,.,0
TWN,20,2010,2010,TOT,1,32,O,166886,11,.,.,1
TWN,20,2011,2011,1,1,33,O,14703,11,.,.,1
TWN,20,2011,2011,2,1,33,O,12270,11,.,.,1
TWN,20,2011,2011,3,1,33,O,17524,11,.,.,1
TWN,20,2011,2011,4,1,33,O,15089,11,.,.,1
TWN,20,2011,2011,5,1,33,O,16206,11,.,.,1
TWN,20,2011,2011,6,1,33,O,15866,11,.,.,1
TWN,20,2011,2011,7,1,33,O,15887,11,.,.,1
TWN,20,2011,2011,8,1,33,O,16797,11,.,.,1
TWN,20,2011,2011,9,1,33,O,18003,11,.,.,1
TWN,20,2011,2011,10,1,33,O,17136,11,.,.,1
TWN,20,2011,2011,11,1,33,O,18443,11,.,.,1
TWN,20,2011,2011,12,1,33,O,18703,11,.,.,1
TWN,20,2011,2011,TOT,1,33,O,196627,11,.,.,1
TWN,20,2012,2012,1,1,33,O,15296,11,.,.,1
TWN,20,2012,2012,2,1,33,O,17500,11,.,.,1
TWN,20,2012,2012,3,1,33,O,19283,11,.,.,1
TWN,20,2012,2012,4,1,33,O,17405,11,.,.,1
TWN,20,2012,2012,5,1,33,O,18542,11,.,.,1
TWN,20,2012,2012,6,1,33,O,19482,11,.,.,1
TWN,20,2012,2012,7,1,33,O,16897,11,.,.,1
TWN,20,2012,2012,8,1,33,O,19615,11,.,.,1
TWN,20,2012,2012,9,1,33,O,18908,11,.,.,1
TWN,20,2012,2012,10,1,33,O,23398,11,.,.,1
TWN,20,2012,2012,11,1,33,O,21953,11,.,.,1
TWN,20,2012,2012,12,1,33,O,21202,11,.,.,1
TWN,20,2012,2012,TOT,1,33,O,229481,11,.,.,1
TWN,20,2013,2013,1,1,33,O,21982,11,.,.,1
TWN,20,2013,2013,2,1,33,O,15666,11,.,.,1
TWN,20,2013,2013,3,1,33,O,16880,11,.,.,1
TWN,20,2013,2013,4,1,33,O,15506,11,.,.,1
TWN,20,2013,2013,5,1,33,O,16223,11,.,.,1
TWN,20,2013,2013,6,1,33,O,13963,11,.,.,1
TWN,20,2013,2013,7,1,33,O,16221,11,.,.,1
TWN,20,2013,2013,8,1,33,O,15318,11,.,.,1
TWN,20,2013,2013,9,1,33,O,15750,11,.,.,1
TWN,20,2013,2013,10,1,33,O,17521,11,.,.,1
TWN,20,2013,2013,11,1,33,O,16632,11,.,.,1
TWN,20,2013,2013,12,1,33,O,17451,11,.,.,1
TWN,20,2013,2013,TOT,1,33,O,199113,11,.,.,1
TWN,20,2014,2014,1,1,33,O,15716,11,.,.,1
TWN,20,2014,2014,2,1,33,O,15357,11,.,.,1
TWN,20,2014,2014,3,1,33,O,17588,11,.,.,1
TWN,20,2014,2014,4,1,33,O,17507,11,.,.,1
TWN,20,2014,2014,5,1,33,O,15658,11,.,.,1
TWN,20,2014,2014,6,1,33,O,16420,11,.,.,1
TWN,20,2014,2014,7,1,33,O,17658,11,.,.,1
TWN,20,2014,2014,8,1,33,O,16566,11,.,.,1
TWN,20,2014,2014,9,1,33,O,18624,11,.,.,1
TWN,20,2014,2014,10,1,33,O,20027,11,.,.,1
TWN,20,2014,2014,11,1,33,O,18109,11,.,.,1
TWN,20,2014,2014,12,1,33,O,21153,11,.,.,1
TWN,20,2014,2014,TOT,1,33,O,210383,11,.,.,1
