East Germany, Life tables (period 5x10), Females	Last modified: 17 Dec 2018;  Methods Protocol: v6 (2017)

  Year          Age         mx       qx    ax      lx      dx      Lx       Tx     ex
1956-1959        0      0.03995  0.03871  0.20  100000    3871   96910  7079859  70.80
1956-1959      1-4      0.00170  0.00675  1.39   96129     649  382818  6982949  72.64
1956-1959      5-9      0.00046  0.00232  2.24   95480     221  476790  6600131  69.13
1956-1959     10-14     0.00039  0.00193  2.55   95259     184  475843  6123341  64.28
1956-1959     15-19     0.00060  0.00299  2.73   95075     284  474730  5647499  59.40
1956-1959     20-24     0.00083  0.00414  2.58   94791     392  473005  5172769  54.57
1956-1959     25-29     0.00100  0.00498  2.57   94399     470  470853  4699764  49.79
1956-1959     30-34     0.00136  0.00679  2.64   93929     637  468135  4228911  45.02
1956-1959     35-39     0.00188  0.00935  2.63   93291     872  464385  3760775  40.31
1956-1959     40-44     0.00266  0.01321  2.64   92419    1221  459215  3296390  35.67
1956-1959     45-49     0.00380  0.01881  2.63   91197    1715  451928  2837175  31.11
1956-1959     50-54     0.00562  0.02773  2.64   89482    2481  441563  2385248  26.66
1956-1959     55-59     0.00859  0.04209  2.65   87001    3662  426391  1943685  22.34
1956-1959     60-64     0.01402  0.06789  2.67   83338    5658  403514  1517294  18.21
1956-1959     65-69     0.02431  0.11510  2.69   77681    8941  367718  1113781  14.34
1956-1959     70-74     0.04472  0.20236  2.65   68740   13910  311045   746063  10.85
1956-1959     75-79     0.08003  0.33501  2.57   54830   18369  229526   435018   7.93
1956-1959     80-84     0.13931  0.51246  2.42   36461   18685  134125   205492   5.64
1956-1959     85-89     0.22083  0.68411  2.22   17776   12161   55069    71367   4.01
1956-1959     90-94     0.32554  0.82070  1.98    5615    4609   14156    16298   2.90
1956-1959     95-99     0.46102  0.91651  1.71    1007     923    2002     2141   2.13
1956-1959    100-104    0.59833  0.96125  1.47      84      81     135      140   1.66
1956-1959    105-109    0.72309  0.98068  1.28       3       3       4        4   1.38
1956-1959    110+       0.81105  1.00000  1.23       0       0       0        0   1.23
1960-1969        0      0.02423  0.02373  0.14  100000    2373   97961  7265226  72.65
1960-1969      1-4      0.00113  0.00449  1.45   97627     438  389387  7167266  73.41
1960-1969      5-9      0.00039  0.00196  2.30   97188     190  485430  6777878  69.74
1960-1969     10-14     0.00030  0.00152  2.54   96998     147  484630  6292449  64.87
1960-1969     15-19     0.00049  0.00245  2.72   96851     237  483715  5807819  59.97
1960-1969     20-24     0.00066  0.00327  2.56   96614     316  482300  5324104  55.11
1960-1969     25-29     0.00080  0.00397  2.63   96298     383  480586  4841805  50.28
1960-1969     30-34     0.00108  0.00541  2.63   95916     519  478350  4361218  45.47
1960-1969     35-39     0.00161  0.00800  2.63   95397     763  475181  3882868  40.70
1960-1969     40-44     0.00237  0.01180  2.65   94634    1117  470549  3407688  36.01
1960-1969     45-49     0.00367  0.01821  2.66   93518    1703  463601  2937138  31.41
1960-1969     50-54     0.00530  0.02619  2.64   91814    2405  453392  2473537  26.94
1960-1969     55-59     0.00811  0.03978  2.68   89409    3557  438785  2020144  22.59
1960-1969     60-64     0.01333  0.06467  2.69   85852    5552  416425  1581359  18.42
1960-1969     65-69     0.02339  0.11094  2.68   80301    8908  380861  1164934  14.51
1960-1969     70-74     0.04256  0.19355  2.66   71392   13818  324659   784073  10.98
1960-1969     75-79     0.07825  0.32916  2.59   57575   18951  242173   459414   7.98
1960-1969     80-84     0.13872  0.51149  2.43   38623   19756  142415   217241   5.62
1960-1969     85-89     0.22284  0.68846  2.22   18868   12990   58292    74826   3.97
1960-1969     90-94     0.33759  0.83434  1.97    5878    4904   14527    16534   2.81
1960-1969     95-99     0.47662  0.92398  1.69     974     900    1888     2007   2.06
1960-1969    100-104    0.61899  0.96572  1.44      74      71     115      119   1.61
1960-1969    105-109    0.74495  0.98300  1.26       3       2       3        3   1.34
1960-1969    110+       0.83122  1.00000  1.20       0       0       0        0   1.20
1970-1979        0      0.01322  0.01307  0.12  100000    1307   98852  7424686  74.25
1970-1979      1-4      0.00065  0.00259  1.57   98693     255  394152  7325834  74.23
1970-1979      5-9      0.00031  0.00157  2.32   98438     155  491774  6931682  70.42
1970-1979     10-14     0.00024  0.00119  2.55   98283     117  491130  6439908  65.52
1970-1979     15-19     0.00047  0.00235  2.66   98166     230  490293  5948779  60.60
1970-1979     20-24     0.00053  0.00265  2.48   97936     260  489027  5458486  55.74
1970-1979     25-29     0.00064  0.00317  2.61   97677     310  487642  4969459  50.88
1970-1979     30-34     0.00085  0.00426  2.63   97367     415  485850  4481816  46.03
1970-1979     35-39     0.00125  0.00623  2.66   96952     604  483344  3995967  41.22
1970-1979     40-44     0.00207  0.01029  2.70   96348     991  479457  3512623  36.46
1970-1979     45-49     0.00328  0.01628  2.71   95356    1553  473221  3033166  31.81
1970-1979     50-54     0.00502  0.02481  2.65   93804    2328  463541  2559945  27.29
1970-1979     55-59     0.00780  0.03831  2.66   91476    3504  449179  2096403  22.92
1970-1979     60-64     0.01280  0.06218  2.69   87972    5470  427225  1647224  18.72
1970-1979     65-69     0.02246  0.10675  2.69   82502    8807  392152  1219999  14.79
1970-1979     70-74     0.04114  0.18767  2.66   73695   13830  336150   827847  11.23
1970-1979     75-79     0.07460  0.31606  2.59   59865   18921  253632   491697   8.21
1970-1979     80-84     0.13148  0.49228  2.45   40944   20156  153303   238065   5.81
1970-1979     85-89     0.21568  0.67668  2.25   20788   14067   65222    84762   4.08
1970-1979     90-94     0.32470  0.82159  1.99    6721    5522   17006    19540   2.91
1970-1979     95-99     0.46395  0.91842  1.71    1199    1101    2374     2534   2.11
1970-1979    100-104    0.60723  0.96342  1.46      98      94     155      160   1.64
1970-1979    105-109    0.73566  0.98211  1.27       4       4       5        5   1.36
1970-1979    110+       0.82439  1.00000  1.21       0       0       0        0   1.21
1980-1989        0      0.00846  0.00839  0.13  100000     839   99271  7546836  75.47
1980-1989      1-4      0.00050  0.00201  1.53   99161     200  396150  7447564  75.11
1980-1989      5-9      0.00023  0.00113  2.33   98961     112  494508  7051414  71.25
1980-1989     10-14     0.00018  0.00092  2.61   98849      91  494030  6556907  66.33
1980-1989     15-19     0.00043  0.00213  2.70   98758     211  493307  6062877  61.39
1980-1989     20-24     0.00048  0.00240  2.56   98548     236  492162  5569570  56.52
1980-1989     25-29     0.00055  0.00273  2.61   98311     268  490916  5077408  51.65
1980-1989     30-34     0.00075  0.00377  2.65   98043     369  489350  4586493  46.78
1980-1989     35-39     0.00113  0.00565  2.68   97674     552  487093  4097143  41.95
1980-1989     40-44     0.00183  0.00912  2.69   97122     885  483562  3610050  37.17
1980-1989     45-49     0.00290  0.01441  2.69   96237    1386  477982  3126488  32.49
1980-1989     50-54     0.00471  0.02327  2.67   94851    2207  469110  2648505  27.92
1980-1989     55-59     0.00728  0.03580  2.67   92643    3316  455478  2179395  23.52
1980-1989     60-64     0.01218  0.05921  2.67   89327    5289  434305  1723917  19.30
1980-1989     65-69     0.02085  0.09944  2.69   84039    8357  400875  1289612  15.35
1980-1989     70-74     0.03749  0.17240  2.67   75682   13048  348007   888737  11.74
1980-1989     75-79     0.06813  0.29289  2.61   62634   18345  269247   540730   8.63
1980-1989     80-84     0.12086  0.46331  2.48   44289   20520  169783   271482   6.13
1980-1989     85-89     0.20224  0.65227  2.28   23769   15504   76661   101699   4.28
1980-1989     90-94     0.30928  0.80774  2.04    8265    6676   21586    25038   3.03
1980-1989     95-99     0.45027  0.91222  1.74    1589    1450    3220     3452   2.17
1980-1989    100-104    0.59704  0.96143  1.47     139     134     225      232   1.66
1980-1989    105-109    0.72987  0.98160  1.28       5       5       7        7   1.37
1980-1989    110+       0.82179  1.00000  1.22       0       0       0        0   1.22
1990-1999        0      0.00505  0.00503  0.14  100000     503   99567  7827925  78.28
1990-1999      1-4      0.00035  0.00140  1.61   99497     139  397656  7728358  77.67
1990-1999      5-9      0.00016  0.00082  2.29   99358      82  496567  7330703  73.78
1990-1999     10-14     0.00016  0.00082  2.67   99276      82  496190  6834135  68.84
1990-1999     15-19     0.00040  0.00201  2.79   99194     199  495532  6337946  63.89
1990-1999     20-24     0.00040  0.00198  2.42   98995     196  494469  5842414  59.02
1990-1999     25-29     0.00044  0.00222  2.63   98799     219  493474  5347944  54.13
1990-1999     30-34     0.00067  0.00337  2.71   98579     332  492134  4854471  49.24
1990-1999     35-39     0.00104  0.00518  2.67   98247     509  490051  4362336  44.40
1990-1999     40-44     0.00163  0.00813  2.66   97738     794  486830  3872285  39.62
1990-1999     45-49     0.00246  0.01224  2.67   96944    1187  481957  3385455  34.92
1990-1999     50-54     0.00368  0.01824  2.65   95757    1747  474678  2903498  30.32
1990-1999     55-59     0.00565  0.02790  2.67   94011    2623  463930  2428820  25.84
1990-1999     60-64     0.00942  0.04611  2.68   91388    4213  447174  1964890  21.50
1990-1999     65-69     0.01594  0.07687  2.68   87174    6701  420330  1517717  17.41
1990-1999     70-74     0.02767  0.12990  2.65   80473   10454  377847  1097386  13.64
1990-1999     75-79     0.04997  0.22360  2.65   70019   15656  313306   719540  10.28
1990-1999     80-84     0.08893  0.36461  2.53   54363   19821  222896   406234   7.47
1990-1999     85-89     0.15027  0.54066  2.41   34542   18675  124276   183339   5.31
1990-1999     90-94     0.24152  0.71882  2.18   15867   11405   47222    59063   3.72
1990-1999     95-99     0.36088  0.85482  1.92    4461    3814   10568    11841   2.65
1990-1999    100-104    0.50133  0.93384  1.64     648     605    1207     1273   1.97
1990-1999    105-109    0.64275  0.97000  1.40      43      42      65       66   1.55
1990-1999    110+       0.74938  1.00000  1.33       1       1       2        2   1.33
2000-2009        0      0.00305  0.00304  0.14  100000     304   99739  8166212  81.66
2000-2009      1-4      0.00018  0.00074  1.61   99696      74  398607  8066473  80.91
2000-2009      5-9      0.00009  0.00043  2.47   99622      43  498002  7667866  76.97
2000-2009     10-14     0.00011  0.00056  2.80   99579      56  497773  7169864  72.00
2000-2009     15-19     0.00026  0.00132  2.73   99523     132  497318  6672090  67.04
2000-2009     20-24     0.00029  0.00143  2.41   99392     142  496591  6174772  62.13
2000-2009     25-29     0.00029  0.00144  2.57   99250     143  495901  5678181  57.21
2000-2009     30-34     0.00038  0.00190  2.72   99107     188  495105  5182280  52.29
2000-2009     35-39     0.00068  0.00338  2.70   98919     334  493825  4687175  47.38
2000-2009     40-44     0.00116  0.00579  2.70   98584     571  491608  4193350  42.54
2000-2009     45-49     0.00189  0.00943  2.70   98013     924  487937  3701742  37.77
2000-2009     50-54     0.00278  0.01379  2.63   97089    1338  482279  3213805  33.10
2000-2009     55-59     0.00402  0.01991  2.66   95751    1906  474284  2731526  28.53
2000-2009     60-64     0.00620  0.03054  2.66   93844    2866  462510  2257242  24.05
2000-2009     65-69     0.01023  0.04998  2.69   90979    4547  444404  1794732  19.73
2000-2009     70-74     0.01852  0.08882  2.71   86432    7677  414608  1350328  15.62
2000-2009     75-79     0.03458  0.16010  2.69   78755   12609  364646   935720  11.88
2000-2009     80-84     0.06525  0.28226  2.61   66146   18670  286128   571073   8.63
2000-2009     85-89     0.12244  0.46886  2.50   47476   22259  181801   284946   6.00
2000-2009     90-94     0.21177  0.67178  2.28   25216   16940   79991   103145   4.09
2000-2009     95-99     0.33852  0.83774  1.99    8277    6934   20482    23154   2.80
2000-2009    100-104    0.49442  0.93263  1.66    1343    1252    2533     2671   1.99
2000-2009    105-109    0.65306  0.97230  1.39      90      88     135      138   1.52
2000-2009    110+       0.77034  1.00000  1.30       3       3       3        3   1.30
2010-2017        0      0.00247  0.00246  0.14  100000     246   99789  8303148  83.03
2010-2017      1-4      0.00015  0.00059  1.66   99754      59  398877  8203359  82.24
2010-2017      5-9      0.00006  0.00032  2.31   99695      32  498388  7804482  78.28
2010-2017     10-14     0.00008  0.00040  2.77   99663      40  498225  7306094  73.31
2010-2017     15-19     0.00018  0.00087  2.82   99623      87  497925  6807869  68.34
2010-2017     20-24     0.00021  0.00105  2.44   99536     105  497411  6309945  63.39
2010-2017     25-29     0.00025  0.00123  2.73   99431     123  496878  5812533  58.46
2010-2017     30-34     0.00038  0.00190  2.63   99309     189  496096  5315656  53.53
2010-2017     35-39     0.00055  0.00273  2.76   99120     270  494991  4819560  48.62
2010-2017     40-44     0.00093  0.00466  2.68   98849     460  493178  4324568  43.75
2010-2017     45-49     0.00161  0.00802  2.73   98389     789  490151  3831390  38.94
2010-2017     50-54     0.00262  0.01300  2.67   97600    1269  485040  3341238  34.23
2010-2017     55-59     0.00393  0.01947  2.64   96331    1875  477224  2856198  29.65
2010-2017     60-64     0.00590  0.02911  2.65   94456    2750  465831  2378975  25.19
2010-2017     65-69     0.00879  0.04306  2.66   91706    3948  449279  1913144  20.86
2010-2017     70-74     0.01437  0.06951  2.69   87758    6100  424668  1463864  16.68
2010-2017     75-79     0.02720  0.12805  2.72   81657   10456  384424  1039197  12.73
2010-2017     80-84     0.05575  0.24668  2.67   71201   17564  315054   654773   9.20
2010-2017     85-89     0.10999  0.43287  2.54   53637   23218  211097   339719   6.33
2010-2017     90-94     0.20084  0.65201  2.31   30420   19834   98753   128622   4.23
2010-2017     95-99     0.33432  0.83533  2.01   10586    8842   26449    29869   2.82
2010-2017    100-104    0.50136  0.93611  1.65    1743    1632    3255     3420   1.96
2010-2017    105-109    0.67023  0.97519  1.36     111     109     162      166   1.49
2010-2017    110+       0.79181  1.00000  1.26       3       3       3        3   1.26
