East Germany, Life tables (period 1x10), Males	Last modified: 17 Dec 2018;  Methods Protocol: v6 (2017)

  Year          Age         mx       qx    ax      lx      dx      Lx       Tx     ex
1956-1959        0      0.05088  0.04888  0.19  100000    4888   96062  6623316  66.23
1956-1959        1      0.00429  0.00428  0.50   95112     407   94909  6527254  68.63
1956-1959        2      0.00197  0.00197  0.50   94705     187   94612  6432346  67.92
1956-1959        3      0.00138  0.00138  0.50   94518     131   94453  6337734  67.05
1956-1959        4      0.00099  0.00099  0.50   94388      93   94341  6243281  66.15
1956-1959        5      0.00089  0.00089  0.50   94295      84   94252  6148940  65.21
1956-1959        6      0.00076  0.00076  0.50   94210      72   94175  6054688  64.27
1956-1959        7      0.00072  0.00072  0.50   94139      68   94105  5960513  63.32
1956-1959        8      0.00066  0.00066  0.50   94071      62   94039  5866409  62.36
1956-1959        9      0.00069  0.00068  0.50   94008      64   93976  5772369  61.40
1956-1959       10      0.00054  0.00054  0.50   93944      50   93919  5678393  60.44
1956-1959       11      0.00053  0.00053  0.50   93893      50   93868  5584475  59.48
1956-1959       12      0.00048  0.00048  0.50   93843      45   93821  5490606  58.51
1956-1959       13      0.00057  0.00057  0.50   93798      53   93772  5396786  57.54
1956-1959       14      0.00067  0.00067  0.50   93745      63   93714  5303014  56.57
1956-1959       15      0.00079  0.00079  0.50   93682      74   93645  5209301  55.61
1956-1959       16      0.00094  0.00094  0.50   93608      88   93564  5115656  54.65
1956-1959       17      0.00111  0.00111  0.50   93519     104   93467  5022092  53.70
1956-1959       18      0.00141  0.00141  0.50   93415     132   93349  4928625  52.76
1956-1959       19      0.00153  0.00153  0.50   93283     143   93212  4835276  51.83
1956-1959       20      0.00164  0.00164  0.50   93141     153   93064  4742064  50.91
1956-1959       21      0.00169  0.00169  0.50   92988     157   92909  4648999  50.00
1956-1959       22      0.00166  0.00166  0.50   92830     154   92754  4556090  49.08
1956-1959       23      0.00159  0.00159  0.50   92677     147   92603  4463337  48.16
1956-1959       24      0.00160  0.00160  0.50   92529     148   92455  4370734  47.24
1956-1959       25      0.00167  0.00166  0.50   92381     154   92304  4278278  46.31
1956-1959       26      0.00164  0.00164  0.50   92227     151   92152  4185974  45.39
1956-1959       27      0.00164  0.00164  0.50   92076     151   92001  4093822  44.46
1956-1959       28      0.00162  0.00162  0.50   91926     149   91851  4001821  43.53
1956-1959       29      0.00170  0.00170  0.50   91777     156   91699  3909970  42.60
1956-1959       30      0.00170  0.00169  0.50   91621     155   91543  3818272  41.67
1956-1959       31      0.00174  0.00174  0.50   91465     159   91386  3726728  40.74
1956-1959       32      0.00184  0.00183  0.50   91307     168   91223  3635342  39.81
1956-1959       33      0.00189  0.00188  0.50   91139     172   91053  3544119  38.89
1956-1959       34      0.00202  0.00201  0.50   90967     183   90876  3453066  37.96
1956-1959       35      0.00215  0.00215  0.50   90784     195   90687  3362190  37.03
1956-1959       36      0.00234  0.00233  0.50   90590     211   90484  3271503  36.11
1956-1959       37      0.00238  0.00237  0.50   90378     215   90271  3181019  35.20
1956-1959       38      0.00233  0.00233  0.50   90164     210   90059  3090749  34.28
1956-1959       39      0.00261  0.00261  0.50   89953     235   89836  3000690  33.36
1956-1959       40      0.00271  0.00271  0.50   89719     243   89597  2910854  32.44
1956-1959       41      0.00313  0.00313  0.50   89476     280   89336  2821257  31.53
1956-1959       42      0.00319  0.00318  0.50   89196     284   89054  2731921  30.63
1956-1959       43      0.00354  0.00354  0.50   88912     315   88755  2642867  29.72
1956-1959       44      0.00383  0.00383  0.50   88598     339   88428  2554112  28.83
1956-1959       45      0.00415  0.00414  0.50   88259     365   88076  2465684  27.94
1956-1959       46      0.00475  0.00474  0.50   87894     416   87685  2377608  27.05
1956-1959       47      0.00510  0.00508  0.50   87477     445   87255  2289922  26.18
1956-1959       48      0.00551  0.00549  0.50   87032     478   86793  2202668  25.31
1956-1959       49      0.00624  0.00622  0.50   86554     538   86285  2115874  24.45
1956-1959       50      0.00698  0.00696  0.50   86016     599   85717  2029589  23.60
1956-1959       51      0.00784  0.00781  0.50   85417     667   85084  1943873  22.76
1956-1959       52      0.00871  0.00867  0.50   84751     735   84383  1858789  21.93
1956-1959       53      0.00970  0.00965  0.50   84016     811   83611  1774406  21.12
1956-1959       54      0.01084  0.01078  0.50   83205     897   82757  1690795  20.32
1956-1959       55      0.01232  0.01224  0.50   82308    1007   81805  1608038  19.54
1956-1959       56      0.01360  0.01351  0.50   81301    1098   80752  1526234  18.77
1956-1959       57      0.01527  0.01516  0.50   80202    1216   79595  1445482  18.02
1956-1959       58      0.01702  0.01687  0.50   78987    1333   78320  1365887  17.29
1956-1959       59      0.01902  0.01884  0.50   77654    1463   76922  1287567  16.58
1956-1959       60      0.02057  0.02036  0.50   76191    1551   75415  1210645  15.89
1956-1959       61      0.02213  0.02189  0.50   74640    1634   73823  1135229  15.21
1956-1959       62      0.02416  0.02388  0.50   73006    1743   72135  1061406  14.54
1956-1959       63      0.02654  0.02620  0.50   71263    1867   70330   989272  13.88
1956-1959       64      0.02891  0.02850  0.50   69396    1978   68407   918942  13.24
1956-1959       65      0.03142  0.03093  0.50   67418    2085   66376   850535  12.62
1956-1959       66      0.03442  0.03383  0.50   65333    2211   64228   784159  12.00
1956-1959       67      0.03751  0.03682  0.50   63123    2324   61961   719931  11.41
1956-1959       68      0.04109  0.04027  0.50   60799    2448   59574   657971  10.82
1956-1959       69      0.04459  0.04362  0.50   58350    2545   57078   598396  10.26
1956-1959       70      0.04949  0.04829  0.50   55805    2695   54458   541319   9.70
1956-1959       71      0.05358  0.05218  0.50   53110    2772   51725   486861   9.17
1956-1959       72      0.05983  0.05810  0.50   50339    2924   48877   435136   8.64
1956-1959       73      0.06512  0.06307  0.50   47414    2990   45919   386259   8.15
1956-1959       74      0.07250  0.06996  0.50   44424    3108   42870   340340   7.66
1956-1959       75      0.07959  0.07655  0.50   41316    3163   39735   297470   7.20
1956-1959       76      0.08832  0.08459  0.50   38154    3227   36540   257735   6.76
1956-1959       77      0.09682  0.09235  0.50   34926    3226   33314   221195   6.33
1956-1959       78      0.10600  0.10066  0.50   31701    3191   30105   187881   5.93
1956-1959       79      0.11813  0.11154  0.50   28510    3180   26920   157776   5.53
1956-1959       80      0.13352  0.12516  0.50   25330    3170   23744   130856   5.17
1956-1959       81      0.14459  0.13484  0.50   22159    2988   20665   107112   4.83
1956-1959       82      0.16141  0.14935  0.50   19171    2863   17740    86447   4.51
1956-1959       83      0.17765  0.16316  0.50   16308    2661   14978    68707   4.21
1956-1959       84      0.19194  0.17513  0.50   13647    2390   12452    53730   3.94
1956-1959       85      0.21374  0.19310  0.50   11257    2174   10170    41278   3.67
1956-1959       86      0.23101  0.20709  0.50    9083    1881    8143    31107   3.42
1956-1959       87      0.25795  0.22848  0.50    7202    1646    6379    22965   3.19
1956-1959       88      0.28191  0.24708  0.50    5557    1373    4870    16585   2.98
1956-1959       89      0.30396  0.26386  0.50    4184    1104    3632    11715   2.80
1956-1959       90      0.32828  0.28200  0.50    3080     868    2646     8083   2.62
1956-1959       91      0.35074  0.29841  0.50    2211     660    1881     5438   2.46
1956-1959       92      0.39654  0.33093  0.50    1551     513    1295     3556   2.29
1956-1959       93      0.43644  0.35826  0.50    1038     372     852     2262   2.18
1956-1959       94      0.42135  0.34803  0.50     666     232     550     1410   2.12
1956-1959       95      0.46697  0.37858  0.50     434     164     352      859   1.98
1956-1959       96      0.49613  0.39752  0.50     270     107     216      507   1.88
1956-1959       97      0.52532  0.41604  0.50     163      68     129      291   1.79
1956-1959       98      0.55433  0.43403  0.50      95      41      74      162   1.71
1956-1959       99      0.58298  0.45140  0.50      54      24      42       88   1.63
1956-1959      100      0.61107  0.46806  0.50      29      14      23       46   1.57
1956-1959      101      0.63845  0.48396  0.50      16       8      12       24   1.51
1956-1959      102      0.66496  0.49904  0.50       8       4       6       12   1.46
1956-1959      103      0.69047  0.51327  0.50       4       2       3        6   1.41
1956-1959      104      0.71486  0.52663  0.50       2       1       1        3   1.36
1956-1959      105      0.73807  0.53912  0.50       1       1       1        1   1.33
1956-1959      106      0.76002  0.55073  0.50       0       0       0        1   1.29
1956-1959      107      0.78067  0.56150  0.50       0       0       0        0   1.26
1956-1959      108      0.80002  0.57144  0.50       0       0       0        0   1.23
1956-1959      109      0.81806  0.58058  0.50       0       0       0        0   1.21
1956-1959      110+     0.83481  1.00000  1.20       0       0       0        0   1.20
1960-1969        0      0.03166  0.03082  0.13  100000    3082   97324  6768638  67.69
1960-1969        1      0.00253  0.00252  0.50   96918     245   96796  6671314  68.83
1960-1969        2      0.00134  0.00134  0.50   96674     129   96609  6574518  68.01
1960-1969        3      0.00095  0.00095  0.50   96544      92   96498  6477909  67.10
1960-1969        4      0.00082  0.00082  0.50   96452      79   96413  6381410  66.16
1960-1969        5      0.00068  0.00068  0.50   96373      65   96340  6284998  65.22
1960-1969        6      0.00062  0.00062  0.50   96308      60   96278  6188657  64.26
1960-1969        7      0.00055  0.00055  0.50   96248      53   96221  6092380  63.30
1960-1969        8      0.00053  0.00053  0.50   96195      51   96169  5996158  62.33
1960-1969        9      0.00048  0.00048  0.50   96144      46   96121  5899989  61.37
1960-1969       10      0.00047  0.00047  0.50   96098      45   96076  5803868  60.40
1960-1969       11      0.00044  0.00044  0.50   96053      43   96032  5707792  59.42
1960-1969       12      0.00044  0.00044  0.50   96010      42   95989  5611760  58.45
1960-1969       13      0.00050  0.00050  0.50   95968      48   95945  5515771  57.47
1960-1969       14      0.00056  0.00056  0.50   95921      53   95894  5419826  56.50
1960-1969       15      0.00065  0.00065  0.50   95867      63   95836  5323933  55.53
1960-1969       16      0.00090  0.00090  0.50   95805      86   95761  5228097  54.57
1960-1969       17      0.00110  0.00110  0.50   95718     105   95666  5132335  53.62
1960-1969       18      0.00142  0.00142  0.50   95613     135   95546  5036670  52.68
1960-1969       19      0.00167  0.00167  0.50   95478     159   95398  4941124  51.75
1960-1969       20      0.00175  0.00175  0.50   95318     167   95235  4845726  50.84
1960-1969       21      0.00165  0.00165  0.50   95151     157   95073  4750491  49.93
1960-1969       22      0.00166  0.00165  0.50   94994     157   94916  4655418  49.01
1960-1969       23      0.00157  0.00157  0.50   94837     149   94763  4560502  48.09
1960-1969       24      0.00153  0.00153  0.50   94688     145   94616  4465739  47.16
1960-1969       25      0.00152  0.00151  0.50   94543     143   94471  4371124  46.23
1960-1969       26      0.00149  0.00149  0.50   94400     141   94329  4276652  45.30
1960-1969       27      0.00152  0.00151  0.50   94259     143   94188  4182323  44.37
1960-1969       28      0.00145  0.00145  0.50   94116     136   94048  4088135  43.44
1960-1969       29      0.00156  0.00155  0.50   93980     146   93907  3994087  42.50
1960-1969       30      0.00162  0.00162  0.50   93834     152   93758  3900181  41.56
1960-1969       31      0.00172  0.00172  0.50   93682     161   93601  3806423  40.63
1960-1969       32      0.00172  0.00172  0.50   93521     161   93440  3712821  39.70
1960-1969       33      0.00182  0.00182  0.50   93360     170   93275  3619381  38.77
1960-1969       34      0.00181  0.00181  0.50   93190     169   93106  3526106  37.84
1960-1969       35      0.00194  0.00194  0.50   93021     180   92931  3433000  36.91
1960-1969       36      0.00216  0.00216  0.50   92841     200   92741  3340069  35.98
1960-1969       37      0.00224  0.00224  0.50   92641     207   92537  3247328  35.05
1960-1969       38      0.00228  0.00228  0.50   92433     211   92328  3154791  34.13
1960-1969       39      0.00257  0.00257  0.50   92222     237   92104  3062463  33.21
1960-1969       40      0.00278  0.00278  0.50   91985     256   91858  2970359  32.29
1960-1969       41      0.00294  0.00293  0.50   91730     269   91595  2878501  31.38
1960-1969       42      0.00330  0.00330  0.50   91461     302   91310  2786906  30.47
1960-1969       43      0.00342  0.00342  0.50   91159     312   91003  2695596  29.57
1960-1969       44      0.00386  0.00385  0.50   90847     350   90672  2604593  28.67
1960-1969       45      0.00416  0.00416  0.50   90497     376   90309  2513920  27.78
1960-1969       46      0.00475  0.00474  0.50   90121     427   89908  2423611  26.89
1960-1969       47      0.00508  0.00506  0.50   89694     454   89467  2333703  26.02
1960-1969       48      0.00542  0.00541  0.50   89240     482   88999  2244236  25.15
1960-1969       49      0.00616  0.00614  0.50   88758     545   88485  2155237  24.28
1960-1969       50      0.00670  0.00668  0.50   88213     589   87918  2066752  23.43
1960-1969       51      0.00755  0.00752  0.50   87624     659   87294  1978834  22.58
1960-1969       52      0.00850  0.00846  0.50   86965     736   86597  1891540  21.75
1960-1969       53      0.00921  0.00917  0.50   86229     790   85834  1804943  20.93
1960-1969       54      0.01039  0.01034  0.50   85438     883   84997  1719110  20.12
1960-1969       55      0.01139  0.01133  0.50   84555     958   84076  1634113  19.33
1960-1969       56      0.01279  0.01270  0.50   83597    1062   83066  1550037  18.54
1960-1969       57      0.01450  0.01439  0.50   82535    1188   81941  1466970  17.77
1960-1969       58      0.01617  0.01604  0.50   81347    1305   80695  1385029  17.03
1960-1969       59      0.01804  0.01788  0.50   80043    1431   79327  1304334  16.30
1960-1969       60      0.02024  0.02003  0.50   78611    1575   77824  1225007  15.58
1960-1969       61      0.02271  0.02246  0.50   77037    1730   76172  1147183  14.89
1960-1969       62      0.02510  0.02479  0.50   75306    1867   74373  1071011  14.22
1960-1969       63      0.02749  0.02711  0.50   73440    1991   72444   996638  13.57
1960-1969       64      0.03023  0.02978  0.50   71448    2127   70384   924194  12.94
1960-1969       65      0.03350  0.03295  0.50   69321    2284   68179   853810  12.32
1960-1969       66      0.03688  0.03621  0.50   67037    2427   65823   785631  11.72
1960-1969       67      0.04043  0.03963  0.50   64609    2560   63329   719808  11.14
1960-1969       68      0.04410  0.04315  0.50   62049    2677   60711   656478  10.58
1960-1969       69      0.04835  0.04721  0.50   59372    2803   57970   595768  10.03
1960-1969       70      0.05267  0.05132  0.50   56569    2903   55117   537797   9.51
1960-1969       71      0.05716  0.05557  0.50   53666    2982   52175   482680   8.99
1960-1969       72      0.06235  0.06047  0.50   50684    3065   49151   430505   8.49
1960-1969       73      0.06865  0.06637  0.50   47619    3161   46038   381354   8.01
1960-1969       74      0.07496  0.07225  0.50   44458    3212   42852   335316   7.54
1960-1969       75      0.08257  0.07929  0.50   41246    3270   39611   292464   7.09
1960-1969       76      0.08990  0.08603  0.50   37975    3267   36342   252853   6.66
1960-1969       77      0.09978  0.09504  0.50   34708    3299   33059   216511   6.24
1960-1969       78      0.10959  0.10389  0.50   31410    3263   29778   183452   5.84
1960-1969       79      0.12006  0.11326  0.50   28147    3188   26553   153674   5.46
1960-1969       80      0.13576  0.12713  0.50   24959    3173   23372   127121   5.09
1960-1969       81      0.14831  0.13807  0.50   21786    3008   20282   103749   4.76
1960-1969       82      0.16538  0.15275  0.50   18778    2868   17344    83467   4.45
1960-1969       83      0.18086  0.16586  0.50   15909    2639   14590    66124   4.16
1960-1969       84      0.19870  0.18074  0.50   13271    2399   12071    51534   3.88
1960-1969       85      0.21857  0.19704  0.50   10872    2142    9801    39462   3.63
1960-1969       86      0.23641  0.21142  0.50    8730    1846    7807    29662   3.40
1960-1969       87      0.25510  0.22624  0.50    6884    1557    6105    21855   3.17
1960-1969       88      0.28256  0.24758  0.50    5327    1319    4667    15749   2.96
1960-1969       89      0.30337  0.26341  0.50    4008    1056    3480    11082   2.77
1960-1969       90      0.34371  0.29330  0.50    2952     866    2519     7602   2.58
1960-1969       91      0.36874  0.31134  0.50    2086     650    1761     5083   2.44
1960-1969       92      0.38096  0.32000  0.50    1437     460    1207     3321   2.31
1960-1969       93      0.41611  0.34445  0.50     977     337     809     2114   2.16
1960-1969       94      0.46013  0.37407  0.50     640     240     521     1306   2.04
1960-1969       95      0.47274  0.38236  0.50     401     153     324      785   1.96
1960-1969       96      0.50189  0.40121  0.50     248      99     198      461   1.86
1960-1969       97      0.53102  0.41961  0.50     148      62     117      263   1.77
1960-1969       98      0.55995  0.43747  0.50      86      38      67      146   1.69
1960-1969       99      0.58847  0.45469  0.50      48      22      37       78   1.62
1960-1969      100      0.61641  0.47119  0.50      26      12      20       41   1.56
1960-1969      101      0.64360  0.48691  0.50      14       7      11       21   1.50
1960-1969      102      0.66990  0.50181  0.50       7       4       5       10   1.45
1960-1969      103      0.69517  0.51586  0.50       4       2       3        5   1.40
1960-1969      104      0.71932  0.52905  0.50       2       1       1        2   1.36
1960-1969      105      0.74227  0.54135  0.50       1       0       1        1   1.32
1960-1969      106      0.76396  0.55280  0.50       0       0       0        0   1.28
1960-1969      107      0.78435  0.56340  0.50       0       0       0        0   1.25
1960-1969      108      0.80343  0.57318  0.50       0       0       0        0   1.23
1960-1969      109      0.82121  0.58217  0.50       0       0       0        0   1.21
1960-1969      110+     0.83771  1.00000  1.19       0       0       0        0   1.19
1970-1979        0      0.01791  0.01763  0.11  100000    1763   98437  6868796  68.69
1970-1979        1      0.00127  0.00127  0.50   98237     125   98175  6770359  68.92
1970-1979        2      0.00077  0.00077  0.50   98112      76   98075  6672185  68.01
1970-1979        3      0.00063  0.00063  0.50   98037      61   98006  6574110  67.06
1970-1979        4      0.00054  0.00054  0.50   97975      53   97949  6476104  66.10
1970-1979        5      0.00053  0.00053  0.50   97922      52   97896  6378155  65.13
1970-1979        6      0.00051  0.00051  0.50   97871      49   97846  6280259  64.17
1970-1979        7      0.00050  0.00050  0.50   97821      49   97797  6182413  63.20
1970-1979        8      0.00046  0.00046  0.50   97772      45   97750  6084616  62.23
1970-1979        9      0.00038  0.00038  0.50   97727      37   97709  5986866  61.26
1970-1979       10      0.00037  0.00037  0.50   97690      36   97672  5889158  60.28
1970-1979       11      0.00036  0.00036  0.50   97654      35   97637  5791485  59.31
1970-1979       12      0.00041  0.00041  0.50   97619      40   97599  5693849  58.33
1970-1979       13      0.00042  0.00042  0.50   97579      41   97559  5596250  57.35
1970-1979       14      0.00050  0.00050  0.50   97538      48   97514  5498691  56.37
1970-1979       15      0.00068  0.00068  0.50   97490      67   97457  5401177  55.40
1970-1979       16      0.00086  0.00086  0.50   97423      84   97381  5303720  54.44
1970-1979       17      0.00113  0.00113  0.50   97339     110   97284  5206339  53.49
1970-1979       18      0.00153  0.00153  0.50   97229     148   97155  5109054  52.55
1970-1979       19      0.00152  0.00152  0.50   97081     147   97007  5011899  51.63
1970-1979       20      0.00154  0.00154  0.50   96933     149   96859  4914892  50.70
1970-1979       21      0.00163  0.00163  0.50   96784     157   96705  4818033  49.78
1970-1979       22      0.00150  0.00150  0.50   96627     145   96554  4721328  48.86
1970-1979       23      0.00147  0.00147  0.50   96482     141   96411  4624774  47.93
1970-1979       24      0.00134  0.00134  0.50   96341     129   96276  4528362  47.00
1970-1979       25      0.00136  0.00136  0.50   96212     131   96146  4432086  46.07
1970-1979       26      0.00137  0.00137  0.50   96081     132   96015  4335940  45.13
1970-1979       27      0.00140  0.00140  0.50   95949     134   95882  4239925  44.19
1970-1979       28      0.00140  0.00140  0.50   95815     134   95748  4144042  43.25
1970-1979       29      0.00146  0.00146  0.50   95681     140   95611  4048294  42.31
1970-1979       30      0.00144  0.00144  0.50   95541     138   95472  3952683  41.37
1970-1979       31      0.00166  0.00166  0.50   95404     158   95325  3857210  40.43
1970-1979       32      0.00161  0.00161  0.50   95246     153   95169  3761886  39.50
1970-1979       33      0.00169  0.00168  0.50   95092     160   95012  3666717  38.56
1970-1979       34      0.00181  0.00181  0.50   94932     172   94846  3571705  37.62
1970-1979       35      0.00191  0.00190  0.50   94760     180   94670  3476859  36.69
1970-1979       36      0.00201  0.00201  0.50   94580     190   94485  3382189  35.76
1970-1979       37      0.00227  0.00226  0.50   94390     214   94283  3287704  34.83
1970-1979       38      0.00250  0.00250  0.50   94176     236   94059  3193421  33.91
1970-1979       39      0.00267  0.00267  0.50   93941     250   93816  3099362  32.99
1970-1979       40      0.00305  0.00305  0.50   93690     285   93548  3005547  32.08
1970-1979       41      0.00334  0.00333  0.50   93405     311   93249  2911999  31.18
1970-1979       42      0.00358  0.00357  0.50   93094     332   92927  2818750  30.28
1970-1979       43      0.00387  0.00387  0.50   92761     359   92582  2725822  29.39
1970-1979       44      0.00429  0.00429  0.50   92402     396   92204  2633241  28.50
1970-1979       45      0.00482  0.00480  0.50   92006     442   91785  2541036  27.62
1970-1979       46      0.00507  0.00506  0.50   91564     463   91333  2449251  26.75
1970-1979       47      0.00560  0.00558  0.50   91101     509   90847  2357918  25.88
1970-1979       48      0.00606  0.00604  0.50   90593     547   90319  2267071  25.02
1970-1979       49      0.00645  0.00643  0.50   90046     579   89756  2176752  24.17
1970-1979       50      0.00734  0.00731  0.50   89467     654   89140  2086996  23.33
1970-1979       51      0.00791  0.00788  0.50   88813     700   88463  1997856  22.50
1970-1979       52      0.00849  0.00845  0.50   88113     745   87740  1909393  21.67
1970-1979       53      0.00966  0.00961  0.50   87368     840   86948  1821653  20.85
1970-1979       54      0.01067  0.01061  0.50   86528     918   86069  1734705  20.05
1970-1979       55      0.01165  0.01158  0.50   85610     991   85115  1648636  19.26
1970-1979       56      0.01280  0.01271  0.50   84619    1076   84081  1563521  18.48
1970-1979       57      0.01427  0.01417  0.50   83543    1184   82951  1479440  17.71
1970-1979       58      0.01584  0.01571  0.50   82359    1294   81712  1396489  16.96
1970-1979       59      0.01751  0.01735  0.50   81065    1407   80362  1314777  16.22
1970-1979       60      0.01881  0.01864  0.50   79658    1484   78916  1234415  15.50
1970-1979       61      0.02120  0.02098  0.50   78174    1640   77354  1155499  14.78
1970-1979       62      0.02380  0.02352  0.50   76534    1800   75634  1078145  14.09
1970-1979       63      0.02650  0.02615  0.50   74734    1954   73757  1002511  13.41
1970-1979       64      0.02916  0.02874  0.50   72780    2092   71734   928755  12.76
1970-1979       65      0.03239  0.03188  0.50   70688    2253   69561   857021  12.12
1970-1979       66      0.03605  0.03541  0.50   68435    2423   67223   787460  11.51
1970-1979       67      0.04048  0.03968  0.50   66011    2619   64701   720237  10.91
1970-1979       68      0.04448  0.04351  0.50   63392    2758   62013   655535  10.34
1970-1979       69      0.04991  0.04870  0.50   60634    2953   59157   593523   9.79
1970-1979       70      0.05504  0.05357  0.50   57681    3090   56136   534365   9.26
1970-1979       71      0.06067  0.05889  0.50   54591    3215   52984   478229   8.76
1970-1979       72      0.06693  0.06477  0.50   51376    3327   49713   425246   8.28
1970-1979       73      0.07378  0.07116  0.50   48049    3419   46339   375533   7.82
1970-1979       74      0.08131  0.07813  0.50   44630    3487   42886   329194   7.38
1970-1979       75      0.08860  0.08484  0.50   41143    3490   39397   286308   6.96
1970-1979       76      0.09676  0.09229  0.50   37652    3475   35915   246910   6.56
1970-1979       77      0.10566  0.10036  0.50   34177    3430   32462   210995   6.17
1970-1979       78      0.11551  0.10920  0.50   30747    3358   29069   178533   5.81
1970-1979       79      0.12632  0.11882  0.50   27390    3254   25763   149465   5.46
1970-1979       80      0.13777  0.12889  0.50   24135    3111   22580   123702   5.13
1970-1979       81      0.14939  0.13901  0.50   21025    2923   19563   101122   4.81
1970-1979       82      0.16354  0.15118  0.50   18102    2737   16734    81559   4.51
1970-1979       83      0.18088  0.16588  0.50   15365    2549   14091    64825   4.22
1970-1979       84      0.19730  0.17959  0.50   12817    2302   11666    50734   3.96
1970-1979       85      0.21268  0.19224  0.50   10515    2021    9504    39068   3.72
1970-1979       86      0.23188  0.20779  0.50    8494    1765    7611    29564   3.48
1970-1979       87      0.25238  0.22410  0.50    6729    1508    5975    21953   3.26
1970-1979       88      0.27211  0.23952  0.50    5221    1251    4596    15978   3.06
1970-1979       89      0.29633  0.25809  0.50    3970    1025    3458    11383   2.87
1970-1979       90      0.32315  0.27820  0.50    2946     819    2536     7925   2.69
1970-1979       91      0.35035  0.29813  0.50    2126     634    1809     5389   2.53
1970-1979       92      0.38076  0.31986  0.50    1492     477    1254     3580   2.40
1970-1979       93      0.39416  0.32926  0.50    1015     334     848     2326   2.29
1970-1979       94      0.41912  0.34650  0.50     681     236     563     1478   2.17
1970-1979       95      0.44824  0.36617  0.50     445     163     363      915   2.06
1970-1979       96      0.47533  0.38406  0.50     282     108     228      552   1.96
1970-1979       97      0.50258  0.40165  0.50     174      70     139      324   1.87
1970-1979       98      0.52981  0.41885  0.50     104      44      82      185   1.78
1970-1979       99      0.55686  0.43558  0.50      60      26      47      103   1.71
1970-1979      100      0.58358  0.45176  0.50      34      15      26       56   1.64
1970-1979      101      0.60982  0.46733  0.50      19       9      14       29   1.58
1970-1979      102      0.63544  0.48222  0.50      10       5       8       15   1.52
1970-1979      103      0.66031  0.49641  0.50       5       3       4        8   1.47
1970-1979      104      0.68433  0.50987  0.50       3       1       2        4   1.42
1970-1979      105      0.70740  0.52257  0.50       1       1       1        2   1.38
1970-1979      106      0.72945  0.53450  0.50       1       0       0        1   1.34
1970-1979      107      0.75043  0.54568  0.50       0       0       0        0   1.31
1970-1979      108      0.77029  0.55611  0.50       0       0       0        0   1.28
1970-1979      109      0.78902  0.56580  0.50       0       0       0        0   1.26
1970-1979      110+     0.80660  1.00000  1.24       0       0       0        0   1.24
1980-1989        0      0.01159  0.01148  0.13  100000    1148   98997  6946725  69.47
1980-1989        1      0.00104  0.00104  0.50   98852     103   98801  6847728  69.27
1980-1989        2      0.00055  0.00055  0.50   98749      54   98722  6748928  68.34
1980-1989        3      0.00046  0.00046  0.50   98694      45   98672  6650206  67.38
1980-1989        4      0.00043  0.00043  0.50   98649      42   98628  6551534  66.41
1980-1989        5      0.00037  0.00037  0.50   98607      36   98589  6452906  65.44
1980-1989        6      0.00033  0.00033  0.50   98571      32   98555  6354318  64.46
1980-1989        7      0.00036  0.00036  0.50   98538      36   98521  6255763  63.49
1980-1989        8      0.00032  0.00032  0.50   98503      31   98487  6157242  62.51
1980-1989        9      0.00032  0.00032  0.50   98472      32   98456  6058755  61.53
1980-1989       10      0.00026  0.00026  0.50   98440      26   98427  5960300  60.55
1980-1989       11      0.00029  0.00029  0.50   98414      28   98400  5861873  59.56
1980-1989       12      0.00026  0.00026  0.50   98386      26   98373  5763473  58.58
1980-1989       13      0.00034  0.00034  0.50   98360      33   98343  5665100  57.60
1980-1989       14      0.00036  0.00036  0.50   98327      36   98309  5566757  56.61
1980-1989       15      0.00061  0.00061  0.50   98291      60   98261  5468448  55.64
1980-1989       16      0.00081  0.00081  0.50   98231      79   98191  5370187  54.67
1980-1989       17      0.00101  0.00101  0.50   98151      99   98102  5271996  53.71
1980-1989       18      0.00121  0.00121  0.50   98052     119   97993  5173895  52.77
1980-1989       19      0.00133  0.00132  0.50   97933     130   97868  5075902  51.83
1980-1989       20      0.00131  0.00131  0.50   97804     128   97740  4978033  50.90
1980-1989       21      0.00134  0.00134  0.50   97676     130   97611  4880294  49.96
1980-1989       22      0.00131  0.00131  0.50   97545     128   97482  4782683  49.03
1980-1989       23      0.00118  0.00118  0.50   97418     115   97360  4685201  48.09
1980-1989       24      0.00130  0.00129  0.50   97302     126   97240  4587841  47.15
1980-1989       25      0.00128  0.00128  0.50   97177     124   97114  4490602  46.21
1980-1989       26      0.00131  0.00131  0.50   97052     127   96989  4393487  45.27
1980-1989       27      0.00130  0.00130  0.50   96925     126   96862  4296499  44.33
1980-1989       28      0.00138  0.00138  0.50   96799     134   96733  4199636  43.38
1980-1989       29      0.00153  0.00152  0.50   96666     147   96592  4102904  42.44
1980-1989       30      0.00151  0.00151  0.50   96519     146   96446  4006311  41.51
1980-1989       31      0.00159  0.00159  0.50   96373     153   96296  3909866  40.57
1980-1989       32      0.00171  0.00171  0.50   96220     164   96138  3813569  39.63
1980-1989       33      0.00171  0.00171  0.50   96055     164   95973  3717432  38.70
1980-1989       34      0.00189  0.00189  0.50   95891     181   95801  3621458  37.77
1980-1989       35      0.00200  0.00200  0.50   95710     191   95614  3525658  36.84
1980-1989       36      0.00212  0.00211  0.50   95519     202   95418  3430043  35.91
1980-1989       37      0.00221  0.00221  0.50   95317     210   95212  3334625  34.98
1980-1989       38      0.00245  0.00244  0.50   95107     232   94991  3239413  34.06
1980-1989       39      0.00257  0.00257  0.50   94874     244   94752  3144423  33.14
1980-1989       40      0.00292  0.00291  0.50   94631     276   94493  3049670  32.23
1980-1989       41      0.00312  0.00312  0.50   94355     294   94208  2955177  31.32
1980-1989       42      0.00351  0.00350  0.50   94061     329   93896  2860969  30.42
1980-1989       43      0.00376  0.00375  0.50   93732     351   93556  2767073  29.52
1980-1989       44      0.00427  0.00426  0.50   93380     398   93182  2673517  28.63
1980-1989       45      0.00467  0.00466  0.50   92983     433   92766  2580335  27.75
1980-1989       46      0.00507  0.00506  0.50   92550     468   92316  2487569  26.88
1980-1989       47      0.00572  0.00570  0.50   92082     525   91819  2395253  26.01
1980-1989       48      0.00627  0.00625  0.50   91556     572   91270  2303434  25.16
1980-1989       49      0.00715  0.00712  0.50   90985     648   90661  2212164  24.31
1980-1989       50      0.00784  0.00781  0.50   90337     705   89984  2121503  23.48
1980-1989       51      0.00854  0.00851  0.50   89631     763   89250  2031519  22.67
1980-1989       52      0.00936  0.00931  0.50   88869     828   88455  1942269  21.86
1980-1989       53      0.01046  0.01041  0.50   88041     916   87583  1853814  21.06
1980-1989       54      0.01158  0.01151  0.50   87125    1003   86623  1766231  20.27
1980-1989       55      0.01264  0.01256  0.50   86122    1082   85581  1679608  19.50
1980-1989       56      0.01383  0.01374  0.50   85040    1168   84456  1594026  18.74
1980-1989       57      0.01470  0.01459  0.50   83872    1224   83260  1509571  18.00
1980-1989       58      0.01634  0.01621  0.50   82648    1340   81978  1426311  17.26
1980-1989       59      0.01780  0.01764  0.50   81308    1434   80591  1344333  16.53
1980-1989       60      0.01948  0.01930  0.50   79874    1541   79103  1263742  15.82
1980-1989       61      0.02078  0.02057  0.50   78333    1611   77527  1184638  15.12
1980-1989       62      0.02293  0.02267  0.50   76721    1739   75852  1107111  14.43
1980-1989       63      0.02547  0.02515  0.50   74982    1886   74039  1031259  13.75
1980-1989       64      0.02720  0.02684  0.50   73097    1962   72116   957220  13.10
1980-1989       65      0.03116  0.03068  0.50   71135    2183   70044   885104  12.44
1980-1989       66      0.03411  0.03354  0.50   68952    2313   67796   815061  11.82
1980-1989       67      0.03724  0.03656  0.50   66640    2436   65422   747265  11.21
1980-1989       68      0.04147  0.04062  0.50   64203    2608   62899   681843  10.62
1980-1989       69      0.04591  0.04488  0.50   61595    2764   60213   618944  10.05
1980-1989       70      0.05080  0.04954  0.50   58831    2915   57373   558731   9.50
1980-1989       71      0.05625  0.05471  0.50   55916    3059   54386   501358   8.97
1980-1989       72      0.06271  0.06080  0.50   52857    3214   51250   446971   8.46
1980-1989       73      0.06891  0.06662  0.50   49643    3307   47989   395722   7.97
1980-1989       74      0.07601  0.07323  0.50   46336    3393   44639   347732   7.50
1980-1989       75      0.08387  0.08049  0.50   42943    3457   41215   303093   7.06
1980-1989       76      0.09232  0.08825  0.50   39486    3485   37744   261878   6.63
1980-1989       77      0.10233  0.09735  0.50   36002    3505   34249   224134   6.23
1980-1989       78      0.11252  0.10652  0.50   32497    3462   30766   189885   5.84
1980-1989       79      0.12469  0.11737  0.50   29035    3408   27331   159119   5.48
1980-1989       80      0.13573  0.12710  0.50   25627    3257   23999   131787   5.14
1980-1989       81      0.14965  0.13923  0.50   22370    3115   20813   107789   4.82
1980-1989       82      0.16321  0.15089  0.50   19255    2906   17803    86976   4.52
1980-1989       83      0.17931  0.16455  0.50   16350    2690   15005    69173   4.23
1980-1989       84      0.19547  0.17806  0.50   13659    2432   12443    54169   3.97
1980-1989       85      0.21398  0.19330  0.50   11227    2170   10142    41725   3.72
1980-1989       86      0.23006  0.20632  0.50    9057    1869    8123    31583   3.49
1980-1989       87      0.25178  0.22363  0.50    7188    1608    6385    23461   3.26
1980-1989       88      0.27424  0.24117  0.50    5581    1346    4908    17076   3.06
1980-1989       89      0.29909  0.26018  0.50    4235    1102    3684    12168   2.87
1980-1989       90      0.31988  0.27578  0.50    3133     864    2701     8484   2.71
1980-1989       91      0.34417  0.29364  0.50    2269     666    1936     5783   2.55
1980-1989       92      0.37169  0.31344  0.50    1603     502    1352     3848   2.40
1980-1989       93      0.40766  0.33864  0.50    1100     373     914     2496   2.27
1980-1989       94      0.41760  0.34547  0.50     728     251     602     1582   2.17
1980-1989       95      0.44816  0.36612  0.50     476     174     389      980   2.06
1980-1989       96      0.47538  0.38408  0.50     302     116     244      591   1.96
1980-1989       97      0.50274  0.40175  0.50     186      75     149      347   1.86
1980-1989       98      0.53009  0.41903  0.50     111      47      88      198   1.78
1980-1989       99      0.55725  0.43582  0.50      65      28      51      110   1.71
1980-1989      100      0.58408  0.45206  0.50      36      16      28       60   1.64
1980-1989      101      0.61042  0.46768  0.50      20       9      15       31   1.57
1980-1989      102      0.63613  0.48263  0.50      11       5       8       16   1.52
1980-1989      103      0.66109  0.49686  0.50       6       3       4        8   1.47
1980-1989      104      0.68518  0.51034  0.50       3       1       2        4   1.42
1980-1989      105      0.70832  0.52307  0.50       1       1       1        2   1.38
1980-1989      106      0.73042  0.53502  0.50       1       0       0        1   1.34
1980-1989      107      0.75144  0.54621  0.50       0       0       0        0   1.31
1980-1989      108      0.77133  0.55665  0.50       0       0       0        0   1.28
1980-1989      109      0.79007  0.56634  0.50       0       0       0        0   1.25
1980-1989      110+     0.80766  1.00000  1.24       0       0       0        0   1.24
1990-1999        0      0.00653  0.00649  0.14  100000     649   99439  7108035  71.08
1990-1999        1      0.00073  0.00073  0.50   99351      73   99314  7008596  70.54
1990-1999        2      0.00047  0.00047  0.50   99278      47   99255  6909281  69.60
1990-1999        3      0.00034  0.00034  0.50   99231      33   99215  6810027  68.63
1990-1999        4      0.00033  0.00033  0.50   99198      33   99182  6710812  67.65
1990-1999        5      0.00025  0.00025  0.50   99165      25   99153  6611630  66.67
1990-1999        6      0.00022  0.00022  0.50   99140      22   99129  6512478  65.69
1990-1999        7      0.00025  0.00025  0.50   99118      25   99105  6413349  64.70
1990-1999        8      0.00020  0.00020  0.50   99093      20   99083  6314244  63.72
1990-1999        9      0.00019  0.00019  0.50   99073      19   99063  6215161  62.73
1990-1999       10      0.00020  0.00020  0.50   99053      20   99044  6116098  61.75
1990-1999       11      0.00019  0.00019  0.50   99034      19   99024  6017054  60.76
1990-1999       12      0.00019  0.00019  0.50   99015      19   99005  5918030  59.77
1990-1999       13      0.00027  0.00027  0.50   98995      27   98982  5819025  58.78
1990-1999       14      0.00033  0.00033  0.50   98969      33   98952  5720043  57.80
1990-1999       15      0.00040  0.00040  0.50   98936      40   98916  5621091  56.82
1990-1999       16      0.00070  0.00070  0.50   98896      69   98862  5522175  55.84
1990-1999       17      0.00093  0.00093  0.50   98827      92   98781  5423314  54.88
1990-1999       18      0.00155  0.00155  0.50   98735     153   98659  5324533  53.93
1990-1999       19      0.00152  0.00152  0.50   98582     150   98507  5225874  53.01
1990-1999       20      0.00143  0.00143  0.50   98432     141   98362  5127367  52.09
1990-1999       21      0.00138  0.00138  0.50   98291     136   98224  5029005  51.16
1990-1999       22      0.00128  0.00128  0.50   98156     125   98093  4930782  50.23
1990-1999       23      0.00121  0.00121  0.50   98030     119   97971  4832688  49.30
1990-1999       24      0.00119  0.00119  0.50   97912     117   97853  4734717  48.36
1990-1999       25      0.00124  0.00123  0.50   97795     121   97735  4636864  47.41
1990-1999       26      0.00121  0.00121  0.50   97674     118   97615  4539130  46.47
1990-1999       27      0.00125  0.00125  0.50   97556     122   97495  4441514  45.53
1990-1999       28      0.00134  0.00134  0.50   97434     131   97369  4344019  44.58
1990-1999       29      0.00144  0.00144  0.50   97304     140   97234  4246650  43.64
1990-1999       30      0.00156  0.00156  0.50   97164     151   97088  4149416  42.71
1990-1999       31      0.00161  0.00161  0.50   97013     156   96935  4052328  41.77
1990-1999       32      0.00175  0.00175  0.50   96856     169   96772  3955393  40.84
1990-1999       33      0.00198  0.00198  0.50   96687     192   96591  3858621  39.91
1990-1999       34      0.00206  0.00206  0.50   96495     198   96396  3762030  38.99
1990-1999       35      0.00224  0.00224  0.50   96297     216   96189  3665634  38.07
1990-1999       36      0.00255  0.00255  0.50   96082     245   95959  3569444  37.15
1990-1999       37      0.00274  0.00274  0.50   95837     262   95706  3473485  36.24
1990-1999       38      0.00296  0.00295  0.50   95574     282   95433  3377779  35.34
1990-1999       39      0.00322  0.00322  0.50   95292     307   95139  3282346  34.44
1990-1999       40      0.00333  0.00332  0.50   94986     316   94828  3187207  33.55
1990-1999       41      0.00373  0.00372  0.50   94670     352   94494  3092379  32.66
1990-1999       42      0.00402  0.00401  0.50   94318     379   94129  2997885  31.78
1990-1999       43      0.00427  0.00426  0.50   93939     400   93739  2903757  30.91
1990-1999       44      0.00462  0.00461  0.50   93539     431   93324  2810018  30.04
1990-1999       45      0.00489  0.00488  0.50   93108     454   92881  2716694  29.18
1990-1999       46      0.00530  0.00529  0.50   92654     490   92409  2623813  28.32
1990-1999       47      0.00566  0.00564  0.50   92164     520   91904  2531404  27.47
1990-1999       48      0.00616  0.00614  0.50   91644     562   91363  2439500  26.62
1990-1999       49      0.00654  0.00652  0.50   91082     594   90785  2348137  25.78
1990-1999       50      0.00741  0.00738  0.50   90488     668   90154  2257352  24.95
1990-1999       51      0.00798  0.00795  0.50   89820     714   89463  2167198  24.13
1990-1999       52      0.00878  0.00874  0.50   89106     779   88716  2077735  23.32
1990-1999       53      0.00946  0.00942  0.50   88327     832   87911  1989019  22.52
1990-1999       54      0.01024  0.01019  0.50   87495     892   87049  1901108  21.73
1990-1999       55      0.01117  0.01111  0.50   86603     962   86122  1814059  20.95
1990-1999       56      0.01219  0.01211  0.50   85641    1038   85122  1727937  20.18
1990-1999       57      0.01327  0.01318  0.50   84603    1115   84046  1642814  19.42
1990-1999       58      0.01425  0.01415  0.50   83488    1181   82898  1558769  18.67
1990-1999       59      0.01610  0.01597  0.50   82307    1315   81650  1475871  17.93
1990-1999       60      0.01753  0.01737  0.50   80993    1407   80289  1394221  17.21
1990-1999       61      0.01930  0.01911  0.50   79585    1521   78825  1313932  16.51
1990-1999       62      0.02092  0.02070  0.50   78064    1616   77256  1235107  15.82
1990-1999       63      0.02320  0.02293  0.50   76448    1753   75571  1157851  15.15
1990-1999       64      0.02483  0.02453  0.50   74695    1832   73779  1082280  14.49
1990-1999       65      0.02723  0.02686  0.50   72863    1957   71884  1008501  13.84
1990-1999       66      0.02932  0.02890  0.50   70905    2049   69881   936617  13.21
1990-1999       67      0.03220  0.03169  0.50   68856    2182   67765   866736  12.59
1990-1999       68      0.03532  0.03471  0.50   66674    2314   65517   798971  11.98
1990-1999       69      0.03806  0.03735  0.50   64360    2404   63158   733454  11.40
1990-1999       70      0.04179  0.04094  0.50   61956    2536   60688   670296  10.82
1990-1999       71      0.04567  0.04465  0.50   59420    2653   58093   609607  10.26
1990-1999       72      0.04925  0.04806  0.50   56767    2728   55403   551514   9.72
1990-1999       73      0.05375  0.05234  0.50   54039    2828   52624   496111   9.18
1990-1999       74      0.05886  0.05717  0.50   51210    2928   49746   443487   8.66
1990-1999       75      0.06529  0.06323  0.50   48282    3053   46756   393740   8.15
1990-1999       76      0.07318  0.07060  0.50   45230    3193   43633   346984   7.67
1990-1999       77      0.08028  0.07719  0.50   42037    3245   40414   303351   7.22
1990-1999       78      0.09019  0.08630  0.50   38792    3348   37118   262937   6.78
1990-1999       79      0.09873  0.09409  0.50   35444    3335   33777   225819   6.37
1990-1999       80      0.10957  0.10388  0.50   32109    3336   30442   192042   5.98
1990-1999       81      0.12197  0.11496  0.50   28774    3308   27120   161600   5.62
1990-1999       82      0.13134  0.12325  0.50   25466    3139   23897   134481   5.28
1990-1999       83      0.14359  0.13397  0.50   22327    2991   20832   110584   4.95
1990-1999       84      0.15774  0.14621  0.50   19336    2827   17923    89752   4.64
1990-1999       85      0.17215  0.15851  0.50   16509    2617   15201    71830   4.35
1990-1999       86      0.18762  0.17153  0.50   13892    2383   12701    56629   4.08
1990-1999       87      0.20653  0.18720  0.50   11509    2155   10432    43928   3.82
1990-1999       88      0.22322  0.20081  0.50    9355    1878    8415    33497   3.58
1990-1999       89      0.24400  0.21747  0.50    7476    1626    6663    25081   3.35
1990-1999       90      0.26525  0.23419  0.50    5850    1370    5165    18418   3.15
1990-1999       91      0.28407  0.24874  0.50    4480    1114    3923    13253   2.96
1990-1999       92      0.31027  0.26860  0.50    3366     904    2914     9330   2.77
1990-1999       93      0.33712  0.28849  0.50    2462     710    2107     6416   2.61
1990-1999       94      0.37281  0.31424  0.50    1752     550    1476     4309   2.46
1990-1999       95      0.38121  0.32018  0.50    1201     385    1009     2833   2.36
1990-1999       96      0.40693  0.33813  0.50     817     276     679     1824   2.23
1990-1999       97      0.43318  0.35606  0.50     540     192     444     1145   2.12
1990-1999       98      0.45981  0.37386  0.50     348     130     283      701   2.01
1990-1999       99      0.48667  0.39142  0.50     218      85     175      418   1.92
1990-1999      100      0.51361  0.40866  0.50     133      54     106      243   1.83
1990-1999      101      0.54046  0.42548  0.50      78      33      62      137   1.75
1990-1999      102      0.56709  0.44182  0.50      45      20      35       76   1.68
1990-1999      103      0.59333  0.45758  0.50      25      12      19       41   1.61
1990-1999      104      0.61905  0.47273  0.50      14       6      10       21   1.56
1990-1999      105      0.64412  0.48721  0.50       7       4       5       11   1.50
1990-1999      106      0.66843  0.50099  0.50       4       2       3        5   1.45
1990-1999      107      0.69187  0.51404  0.50       2       1       1        3   1.41
1990-1999      108      0.71436  0.52635  0.50       1       0       1        1   1.37
1990-1999      109      0.73583  0.53792  0.50       0       0       0        1   1.34
1990-1999      110+     0.75624  1.00000  1.32       0       0       0        0   1.32
2000-2009        0      0.00377  0.00376  0.14  100000     376   99678  7520165  75.20
2000-2009        1      0.00035  0.00035  0.50   99624      35   99607  7420487  74.48
2000-2009        2      0.00021  0.00021  0.50   99589      21   99579  7320880  73.51
2000-2009        3      0.00017  0.00017  0.50   99568      17   99560  7221301  72.53
2000-2009        4      0.00014  0.00014  0.50   99551      14   99544  7121742  71.54
2000-2009        5      0.00013  0.00013  0.50   99537      13   99531  7022198  70.55
2000-2009        6      0.00014  0.00014  0.50   99524      14   99517  6922667  69.56
2000-2009        7      0.00012  0.00012  0.50   99510      12   99504  6823150  68.57
2000-2009        8      0.00011  0.00011  0.50   99498      11   99492  6723646  67.58
2000-2009        9      0.00011  0.00011  0.50   99487      11   99481  6624154  66.58
2000-2009       10      0.00011  0.00011  0.50   99475      11   99470  6524673  65.59
2000-2009       11      0.00013  0.00013  0.50   99465      13   99458  6425203  64.60
2000-2009       12      0.00015  0.00015  0.50   99452      15   99444  6325744  63.61
2000-2009       13      0.00015  0.00015  0.50   99437      15   99429  6226300  62.62
2000-2009       14      0.00023  0.00023  0.50   99422      23   99411  6126870  61.62
2000-2009       15      0.00026  0.00026  0.50   99400      25   99387  6027460  60.64
2000-2009       16      0.00040  0.00040  0.50   99374      40   99354  5928073  59.65
2000-2009       17      0.00058  0.00058  0.50   99334      57   99305  5828719  58.68
2000-2009       18      0.00090  0.00089  0.50   99276      89   99232  5729414  57.71
2000-2009       19      0.00089  0.00089  0.50   99188      88   99143  5630182  56.76
2000-2009       20      0.00089  0.00089  0.50   99099      88   99055  5531038  55.81
2000-2009       21      0.00085  0.00085  0.50   99011      84   98969  5431983  54.86
2000-2009       22      0.00077  0.00077  0.50   98927      76   98889  5333014  53.91
2000-2009       23      0.00079  0.00079  0.50   98851      78   98812  5234125  52.95
2000-2009       24      0.00076  0.00076  0.50   98773      75   98735  5135313  51.99
2000-2009       25      0.00074  0.00074  0.50   98698      73   98661  5036577  51.03
2000-2009       26      0.00079  0.00079  0.50   98624      78   98585  4937917  50.07
2000-2009       27      0.00074  0.00074  0.50   98546      73   98510  4839331  49.11
2000-2009       28      0.00076  0.00076  0.50   98474      75   98436  4740821  48.14
2000-2009       29      0.00081  0.00081  0.50   98398      80   98359  4642385  47.18
2000-2009       30      0.00079  0.00079  0.50   98319      78   98280  4544027  46.22
2000-2009       31      0.00087  0.00087  0.50   98241      85   98198  4445747  45.25
2000-2009       32      0.00096  0.00096  0.50   98156      95   98109  4347548  44.29
2000-2009       33      0.00099  0.00099  0.50   98061      97   98013  4249440  43.33
2000-2009       34      0.00112  0.00112  0.50   97964     110   97910  4151427  42.38
2000-2009       35      0.00128  0.00128  0.50   97855     125   97792  4053517  41.42
2000-2009       36      0.00142  0.00141  0.50   97730     138   97661  3955725  40.48
2000-2009       37      0.00151  0.00151  0.50   97591     147   97518  3858064  39.53
2000-2009       38      0.00176  0.00176  0.50   97445     172   97359  3760546  38.59
2000-2009       39      0.00199  0.00199  0.50   97273     193   97176  3663188  37.66
2000-2009       40      0.00225  0.00225  0.50   97079     218   96970  3566012  36.73
2000-2009       41      0.00240  0.00240  0.50   96861     232   96745  3469041  35.81
2000-2009       42      0.00271  0.00270  0.50   96629     261   96498  3372297  34.90
2000-2009       43      0.00311  0.00310  0.50   96367     299   96218  3275799  33.99
2000-2009       44      0.00348  0.00347  0.50   96068     333   95902  3179581  33.10
2000-2009       45      0.00388  0.00388  0.50   95735     371   95549  3083679  32.21
2000-2009       46      0.00417  0.00416  0.50   95364     397   95165  2988130  31.33
2000-2009       47      0.00455  0.00454  0.50   94967     431   94751  2892964  30.46
2000-2009       48      0.00494  0.00493  0.50   94536     466   94303  2798213  29.60
2000-2009       49      0.00549  0.00547  0.50   94070     515   93812  2703910  28.74
2000-2009       50      0.00585  0.00583  0.50   93555     545   93282  2610098  27.90
2000-2009       51      0.00626  0.00624  0.50   93010     580   92719  2516816  27.06
2000-2009       52      0.00691  0.00689  0.50   92429     637   92111  2424096  26.23
2000-2009       53      0.00743  0.00740  0.50   91792     679   91453  2331985  25.41
2000-2009       54      0.00795  0.00792  0.50   91113     722   90752  2240533  24.59
2000-2009       55      0.00840  0.00836  0.50   90391     756   90013  2149781  23.78
2000-2009       56      0.00885  0.00881  0.50   89635     790   89240  2059768  22.98
2000-2009       57      0.00971  0.00967  0.50   88845     859   88416  1970527  22.18
2000-2009       58      0.01063  0.01057  0.50   87986     930   87521  1882112  21.39
2000-2009       59      0.01142  0.01135  0.50   87056     988   86562  1794590  20.61
2000-2009       60      0.01233  0.01226  0.50   86068    1055   85541  1708028  19.85
2000-2009       61      0.01326  0.01317  0.50   85013    1120   84453  1622488  19.09
2000-2009       62      0.01442  0.01432  0.50   83893    1201   83293  1538034  18.33
2000-2009       63      0.01560  0.01548  0.50   82692    1280   82052  1454742  17.59
2000-2009       64      0.01657  0.01643  0.50   81412    1338   80743  1372690  16.86
2000-2009       65      0.01838  0.01822  0.50   80074    1459   79344  1291947  16.13
2000-2009       66      0.02003  0.01983  0.50   78615    1559   77836  1212603  15.42
2000-2009       67      0.02188  0.02164  0.50   77056    1668   76222  1134767  14.73
2000-2009       68      0.02417  0.02388  0.50   75388    1800   74488  1058545  14.04
2000-2009       69      0.02661  0.02626  0.50   73588    1933   72622   984056  13.37
2000-2009       70      0.02964  0.02921  0.50   71655    2093   70609   911435  12.72
2000-2009       71      0.03226  0.03175  0.50   69562    2208   68458   840826  12.09
2000-2009       72      0.03565  0.03502  0.50   67354    2359   66175   772368  11.47
2000-2009       73      0.03882  0.03808  0.50   64995    2475   63758   706193  10.87
2000-2009       74      0.04341  0.04249  0.50   62520    2656   61192   642436  10.28
2000-2009       75      0.04738  0.04628  0.50   59864    2770   58478   581244   9.71
2000-2009       76      0.05268  0.05133  0.50   57093    2930   55628   522765   9.16
2000-2009       77      0.05766  0.05604  0.50   54163    3035   52645   467137   8.62
2000-2009       78      0.06414  0.06214  0.50   51127    3177   49539   414492   8.11
2000-2009       79      0.07046  0.06806  0.50   47950    3264   46318   364954   7.61
2000-2009       80      0.07768  0.07477  0.50   44686    3341   43016   318635   7.13
2000-2009       81      0.08629  0.08272  0.50   41345    3420   39635   275620   6.67
2000-2009       82      0.09548  0.09113  0.50   37925    3456   36197   235985   6.22
2000-2009       83      0.10804  0.10250  0.50   34469    3533   32702   199788   5.80
2000-2009       84      0.11689  0.11043  0.50   30936    3416   29228   167085   5.40
2000-2009       85      0.13309  0.12479  0.50   27519    3434   25802   137858   5.01
2000-2009       86      0.14790  0.13772  0.50   24085    3317   22427   112055   4.65
2000-2009       87      0.16487  0.15231  0.50   20768    3163   19187    89628   4.32
2000-2009       88      0.18741  0.17135  0.50   17605    3017   16097    70442   4.00
2000-2009       89      0.20518  0.18609  0.50   14588    2715   13231    54345   3.73
2000-2009       90      0.22304  0.20066  0.50   11874    2383   10682    41114   3.46
2000-2009       91      0.25353  0.22500  0.50    9491    2136    8423    30432   3.21
2000-2009       92      0.27747  0.24366  0.50    7356    1792    6459    22008   2.99
2000-2009       93      0.30500  0.26464  0.50    5563    1472    4827    15549   2.79
2000-2009       94      0.32985  0.28315  0.50    4091    1158    3512    10722   2.62
2000-2009       95      0.35567  0.30197  0.50    2933     886    2490     7210   2.46
2000-2009       96      0.38522  0.32301  0.50    2047     661    1716     4720   2.31
2000-2009       97      0.41565  0.34413  0.50    1386     477    1147     3004   2.17
2000-2009       98      0.44673  0.36516  0.50     909     332     743     1856   2.04
2000-2009       99      0.47823  0.38594  0.50     577     223     466     1113   1.93
2000-2009      100      0.50991  0.40632  0.50     354     144     282      648   1.83
2000-2009      101      0.54151  0.42613  0.50     210      90     166      365   1.74
2000-2009      102      0.57277  0.44526  0.50     121      54      94      200   1.65
2000-2009      103      0.60347  0.46359  0.50      67      31      51      106   1.58
2000-2009      104      0.63337  0.48104  0.50      36      17      27       54   1.52
2000-2009      105      0.66228  0.49753  0.50      19       9      14       27   1.46
2000-2009      106      0.69003  0.51303  0.50       9       5       7       13   1.41
2000-2009      107      0.71647  0.52750  0.50       5       2       3        6   1.36
2000-2009      108      0.74150  0.54095  0.50       2       1       2        3   1.32
2000-2009      109      0.76505  0.55337  0.50       1       1       1        1   1.29
2000-2009      110+     0.78707  1.00000  1.27       0       0       1        1   1.27
2010-2017        0      0.00295  0.00294  0.14  100000     294   99748  7713256  77.13
2010-2017        1      0.00028  0.00028  0.50   99706      28   99692  7613508  76.36
2010-2017        2      0.00017  0.00017  0.50   99678      17   99669  7513816  75.38
2010-2017        3      0.00012  0.00012  0.50   99660      12   99654  7414147  74.39
2010-2017        4      0.00012  0.00012  0.50   99648      12   99642  7314493  73.40
2010-2017        5      0.00007  0.00007  0.50   99636       7   99633  7214851  72.41
2010-2017        6      0.00011  0.00011  0.50   99629      11   99624  7115218  71.42
2010-2017        7      0.00008  0.00008  0.50   99619       8   99614  7015594  70.42
2010-2017        8      0.00008  0.00008  0.50   99610       8   99606  6915980  69.43
2010-2017        9      0.00007  0.00007  0.50   99602       7   99599  6816373  68.44
2010-2017       10      0.00011  0.00011  0.50   99595      11   99590  6716775  67.44
2010-2017       11      0.00010  0.00010  0.50   99584      10   99579  6617185  66.45
2010-2017       12      0.00009  0.00009  0.50   99575       9   99570  6517606  65.45
2010-2017       13      0.00011  0.00011  0.50   99565      11   99560  6418036  64.46
2010-2017       14      0.00011  0.00011  0.50   99555      11   99549  6318475  63.47
2010-2017       15      0.00013  0.00013  0.50   99543      13   99537  6218927  62.47
2010-2017       16      0.00028  0.00028  0.50   99531      28   99516  6119390  61.48
2010-2017       17      0.00032  0.00032  0.50   99502      31   99487  6019873  60.50
2010-2017       18      0.00047  0.00047  0.50   99471      47   99448  5920386  59.52
2010-2017       19      0.00049  0.00048  0.50   99424      48   99400  5820939  58.55
2010-2017       20      0.00051  0.00051  0.50   99376      51   99351  5721538  57.57
2010-2017       21      0.00059  0.00059  0.50   99325      59   99296  5622187  56.60
2010-2017       22      0.00058  0.00058  0.50   99266      57   99238  5522892  55.64
2010-2017       23      0.00058  0.00058  0.50   99209      57   99180  5423654  54.67
2010-2017       24      0.00059  0.00059  0.50   99152      59   99122  5324474  53.70
2010-2017       25      0.00053  0.00053  0.50   99093      52   99067  5225352  52.73
2010-2017       26      0.00057  0.00057  0.50   99040      56   99012  5126285  51.76
2010-2017       27      0.00062  0.00062  0.50   98984      61   98953  5027273  50.79
2010-2017       28      0.00061  0.00061  0.50   98923      60   98893  4928320  49.82
2010-2017       29      0.00069  0.00069  0.50   98862      68   98828  4829428  48.85
2010-2017       30      0.00067  0.00067  0.50   98794      66   98761  4730599  47.88
2010-2017       31      0.00074  0.00074  0.50   98728      73   98692  4631838  46.92
2010-2017       32      0.00079  0.00079  0.50   98656      78   98616  4533146  45.95
2010-2017       33      0.00075  0.00075  0.50   98577      74   98540  4434530  44.99
2010-2017       34      0.00091  0.00091  0.50   98504      90   98459  4335989  44.02
2010-2017       35      0.00090  0.00090  0.50   98414      89   98369  4237531  43.06
2010-2017       36      0.00101  0.00101  0.50   98325     100   98275  4139162  42.10
2010-2017       37      0.00106  0.00105  0.50   98225     104   98173  4040887  41.14
2010-2017       38      0.00121  0.00121  0.50   98122     119   98062  3942713  40.18
2010-2017       39      0.00127  0.00127  0.50   98003     125   97941  3844651  39.23
2010-2017       40      0.00149  0.00148  0.50   97878     145   97806  3746710  38.28
2010-2017       41      0.00173  0.00172  0.50   97733     168   97649  3648904  37.34
2010-2017       42      0.00192  0.00192  0.50   97565     187   97471  3551255  36.40
2010-2017       43      0.00208  0.00208  0.50   97378     203   97276  3453784  35.47
2010-2017       44      0.00237  0.00237  0.50   97175     230   97060  3356508  34.54
2010-2017       45      0.00274  0.00273  0.50   96945     265   96812  3259448  33.62
2010-2017       46      0.00313  0.00312  0.50   96680     302   96529  3162636  32.71
2010-2017       47      0.00347  0.00346  0.50   96377     334   96211  3066107  31.81
2010-2017       48      0.00382  0.00381  0.50   96044     366   95861  2969897  30.92
2010-2017       49      0.00429  0.00428  0.50   95678     409   95473  2874036  30.04
2010-2017       50      0.00474  0.00473  0.50   95269     450   95044  2778562  29.17
2010-2017       51      0.00541  0.00540  0.50   94818     512   94563  2683518  28.30
2010-2017       52      0.00593  0.00591  0.50   94307     558   94028  2588956  27.45
2010-2017       53      0.00653  0.00651  0.50   93749     610   93444  2494928  26.61
2010-2017       54      0.00731  0.00729  0.50   93139     679   92800  2401484  25.78
2010-2017       55      0.00790  0.00787  0.50   92461     728   92097  2308684  24.97
2010-2017       56      0.00848  0.00845  0.50   91733     775   91345  2216588  24.16
2010-2017       57      0.00935  0.00930  0.50   90958     846   90535  2125243  23.37
2010-2017       58      0.01041  0.01036  0.50   90112     933   89645  2034708  22.58
2010-2017       59      0.01097  0.01091  0.50   89179     973   88692  1945062  21.81
2010-2017       60      0.01181  0.01174  0.50   88206    1036   87688  1856370  21.05
2010-2017       61      0.01283  0.01275  0.50   87170    1111   86614  1768683  20.29
2010-2017       62      0.01378  0.01369  0.50   86059    1178   85470  1682068  19.55
2010-2017       63      0.01488  0.01477  0.50   84881    1254   84253  1596599  18.81
2010-2017       64      0.01590  0.01577  0.50   83626    1319   82967  1512345  18.08
2010-2017       65      0.01711  0.01696  0.50   82308    1396   81609  1429378  17.37
2010-2017       66      0.01801  0.01785  0.50   80911    1445   80189  1347769  16.66
2010-2017       67      0.01945  0.01927  0.50   79467    1531   78701  1267580  15.95
2010-2017       68      0.02089  0.02068  0.50   77936    1612   77130  1188878  15.25
2010-2017       69      0.02187  0.02163  0.50   76324    1651   75499  1111748  14.57
2010-2017       70      0.02372  0.02344  0.50   74673    1750   73798  1036249  13.88
2010-2017       71      0.02572  0.02539  0.50   72923    1852   71997   962451  13.20
2010-2017       72      0.02774  0.02736  0.50   71071    1944   70099   890454  12.53
2010-2017       73      0.03049  0.03003  0.50   69127    2076   68089   820355  11.87
2010-2017       74      0.03366  0.03310  0.50   67051    2220   65941   752265  11.22
2010-2017       75      0.03765  0.03695  0.50   64831    2396   63634   686324  10.59
2010-2017       76      0.04163  0.04078  0.50   62436    2546   61163   622690   9.97
2010-2017       77      0.04638  0.04533  0.50   59889    2715   58532   561528   9.38
2010-2017       78      0.05175  0.05044  0.50   57175    2884   55733   502996   8.80
2010-2017       79      0.05872  0.05704  0.50   54291    3097   52743   447263   8.24
2010-2017       80      0.06525  0.06318  0.50   51194    3235   49577   394520   7.71
2010-2017       81      0.07424  0.07159  0.50   47959    3433   46243   344943   7.19
2010-2017       82      0.08299  0.07968  0.50   44526    3548   42752   298700   6.71
2010-2017       83      0.09401  0.08979  0.50   40978    3679   39139   255948   6.25
2010-2017       84      0.10530  0.10003  0.50   37299    3731   35433   216810   5.81
2010-2017       85      0.11689  0.11043  0.50   33568    3707   31714   181376   5.40
2010-2017       86      0.13202  0.12384  0.50   29861    3698   28012   149662   5.01
2010-2017       87      0.14633  0.13636  0.50   26163    3567   24379   121650   4.65
2010-2017       88      0.16568  0.15300  0.50   22595    3457   20867    97271   4.30
2010-2017       89      0.18404  0.16853  0.50   19138    3225   17525    76405   3.99
2010-2017       90      0.20294  0.18425  0.50   15913    2932   14447    58879   3.70
2010-2017       91      0.23011  0.20636  0.50   12981    2679   11641    44432   3.42
2010-2017       92      0.25733  0.22799  0.50   10302    2349    9128    32791   3.18
2010-2017       93      0.27450  0.24137  0.50    7953    1920    6993    23663   2.98
2010-2017       94      0.30468  0.26440  0.50    6034    1595    5236    16670   2.76
2010-2017       95      0.33359  0.28590  0.50    4438    1269    3804    11434   2.58
2010-2017       96      0.36346  0.30757  0.50    3169     975    2682     7630   2.41
2010-2017       97      0.39443  0.32945  0.50    2195     723    1833     4948   2.25
2010-2017       98      0.42626  0.35137  0.50    1472     517    1213     3115   2.12
2010-2017       99      0.45872  0.37314  0.50     954     356     776     1902   1.99
2010-2017      100      0.49153  0.39456  0.50     598     236     480     1126   1.88
2010-2017      101      0.52442  0.41548  0.50     362     151     287      645   1.78
2010-2017      102      0.55709  0.43572  0.50     212      92     166      358   1.69
2010-2017      103      0.58928  0.45517  0.50     119      54      92      193   1.61
2010-2017      104      0.62072  0.47370  0.50      65      31      50      100   1.54
2010-2017      105      0.65118  0.49124  0.50      34      17      26       51   1.48
2010-2017      106      0.68046  0.50772  0.50      17       9      13       25   1.42
2010-2017      107      0.70837  0.52310  0.50       9       4       6       12   1.37
2010-2017      108      0.73480  0.53737  0.50       4       2       3        5   1.33
2010-2017      109      0.75965  0.55054  0.50       2       1       1        2   1.30
2010-2017      110+     0.78285  1.00000  1.28       1       1       1        1   1.28
