East Germany, Death rates (period 1x10), 	Last modified: 17 Dec 2018;  Methods Protocol: v6 (2017)

  Year          Age             Female            Male           Total
1956-1959        0             0.039946        0.050880        0.045569
1956-1959        1             0.003392        0.004293        0.003855
1956-1959        2             0.001563        0.001973        0.001773
1956-1959        3             0.001013        0.001384        0.001203
1956-1959        4             0.000807        0.000986        0.000899
1956-1959        5             0.000644        0.000893        0.000772
1956-1959        6             0.000450        0.000760        0.000608
1956-1959        7             0.000476        0.000725        0.000603
1956-1959        8             0.000355        0.000665        0.000513
1956-1959        9             0.000393        0.000685        0.000542
1956-1959       10             0.000376        0.000536        0.000457
1956-1959       11             0.000380        0.000535        0.000458
1956-1959       12             0.000357        0.000480        0.000420
1956-1959       13             0.000417        0.000566        0.000493
1956-1959       14             0.000402        0.000672        0.000539
1956-1959       15             0.000469        0.000793        0.000634
1956-1959       16             0.000539        0.000945        0.000746
1956-1959       17             0.000601        0.001114        0.000862
1956-1959       18             0.000597        0.001411        0.001009
1956-1959       19             0.000784        0.001532        0.001161
1956-1959       20             0.000749        0.001643        0.001199
1956-1959       21             0.000808        0.001693        0.001255
1956-1959       22             0.000834        0.001657        0.001251
1956-1959       23             0.000881        0.001589        0.001239
1956-1959       24             0.000875        0.001605        0.001240
1956-1959       25             0.000880        0.001665        0.001267
1956-1959       26             0.001006        0.001639        0.001312
1956-1959       27             0.001068        0.001638        0.001338
1956-1959       28             0.000945        0.001623        0.001260
1956-1959       29             0.001096        0.001700        0.001369
1956-1959       30             0.001222        0.001696        0.001428
1956-1959       31             0.001203        0.001737        0.001425
1956-1959       32             0.001405        0.001837        0.001578
1956-1959       33             0.001374        0.001886        0.001573
1956-1959       34             0.001606        0.002015        0.001763
1956-1959       35             0.001604        0.002148        0.001810
1956-1959       36             0.001791        0.002337        0.001998
1956-1959       37             0.001862        0.002377        0.002058
1956-1959       38             0.002053        0.002332        0.002159
1956-1959       39             0.002086        0.002612        0.002286
1956-1959       40             0.002199        0.002711        0.002393
1956-1959       41             0.002517        0.003134        0.002749
1956-1959       42             0.002680        0.003186        0.002871
1956-1959       43             0.002922        0.003545        0.003159
1956-1959       44             0.002984        0.003833        0.003310
1956-1959       45             0.003276        0.004146        0.003614
1956-1959       46             0.003494        0.004750        0.003987
1956-1959       47             0.003824        0.005098        0.004330
1956-1959       48             0.004063        0.005507        0.004644
1956-1959       49             0.004331        0.006239        0.005111
1956-1959       50             0.004877        0.006984        0.005756
1956-1959       51             0.005133        0.007836        0.006285
1956-1959       52             0.005457        0.008706        0.006867
1956-1959       53             0.006073        0.009695        0.007663
1956-1959       54             0.006582        0.010839        0.008463
1956-1959       55             0.007161        0.012315        0.009437
1956-1959       56             0.007985        0.013601        0.010456
1956-1959       57             0.008586        0.015274        0.011499
1956-1959       58             0.009127        0.017018        0.012511
1956-1959       59             0.010147        0.019022        0.013878
1956-1959       60             0.011496        0.020566        0.015231
1956-1959       61             0.012397        0.022130        0.016339
1956-1959       62             0.013901        0.024163        0.018007
1956-1959       63             0.015663        0.026544        0.019985
1956-1959       64             0.016844        0.028913        0.021624
1956-1959       65             0.019233        0.031417        0.024066
1956-1959       66             0.021369        0.034417        0.026564
1956-1959       67             0.023912        0.037508        0.029351
1956-1959       68             0.026965        0.041094        0.032652
1956-1959       69             0.030793        0.044587        0.036374
1956-1959       70             0.035030        0.049487        0.040905
1956-1959       71             0.039190        0.053583        0.045064
1956-1959       72             0.044657        0.059834        0.050871
1956-1959       73             0.050456        0.065120        0.056475
1956-1959       74             0.056717        0.072495        0.063204
1956-1959       75             0.064042        0.079594        0.070445
1956-1959       76             0.071122        0.088322        0.078215
1956-1959       77             0.080791        0.096824        0.087411
1956-1959       78             0.089749        0.105997        0.096469
1956-1959       79             0.102033        0.118133        0.108687
1956-1959       80             0.115077        0.133520        0.122708
1956-1959       81             0.128224        0.144591        0.134993
1956-1959       82             0.143353        0.161405        0.150809
1956-1959       83             0.155763        0.177650        0.164764
1956-1959       84             0.174652        0.191940        0.181705
1956-1959       85             0.191174        0.213740        0.200269
1956-1959       86             0.211384        0.231014        0.219173
1956-1959       87             0.222174        0.257953        0.236058
1956-1959       88             0.256876        0.281911        0.266357
1956-1959       89             0.265467        0.303958        0.279592
1956-1959       90             0.291417        0.328285        0.304464
1956-1959       91             0.320564        0.350745        0.331002
1956-1959       92             0.339167        0.396544        0.358251
1956-1959       93             0.372037        0.436438        0.392107
1956-1959       94             0.378351        0.421351        0.391075
1956-1959       95             0.438389        0.474258        0.448635
1956-1959       96             0.496172        0.484820        0.492984
1956-1959       97             0.535950        0.491023        0.523057
1956-1959       98             0.491526        0.618090        0.525183
1956-1959       99             0.664934        0.585280        0.642513
1956-1959      100             0.573852        0.703007        0.607590
1956-1959      101             0.651548        0.769731        0.680306
1956-1959      102             0.843729        1.423077        0.956120
1956-1959      103             1.435616        6.000000        1.623468
1956-1959      104             0.000000              .        0.000000
1956-1959      105                   .              .              .
1956-1959      106                   .              .              .
1956-1959      107                   .              .              .
1956-1959      108                   .              .              .
1956-1959      109                   .              .              .
1956-1959      110+                  .              .              .
1960-1969        0             0.024225        0.031663        0.028044
1960-1969        1             0.002100        0.002528        0.002320
1960-1969        2             0.001103        0.001339        0.001224
1960-1969        3             0.000736        0.000952        0.000846
1960-1969        4             0.000562        0.000824        0.000696
1960-1969        5             0.000480        0.000677        0.000581
1960-1969        6             0.000415        0.000623        0.000522
1960-1969        7             0.000396        0.000551        0.000475
1960-1969        8             0.000343        0.000527        0.000437
1960-1969        9             0.000325        0.000476        0.000402
1960-1969       10             0.000297        0.000472        0.000387
1960-1969       11             0.000295        0.000443        0.000371
1960-1969       12             0.000293        0.000437        0.000367
1960-1969       13             0.000311        0.000499        0.000407
1960-1969       14             0.000321        0.000558        0.000442
1960-1969       15             0.000379        0.000653        0.000519
1960-1969       16             0.000449        0.000900        0.000679
1960-1969       17             0.000473        0.001098        0.000792
1960-1969       18             0.000556        0.001417        0.000994
1960-1969       19             0.000594        0.001672        0.001141
1960-1969       20             0.000615        0.001755        0.001192
1960-1969       21             0.000643        0.001652        0.001152
1960-1969       22             0.000654        0.001655        0.001159
1960-1969       23             0.000658        0.001572        0.001119
1960-1969       24             0.000706        0.001534        0.001123
1960-1969       25             0.000703        0.001516        0.001113
1960-1969       26             0.000743        0.001494        0.001122
1960-1969       27             0.000761        0.001515        0.001142
1960-1969       28             0.000857        0.001449        0.001155
1960-1969       29             0.000916        0.001555        0.001236
1960-1969       30             0.000972        0.001620        0.001294
1960-1969       31             0.001002        0.001721        0.001356
1960-1969       32             0.001050        0.001721        0.001378
1960-1969       33             0.001131        0.001822        0.001465
1960-1969       34             0.001269        0.001811        0.001527
1960-1969       35             0.001399        0.001941        0.001652
1960-1969       36             0.001470        0.002162        0.001786
1960-1969       37             0.001616        0.002239        0.001894
1960-1969       38             0.001715        0.002284        0.001962
1960-1969       39             0.001828        0.002574        0.002142
1960-1969       40             0.002035        0.002782        0.002341
1960-1969       41             0.002145        0.002938        0.002462
1960-1969       42             0.002374        0.003303        0.002738
1960-1969       43             0.002559        0.003424        0.002893
1960-1969       44             0.002758        0.003861        0.003179
1960-1969       45             0.003117        0.004164        0.003515
1960-1969       46             0.003322        0.004751        0.003865
1960-1969       47             0.003660        0.005076        0.004198
1960-1969       48             0.003949        0.005421        0.004510
1960-1969       49             0.004333        0.006159        0.005033
1960-1969       50             0.004504        0.006700        0.005350
1960-1969       51             0.004978        0.007548        0.005976
1960-1969       52             0.005247        0.008497        0.006519
1960-1969       53             0.005694        0.009209        0.007081
1960-1969       54             0.006121        0.010390        0.007825
1960-1969       55             0.006714        0.011392        0.008610
1960-1969       56             0.007210        0.012786        0.009498
1960-1969       57             0.007920        0.014499        0.010650
1960-1969       58             0.009013        0.016166        0.012009
1960-1969       59             0.009738        0.018043        0.013247
1960-1969       60             0.010664        0.020236        0.014734
1960-1969       61             0.011802        0.022713        0.016454
1960-1969       62             0.013297        0.025103        0.018321
1960-1969       63             0.014725        0.027487        0.020131
1960-1969       64             0.016362        0.030227        0.022180
1960-1969       65             0.018373        0.033499        0.024630
1960-1969       66             0.020919        0.036877        0.027414
1960-1969       67             0.023108        0.040427        0.030041
1960-1969       68             0.025737        0.044100        0.032966
1960-1969       69             0.029446        0.048351        0.036774
1960-1969       70             0.032939        0.052675        0.040489
1960-1969       71             0.037374        0.057158        0.044873
1960-1969       72             0.042667        0.062355        0.050090
1960-1969       73             0.047795        0.068652        0.055633
1960-1969       74             0.054297        0.074959        0.062045
1960-1969       75             0.061060        0.082566        0.069138
1960-1969       76             0.069662        0.089898        0.077280
1960-1969       77             0.078785        0.099776        0.086697
1960-1969       78             0.089093        0.109585        0.096832
1960-1969       79             0.100389        0.120060        0.107833
1960-1969       80             0.113188        0.135763        0.121737
1960-1969       81             0.127243        0.148310        0.135233
1960-1969       82             0.142262        0.165381        0.151044
1960-1969       83             0.157018        0.180864        0.166083
1960-1969       84             0.175382        0.198701        0.184251
1960-1969       85             0.191051        0.218574        0.201499
1960-1969       86             0.210707        0.236409        0.220421
1960-1969       87             0.232604        0.255102        0.241090
1960-1969       88             0.251323        0.282564        0.263029
1960-1969       89             0.275038        0.303367        0.285530
1960-1969       90             0.300216        0.343709        0.316052
1960-1969       91             0.329012        0.368736        0.343162
1960-1969       92             0.356805        0.380958        0.365257
1960-1969       93             0.386815        0.416114        0.396876
1960-1969       94             0.405183        0.460133        0.423378
1960-1969       95             0.430334        0.494634        0.450521
1960-1969       96             0.471741        0.523396        0.486948
1960-1969       97             0.536846        0.514497        0.530384
1960-1969       98             0.609867        0.606021        0.608741
1960-1969       99             0.692047        0.829410        0.731773
1960-1969      100             0.683898        0.743807        0.698339
1960-1969      101             0.739618        0.868500        0.767679
1960-1969      102             0.843153        1.327456        0.921725
1960-1969      103             1.078563        2.906404        1.193203
1960-1969      104             1.750513        6.000000        1.779951
1960-1969      105             3.011321              .        3.011321
1960-1969      106                   .              .              .
1960-1969      107                   .              .              .
1960-1969      108                   .              .              .
1960-1969      109                   .              .              .
1960-1969      110+                  .              .              .
1970-1979        0             0.013222        0.017912        0.015630
1970-1979        1             0.001092        0.001268        0.001183
1970-1979        2             0.000621        0.000770        0.000697
1970-1979        3             0.000477        0.000626        0.000553
1970-1979        4             0.000402        0.000544        0.000475
1970-1979        5             0.000354        0.000527        0.000442
1970-1979        6             0.000362        0.000505        0.000435
1970-1979        7             0.000313        0.000498        0.000408
1970-1979        8             0.000294        0.000459        0.000378
1970-1979        9             0.000250        0.000381        0.000317
1970-1979       10             0.000247        0.000367        0.000308
1970-1979       11             0.000216        0.000362        0.000291
1970-1979       12             0.000225        0.000409        0.000320
1970-1979       13             0.000221        0.000417        0.000322
1970-1979       14             0.000277        0.000497        0.000390
1970-1979       15             0.000384        0.000683        0.000537
1970-1979       16             0.000470        0.000864        0.000672
1970-1979       17             0.000434        0.001130        0.000790
1970-1979       18             0.000511        0.001528        0.001033
1970-1979       19             0.000550        0.001520        0.001049
1970-1979       20             0.000565        0.001543        0.001068
1970-1979       21             0.000501        0.001627        0.001079
1970-1979       22             0.000515        0.001498        0.001018
1970-1979       23             0.000557        0.001466        0.001022
1970-1979       24             0.000516        0.001341        0.000938
1970-1979       25             0.000569        0.001358        0.000972
1970-1979       26             0.000620        0.001371        0.001003
1970-1979       27             0.000617        0.001399        0.001014
1970-1979       28             0.000626        0.001399        0.001018
1970-1979       29             0.000745        0.001462        0.001107
1970-1979       30             0.000755        0.001444        0.001103
1970-1979       31             0.000808        0.001657        0.001236
1970-1979       32             0.000811        0.001612        0.001214
1970-1979       33             0.000917        0.001685        0.001304
1970-1979       34             0.000977        0.001813        0.001397
1970-1979       35             0.001056        0.001905        0.001483
1970-1979       36             0.001146        0.002010        0.001581
1970-1979       37             0.001228        0.002265        0.001750
1970-1979       38             0.001396        0.002505        0.001954
1970-1979       39             0.001425        0.002669        0.002050
1970-1979       40             0.001662        0.003051        0.002358
1970-1979       41             0.001847        0.003339        0.002592
1970-1979       42             0.002031        0.003577        0.002796
1970-1979       43             0.002348        0.003875        0.003094
1970-1979       44             0.002455        0.004294        0.003338
1970-1979       45             0.002604        0.004816        0.003643
1970-1979       46             0.002940        0.005070        0.003916
1970-1979       47             0.003222        0.005598        0.004282
1970-1979       48             0.003656        0.006056        0.004697
1970-1979       49             0.003997        0.006452        0.005029
1970-1979       50             0.004296        0.007336        0.005537
1970-1979       51             0.004630        0.007913        0.005936
1970-1979       52             0.004863        0.008490        0.006274
1970-1979       53             0.005505        0.009657        0.007095
1970-1979       54             0.005831        0.010665        0.007660
1970-1979       55             0.006412        0.011646        0.008375
1970-1979       56             0.007053        0.012795        0.009202
1970-1979       57             0.007963        0.014272        0.010323
1970-1979       58             0.008551        0.015836        0.011277
1970-1979       59             0.009079        0.017507        0.012239
1970-1979       60             0.010077        0.018810        0.013366
1970-1979       61             0.011450        0.021203        0.015146
1970-1979       62             0.012899        0.023797        0.017053
1970-1979       63             0.014110        0.026498        0.018857
1970-1979       64             0.015664        0.029160        0.020875
1970-1979       65             0.017568        0.032392        0.023348
1970-1979       66             0.019930        0.036051        0.026252
1970-1979       67             0.022210        0.040483        0.029404
1970-1979       68             0.024965        0.044479        0.032663
1970-1979       69             0.028207        0.049911        0.036768
1970-1979       70             0.031785        0.055044        0.040923
1970-1979       71             0.036391        0.060674        0.045853
1970-1979       72             0.041051        0.066934        0.051015
1970-1979       73             0.046366        0.073785        0.056759
1970-1979       74             0.052221        0.081309        0.063025
1970-1979       75             0.058976        0.088597        0.069699
1970-1979       76             0.066397        0.096757        0.077113
1970-1979       77             0.075525        0.105658        0.085902
1970-1979       78             0.084001        0.115506        0.094599
1970-1979       79             0.094784        0.126322        0.105168
1970-1979       80             0.107778        0.137770        0.117504
1970-1979       81             0.119502        0.149390        0.129088
1970-1979       82             0.133610        0.163538        0.143137
1970-1979       83             0.150253        0.180879        0.159958
1970-1979       84             0.165577        0.197304        0.175608
1970-1979       85             0.184001        0.212678        0.193069
1970-1979       86             0.202333        0.231876        0.211708
1970-1979       87             0.223953        0.252376        0.233001
1970-1979       88             0.245360        0.272110        0.253909
1970-1979       89             0.268443        0.296330        0.277374
1970-1979       90             0.287157        0.323154        0.298656
1970-1979       91             0.319071        0.350351        0.329014
1970-1979       92             0.343484        0.380757        0.355338
1970-1979       93             0.363573        0.394156        0.373193
1970-1979       94             0.392919        0.419116        0.401194
1970-1979       95             0.423882        0.458065        0.434693
1970-1979       96             0.430809        0.479016        0.445829
1970-1979       97             0.453230        0.505747        0.469175
1970-1979       98             0.549875        0.524820        0.542460
1970-1979       99             0.490204        0.454028        0.479125
1970-1979      100             0.512260        0.533344        0.518640
1970-1979      101             0.538034        0.553256        0.542588
1970-1979      102             0.573399        0.608101        0.583551
1970-1979      103             0.626604        0.686709        0.643150
1970-1979      104             0.710589        0.880849        0.752200
1970-1979      105             0.894939        1.364637        0.973772
1970-1979      106             1.509180        6.000000        1.663121
1970-1979      107             2.372093              .        2.372093
1970-1979      108                   .              .              .
1970-1979      109                   .              .              .
1970-1979      110+                  .              .              .
1980-1989        0             0.008456        0.011595        0.010066
1980-1989        1             0.000873        0.001045        0.000961
1980-1989        2             0.000497        0.000552        0.000525
1980-1989        3             0.000347        0.000461        0.000405
1980-1989        4             0.000298        0.000426        0.000364
1980-1989        5             0.000270        0.000367        0.000320
1980-1989        6             0.000222        0.000328        0.000276
1980-1989        7             0.000235        0.000363        0.000300
1980-1989        8             0.000228        0.000315        0.000273
1980-1989        9             0.000174        0.000325        0.000251
1980-1989       10             0.000171        0.000260        0.000217
1980-1989       11             0.000177        0.000289        0.000235
1980-1989       12             0.000163        0.000260        0.000213
1980-1989       13             0.000197        0.000338        0.000269
1980-1989       14             0.000214        0.000362        0.000290
1980-1989       15             0.000308        0.000613        0.000464
1980-1989       16             0.000410        0.000809        0.000614
1980-1989       17             0.000443        0.001013        0.000735
1980-1989       18             0.000493        0.001211        0.000861
1980-1989       19             0.000482        0.001326        0.000914
1980-1989       20             0.000473        0.001306        0.000900
1980-1989       21             0.000440        0.001336        0.000900
1980-1989       22             0.000483        0.001311        0.000908
1980-1989       23             0.000479        0.001183        0.000841
1980-1989       24             0.000524        0.001295        0.000921
1980-1989       25             0.000481        0.001279        0.000892
1980-1989       26             0.000545        0.001309        0.000937
1980-1989       27             0.000524        0.001300        0.000922
1980-1989       28             0.000562        0.001381        0.000981
1980-1989       29             0.000619        0.001525        0.001083
1980-1989       30             0.000653        0.001510        0.001091
1980-1989       31             0.000675        0.001592        0.001143
1980-1989       32             0.000751        0.001708        0.001240
1980-1989       33             0.000829        0.001710        0.001278
1980-1989       34             0.000864        0.001894        0.001388
1980-1989       35             0.000934        0.001998        0.001474
1980-1989       36             0.001016        0.002115        0.001573
1980-1989       37             0.001142        0.002208        0.001681
1980-1989       38             0.001206        0.002447        0.001832
1980-1989       39             0.001368        0.002573        0.001974
1980-1989       40             0.001462        0.002917        0.002193
1980-1989       41             0.001655        0.003121        0.002389
1980-1989       42             0.001892        0.003505        0.002699
1980-1989       43             0.001989        0.003756        0.002872
1980-1989       44             0.002159        0.004268        0.003213
1980-1989       45             0.002369        0.004667        0.003516
1980-1989       46             0.002600        0.005073        0.003834
1980-1989       47             0.002857        0.005720        0.004285
1980-1989       48             0.003191        0.006265        0.004723
1980-1989       49             0.003492        0.007145        0.005308
1980-1989       50             0.003867        0.007838        0.005834
1980-1989       51             0.004276        0.008544        0.006378
1980-1989       52             0.004719        0.009356        0.006981
1980-1989       53             0.005141        0.010463        0.007699
1980-1989       54             0.005543        0.011578        0.008386
1980-1989       55             0.006003        0.012642        0.009056
1980-1989       56             0.006567        0.013832        0.009818
1980-1989       57             0.007336        0.014700        0.010539
1980-1989       58             0.007924        0.016343        0.011472
1980-1989       59             0.008622        0.017797        0.012359
1980-1989       60             0.010009        0.019483        0.013744
1980-1989       61             0.010811        0.020783        0.014633
1980-1989       62             0.012283        0.022927        0.016261
1980-1989       63             0.013270        0.025471        0.017744
1980-1989       64             0.014658        0.027202        0.019187
1980-1989       65             0.016685        0.031160        0.021846
1980-1989       66             0.018221        0.034111        0.023839
1980-1989       67             0.020374        0.037242        0.026301
1980-1989       68             0.023236        0.041467        0.029602
1980-1989       69             0.026219        0.045912        0.033061
1980-1989       70             0.029025        0.050799        0.036555
1980-1989       71             0.033086        0.056250        0.041047
1980-1989       72             0.037193        0.062709        0.045905
1980-1989       73             0.042391        0.068911        0.051391
1980-1989       74             0.047508        0.076011        0.057144
1980-1989       75             0.053477        0.083869        0.063740
1980-1989       76             0.060267        0.092321        0.071053
1980-1989       77             0.068653        0.102329        0.079915
1980-1989       78             0.076816        0.112516        0.088639
1980-1989       79             0.087200        0.124689        0.099469
1980-1989       80             0.097665        0.135728        0.109944
1980-1989       81             0.109721        0.149653        0.122376
1980-1989       82             0.122310        0.163208        0.134975
1980-1989       83             0.136852        0.179307        0.149659
1980-1989       84             0.154929        0.195466        0.166802
1980-1989       85             0.169963        0.213984        0.182428
1980-1989       86             0.191079        0.230056        0.201762
1980-1989       87             0.209473        0.251784        0.220732
1980-1989       88             0.230772        0.274238        0.242015
1980-1989       89             0.250910        0.299086        0.263065
1980-1989       90             0.271423        0.319884        0.283360
1980-1989       91             0.296139        0.344171        0.307785
1980-1989       92             0.324978        0.371692        0.336172
1980-1989       93             0.359246        0.407665        0.370839
1980-1989       94             0.381639        0.417600        0.390231
1980-1989       95             0.413060        0.448875        0.421696
1980-1989       96             0.424918        0.449422        0.430873
1980-1989       97             0.442748        0.495947        0.455724
1980-1989       98             0.464493        0.466924        0.465079
1980-1989       99             0.542990        0.563409        0.548106
1980-1989      100             0.588594        0.623232        0.597371
1980-1989      101             0.624476        0.669075        0.635877
1980-1989      102             0.660492        0.724184        0.676906
1980-1989      103             0.699513        0.807870        0.727052
1980-1989      104             0.768675        1.023325        0.828868
1980-1989      105             0.952519        1.685286        1.093762
1980-1989      106             1.351794        3.803390        1.502183
1980-1989      107             1.560254              .        1.560254
1980-1989      108             0.000000              .        0.000000
1980-1989      109                   .              .              .
1980-1989      110+                  .              .              .
1990-1999        0             0.005050        0.006530        0.005810
1990-1999        1             0.000575        0.000730        0.000655
1990-1999        2             0.000332        0.000472        0.000404
1990-1999        3             0.000262        0.000336        0.000300
1990-1999        4             0.000234        0.000331        0.000284
1990-1999        5             0.000204        0.000252        0.000229
1990-1999        6             0.000185        0.000225        0.000206
1990-1999        7             0.000149        0.000254        0.000203
1990-1999        8             0.000149        0.000201        0.000176
1990-1999        9             0.000137        0.000194        0.000166
1990-1999       10             0.000153        0.000201        0.000178
1990-1999       11             0.000139        0.000192        0.000166
1990-1999       12             0.000144        0.000193        0.000169
1990-1999       13             0.000181        0.000272        0.000228
1990-1999       14             0.000204        0.000332        0.000270
1990-1999       15             0.000276        0.000399        0.000339
1990-1999       16             0.000367        0.000699        0.000537
1990-1999       17             0.000360        0.000930        0.000653
1990-1999       18             0.000509        0.001551        0.001049
1990-1999       19             0.000501        0.001520        0.001033
1990-1999       20             0.000442        0.001433        0.000963
1990-1999       21             0.000415        0.001380        0.000923
1990-1999       22             0.000367        0.001278        0.000847
1990-1999       23             0.000369        0.001212        0.000813
1990-1999       24             0.000391        0.001194        0.000813
1990-1999       25             0.000402        0.001235        0.000839
1990-1999       26             0.000412        0.001207        0.000828
1990-1999       27             0.000411        0.001251        0.000849
1990-1999       28             0.000490        0.001342        0.000933
1990-1999       29             0.000510        0.001438        0.000990
1990-1999       30             0.000578        0.001557        0.001084
1990-1999       31             0.000585        0.001613        0.001116
1990-1999       32             0.000619        0.001750        0.001203
1990-1999       33             0.000747        0.001984        0.001385
1990-1999       34             0.000846        0.002057        0.001470
1990-1999       35             0.000849        0.002241        0.001566
1990-1999       36             0.000972        0.002550        0.001784
1990-1999       37             0.001030        0.002742        0.001910
1990-1999       38             0.001109        0.002956        0.002058
1990-1999       39             0.001233        0.003224        0.002255
1990-1999       40             0.001387        0.003328        0.002382
1990-1999       41             0.001515        0.003728        0.002648
1990-1999       42             0.001603        0.004023        0.002840
1990-1999       43             0.001714        0.004269        0.003019
1990-1999       44             0.001939        0.004617        0.003304
1990-1999       45             0.002027        0.004890        0.003481
1990-1999       46             0.002261        0.005300        0.003800
1990-1999       47             0.002440        0.005660        0.004065
1990-1999       48             0.002694        0.006156        0.004434
1990-1999       49             0.002893        0.006540        0.004719
1990-1999       50             0.003099        0.007407        0.005249
1990-1999       51             0.003385        0.007983        0.005671
1990-1999       52             0.003722        0.008781        0.006231
1990-1999       53             0.003978        0.009464        0.006690
1990-1999       54             0.004226        0.010243        0.007192
1990-1999       55             0.004779        0.011174        0.007923
1990-1999       56             0.005028        0.012189        0.008537
1990-1999       57             0.005650        0.013270        0.009370
1990-1999       58             0.006089        0.014247        0.010057
1990-1999       59             0.006751        0.016100        0.011272
1990-1999       60             0.007605        0.017527        0.012367
1990-1999       61             0.008582        0.019297        0.013674
1990-1999       62             0.009253        0.020920        0.014723
1990-1999       63             0.010228        0.023199        0.016195
1990-1999       64             0.011533        0.024834        0.017502
1990-1999       65             0.012830        0.027229        0.019104
1990-1999       66             0.014236        0.029322        0.020599
1990-1999       67             0.015716        0.032202        0.022433
1990-1999       68             0.017502        0.035320        0.024493
1990-1999       69             0.019705        0.038058        0.026619
1990-1999       70             0.022522        0.041794        0.029499
1990-1999       71             0.024615        0.045666        0.031958
1990-1999       72             0.027362        0.049247        0.034729
1990-1999       73             0.030404        0.053746        0.038024
1990-1999       74             0.034237        0.058855        0.042059
1990-1999       75             0.038662        0.065290        0.046921
1990-1999       76             0.043904        0.073184        0.052818
1990-1999       77             0.049823        0.080284        0.058931
1990-1999       78             0.056826        0.090190        0.066624
1990-1999       79             0.063808        0.098732        0.073869
1990-1999       80             0.071803        0.109574        0.082451
1990-1999       81             0.081380        0.121971        0.092592
1990-1999       82             0.089804        0.131341        0.101041
1990-1999       83             0.099765        0.143588        0.111381
1990-1999       84             0.110429        0.157743        0.122727
1990-1999       85             0.124036        0.172154        0.136341
1990-1999       86             0.137303        0.187625        0.149947
1990-1999       87             0.154175        0.206534        0.167051
1990-1999       88             0.170971        0.223217        0.183540
1990-1999       89             0.189801        0.244004        0.202557
1990-1999       90             0.208625        0.265251        0.221621
1990-1999       91             0.229641        0.284068        0.241796
1990-1999       92             0.249442        0.310271        0.262604
1990-1999       93             0.276731        0.337116        0.289314
1990-1999       94             0.297224        0.372813        0.312147
1990-1999       95             0.323957        0.385426        0.335473
1990-1999       96             0.354639        0.396568        0.362253
1990-1999       97             0.371558        0.458846        0.386933
1990-1999       98             0.377134        0.427206        0.385724
1990-1999       99             0.418493        0.524221        0.436830
1990-1999      100             0.507430        0.608917        0.523888
1990-1999      101             0.459680        0.482315        0.463285
1990-1999      102             0.546101        0.589704        0.552970
1990-1999      103             0.566425        0.489426        0.553367
1990-1999      104             0.650366        0.640449        0.648420
1990-1999      105             0.605187        0.591549        0.602871
1990-1999      106             0.430939        0.307692        0.409091
1990-1999      107             0.717391        0.000000        0.554622
1990-1999      108             0.800000        0.461538        0.724138
1990-1999      109             0.666667        6.000000        0.947368
1990-1999      110+            1.200000              .        1.200000
2000-2009        0             0.003051        0.003768        0.003419
2000-2009        1             0.000317        0.000353        0.000336
2000-2009        2             0.000159        0.000209        0.000184
2000-2009        3             0.000128        0.000175        0.000152
2000-2009        4             0.000134        0.000137        0.000136
2000-2009        5             0.000083        0.000133        0.000109
2000-2009        6             0.000088        0.000143        0.000116
2000-2009        7             0.000092        0.000123        0.000108
2000-2009        8             0.000095        0.000108        0.000102
2000-2009        9             0.000073        0.000115        0.000094
2000-2009       10             0.000099        0.000109        0.000104
2000-2009       11             0.000093        0.000126        0.000110
2000-2009       12             0.000079        0.000153        0.000117
2000-2009       13             0.000120        0.000147        0.000134
2000-2009       14             0.000171        0.000228        0.000200
2000-2009       15             0.000203        0.000256        0.000230
2000-2009       16             0.000230        0.000405        0.000320
2000-2009       17             0.000264        0.000578        0.000426
2000-2009       18             0.000303        0.000895        0.000609
2000-2009       19             0.000322        0.000892        0.000619
2000-2009       20             0.000325        0.000888        0.000621
2000-2009       21             0.000271        0.000849        0.000577
2000-2009       22             0.000286        0.000767        0.000541
2000-2009       23             0.000300        0.000793        0.000563
2000-2009       24             0.000247        0.000764        0.000523
2000-2009       25             0.000266        0.000743        0.000521
2000-2009       26             0.000267        0.000788        0.000546
2000-2009       27             0.000315        0.000740        0.000542
2000-2009       28             0.000289        0.000763        0.000542
2000-2009       29             0.000303        0.000809        0.000573
2000-2009       30             0.000282        0.000793        0.000554
2000-2009       31             0.000373        0.000866        0.000634
2000-2009       32             0.000375        0.000963        0.000686
2000-2009       33             0.000391        0.000991        0.000706
2000-2009       34             0.000482        0.001119        0.000815
2000-2009       35             0.000540        0.001279        0.000926
2000-2009       36             0.000617        0.001416        0.001033
2000-2009       37             0.000666        0.001506        0.001102
2000-2009       38             0.000735        0.001763        0.001266
2000-2009       39             0.000827        0.001991        0.001427
2000-2009       40             0.000912        0.002251        0.001601
2000-2009       41             0.001050        0.002403        0.001745
2000-2009       42             0.001181        0.002707        0.001964
2000-2009       43             0.001283        0.003109        0.002219
2000-2009       44             0.001385        0.003476        0.002455
2000-2009       45             0.001497        0.003884        0.002717
2000-2009       46             0.001751        0.004169        0.002985
2000-2009       47             0.001874        0.004552        0.003238
2000-2009       48             0.002051        0.004940        0.003521
2000-2009       49             0.002298        0.005490        0.003919
2000-2009       50             0.002390        0.005846        0.004141
2000-2009       51             0.002605        0.006260        0.004453
2000-2009       52             0.002777        0.006914        0.004862
2000-2009       53             0.002896        0.007428        0.005174
2000-2009       54             0.003214        0.007955        0.005589
2000-2009       55             0.003367        0.008397        0.005875
2000-2009       56             0.003720        0.008853        0.006269
2000-2009       57             0.003978        0.009712        0.006812
2000-2009       58             0.004354        0.010630        0.007439
2000-2009       59             0.004690        0.011416        0.007978
2000-2009       60             0.005108        0.012333        0.008620
2000-2009       61             0.005690        0.013257        0.009347
2000-2009       62             0.006286        0.014424        0.010197
2000-2009       63             0.006678        0.015604        0.010944
2000-2009       64             0.007253        0.016571        0.011680
2000-2009       65             0.008203        0.018384        0.013011
2000-2009       66             0.009112        0.020027        0.014231
2000-2009       67             0.010111        0.021881        0.015589
2000-2009       68             0.011225        0.024171        0.017198
2000-2009       69             0.012617        0.026612        0.019001
2000-2009       70             0.014380        0.029644        0.021248
2000-2009       71             0.016034        0.032257        0.023216
2000-2009       72             0.018208        0.035645        0.025773
2000-2009       73             0.020676        0.038823        0.028348
2000-2009       74             0.023713        0.043408        0.031776
2000-2009       75             0.026518        0.047376        0.034738
2000-2009       76             0.030333        0.052678        0.038778
2000-2009       77             0.033860        0.057659        0.042468
2000-2009       78             0.038986        0.064138        0.047656
2000-2009       79             0.044760        0.070463        0.053169
2000-2009       80             0.051553        0.077676        0.059648
2000-2009       81             0.057101        0.086287        0.065696
2000-2009       82             0.065564        0.095479        0.073951
2000-2009       83             0.074166        0.108041        0.083235
2000-2009       84             0.083131        0.116888        0.091774
2000-2009       85             0.096447        0.133094        0.105452
2000-2009       86             0.108853        0.147903        0.118089
2000-2009       87             0.125145        0.164871        0.134205
2000-2009       88             0.141889        0.187406        0.151858
2000-2009       89             0.159463        0.205175        0.169055
2000-2009       90             0.174490        0.223040        0.184261
2000-2009       91             0.200010        0.253527        0.210346
2000-2009       92             0.219467        0.277467        0.230233
2000-2009       93             0.245228        0.304998        0.255905
2000-2009       94             0.269965        0.329851        0.280276
2000-2009       95             0.292600        0.353923        0.302746
2000-2009       96             0.319973        0.387746        0.330728
2000-2009       97             0.351326        0.414947        0.361034
2000-2009       98             0.379939        0.457201        0.391101
2000-2009       99             0.405081        0.494811        0.417185
2000-2009      100             0.441763        0.565553        0.457077
2000-2009      101             0.489540        0.591013        0.501314
2000-2009      102             0.510197        0.535531        0.513054
2000-2009      103             0.522988        0.574972        0.528564
2000-2009      104             0.583107        0.583124        0.583109
2000-2009      105             0.597433        0.617824        0.599735
2000-2009      106             0.738089        0.882707        0.751635
2000-2009      107             0.641818        0.704501        0.646751
2000-2009      108             0.854457        0.000000        0.751833
2000-2009      109             1.379223        0.260870        0.966811
2000-2009      110+            2.751773        0.514286        0.755544
2010-2017        0             0.002469        0.002948        0.002715
2010-2017        1             0.000243        0.000284        0.000264
2010-2017        2             0.000123        0.000174        0.000149
2010-2017        3             0.000111        0.000120        0.000116
2010-2017        4             0.000113        0.000121        0.000117
2010-2017        5             0.000090        0.000071        0.000080
2010-2017        6             0.000063        0.000107        0.000085
2010-2017        7             0.000050        0.000081        0.000066
2010-2017        8             0.000053        0.000082        0.000068
2010-2017        9             0.000065        0.000072        0.000069
2010-2017       10             0.000059        0.000110        0.000085
2010-2017       11             0.000060        0.000096        0.000078
2010-2017       12             0.000097        0.000092        0.000095
2010-2017       13             0.000087        0.000109        0.000098
2010-2017       14             0.000099        0.000114        0.000106
2010-2017       15             0.000109        0.000128        0.000119
2010-2017       16             0.000165        0.000283        0.000226
2010-2017       17             0.000162        0.000315        0.000241
2010-2017       18             0.000213        0.000468        0.000346
2010-2017       19             0.000227        0.000485        0.000361
2010-2017       20             0.000223        0.000514        0.000374
2010-2017       21             0.000218        0.000594        0.000413
2010-2017       22             0.000180        0.000577        0.000387
2010-2017       23             0.000253        0.000578        0.000422
2010-2017       24             0.000176        0.000594        0.000394
2010-2017       25             0.000208        0.000529        0.000376
2010-2017       26             0.000176        0.000570        0.000383
2010-2017       27             0.000270        0.000619        0.000453
2010-2017       28             0.000282        0.000608        0.000453
2010-2017       29             0.000297        0.000692        0.000504
2010-2017       30             0.000307        0.000668        0.000497
2010-2017       31             0.000371        0.000735        0.000563
2010-2017       32             0.000402        0.000792        0.000607
2010-2017       33             0.000407        0.000750        0.000588
2010-2017       34             0.000418        0.000912        0.000678
2010-2017       35             0.000430        0.000904        0.000679
2010-2017       36             0.000486        0.001013        0.000763
2010-2017       37             0.000488        0.001055        0.000787
2010-2017       38             0.000604        0.001209        0.000923
2010-2017       39             0.000724        0.001273        0.001012
2010-2017       40             0.000766        0.001486        0.001144
2010-2017       41             0.000847        0.001725        0.001307
2010-2017       42             0.000953        0.001918        0.001457
2010-2017       43             0.000974        0.002082        0.001550
2010-2017       44             0.001127        0.002375        0.001773
2010-2017       45             0.001223        0.002739        0.002005
2010-2017       46             0.001387        0.003129        0.002283
2010-2017       47             0.001712        0.003468        0.002611
2010-2017       48             0.001774        0.003816        0.002817
2010-2017       49             0.001957        0.004287        0.003145
2010-2017       50             0.002177        0.004738        0.003480
2010-2017       51             0.002421        0.005414        0.003941
2010-2017       52             0.002534        0.005930        0.004254
2010-2017       53             0.002865        0.006527        0.004716
2010-2017       54             0.003086        0.007312        0.005215
2010-2017       55             0.003398        0.007904        0.005661
2010-2017       56             0.003703        0.008481        0.006096
2010-2017       57             0.003783        0.009345        0.006559
2010-2017       58             0.004211        0.010411        0.007292
2010-2017       59             0.004563        0.010970        0.007735
2010-2017       60             0.005058        0.011810        0.008386
2010-2017       61             0.005387        0.012831        0.009040
2010-2017       62             0.005720        0.013784        0.009657
2010-2017       63             0.006333        0.014884        0.010485
2010-2017       64             0.007045        0.015896        0.011318
2010-2017       65             0.007272        0.017109        0.011990
2010-2017       66             0.008044        0.018014        0.012793
2010-2017       67             0.008663        0.019454        0.013768
2010-2017       68             0.009804        0.020894        0.015012
2010-2017       69             0.010226        0.021865        0.015652
2010-2017       70             0.011538        0.023720        0.017170
2010-2017       71             0.012974        0.025716        0.018818
2010-2017       72             0.013882        0.027737        0.020182
2010-2017       73             0.015858        0.030490        0.022449
2010-2017       74             0.017797        0.033661        0.024860
2010-2017       75             0.020403        0.037646        0.027986
2010-2017       76             0.023599        0.041633        0.031421
2010-2017       77             0.026830        0.046376        0.035174
2010-2017       78             0.030727        0.051745        0.039548
2010-2017       79             0.035456        0.058717        0.045017
2010-2017       80             0.041822        0.065246        0.051217
2010-2017       81             0.047930        0.074243        0.058194
2010-2017       82             0.056203        0.082990        0.066307
2010-2017       83             0.063669        0.094009        0.074631
2010-2017       84             0.073553        0.105301        0.084456
2010-2017       85             0.085421        0.116886        0.095655
2010-2017       86             0.097525        0.132017        0.108080
2010-2017       87             0.110997        0.146332        0.121117
2010-2017       88             0.127022        0.165676        0.137345
2010-2017       89             0.145524        0.184043        0.155077
2010-2017       90             0.166483        0.202944        0.174898
2010-2017       91             0.184617        0.230106        0.194475
2010-2017       92             0.207748        0.257329        0.217836
2010-2017       93             0.232783        0.274500        0.240780
2010-2017       94             0.259755        0.304685        0.267957
2010-2017       95             0.284972        0.339874        0.294401
2010-2017       96             0.318797        0.378356        0.328271
2010-2017       97             0.350243        0.418217        0.360328
2010-2017       98             0.371045        0.443121        0.380876
2010-2017       99             0.412071        0.459263        0.418210
2010-2017      100             0.455041        0.546834        0.466152
2010-2017      101             0.493016        0.581113        0.502777
2010-2017      102             0.515632        0.532949        0.517420
2010-2017      103             0.613944        0.609937        0.613529
2010-2017      104             0.597844        0.669097        0.605520
2010-2017      105             0.580250        0.636599        0.585929
2010-2017      106             0.674829        0.668998        0.674234
2010-2017      107             0.763816        0.242475        0.701014
2010-2017      108             0.860628        0.892763        0.866062
2010-2017      109             1.089104        0.955677        1.067807
2010-2017      110+            1.604560        2.413043        1.719304
