Lithuania, Life tables (period 1x10), Females	Last modified: 19 Oct 2020;  Methods Protocol: v6 (2017)

  Year          Age         mx       qx    ax      lx      dx      Lx       Tx     ex
1960-1969        0      0.02524  0.02470  0.14  100000    2470   97887  7432063  74.32
1960-1969        1      0.00236  0.00236  0.50   97530     230   97415  7334176  75.20
1960-1969        2      0.00125  0.00125  0.50   97300     122   97239  7236761  74.38
1960-1969        3      0.00090  0.00090  0.50   97178      88   97134  7139523  73.47
1960-1969        4      0.00076  0.00076  0.50   97090      74   97053  7042389  72.53
1960-1969        5      0.00061  0.00061  0.50   97016      59   96987  6945336  71.59
1960-1969        6      0.00054  0.00054  0.50   96957      53   96931  6848349  70.63
1960-1969        7      0.00048  0.00048  0.50   96904      46   96881  6751418  69.67
1960-1969        8      0.00042  0.00042  0.50   96858      41   96838  6654537  68.70
1960-1969        9      0.00042  0.00042  0.50   96817      41   96797  6557699  67.73
1960-1969       10      0.00042  0.00042  0.50   96777      40   96756  6460902  66.76
1960-1969       11      0.00041  0.00041  0.50   96736      39   96717  6364146  65.79
1960-1969       12      0.00045  0.00045  0.50   96697      43   96675  6267429  64.82
1960-1969       13      0.00037  0.00037  0.50   96654      35   96636  6170754  63.84
1960-1969       14      0.00042  0.00042  0.50   96618      41   96598  6074118  62.87
1960-1969       15      0.00046  0.00046  0.50   96578      44   96556  5977520  61.89
1960-1969       16      0.00056  0.00056  0.50   96534      54   96507  5880964  60.92
1960-1969       17      0.00055  0.00055  0.50   96480      53   96453  5784457  59.96
1960-1969       18      0.00063  0.00063  0.50   96427      60   96397  5688004  58.99
1960-1969       19      0.00074  0.00074  0.50   96367      71   96331  5591607  58.02
1960-1969       20      0.00088  0.00088  0.50   96296      85   96253  5495276  57.07
1960-1969       21      0.00078  0.00078  0.50   96211      75   96173  5399023  56.12
1960-1969       22      0.00076  0.00076  0.50   96136      73   96099  5302849  55.16
1960-1969       23      0.00085  0.00085  0.50   96062      81   96022  5206750  54.20
1960-1969       24      0.00089  0.00089  0.50   95981      85   95938  5110729  53.25
1960-1969       25      0.00092  0.00092  0.50   95896      88   95852  5014790  52.29
1960-1969       26      0.00076  0.00076  0.50   95807      72   95771  4918939  51.34
1960-1969       27      0.00087  0.00087  0.50   95735      83   95693  4823167  50.38
1960-1969       28      0.00087  0.00087  0.50   95652      83   95610  4727474  49.42
1960-1969       29      0.00106  0.00106  0.50   95569     101   95518  4631863  48.47
1960-1969       30      0.00115  0.00115  0.50   95468     110   95413  4536345  47.52
1960-1969       31      0.00099  0.00099  0.50   95358      94   95310  4440933  46.57
1960-1969       32      0.00112  0.00112  0.50   95263     107   95210  4345622  45.62
1960-1969       33      0.00124  0.00124  0.50   95157     118   95098  4250412  44.67
1960-1969       34      0.00133  0.00132  0.50   95039     126   94976  4155314  43.72
1960-1969       35      0.00154  0.00154  0.50   94913     146   94840  4060338  42.78
1960-1969       36      0.00167  0.00166  0.50   94768     158   94689  3965498  41.84
1960-1969       37      0.00164  0.00164  0.50   94610     155   94532  3870809  40.91
1960-1969       38      0.00173  0.00173  0.50   94455     164   94373  3776277  39.98
1960-1969       39      0.00174  0.00174  0.50   94291     164   94209  3681904  39.05
1960-1969       40      0.00222  0.00221  0.50   94127     208   94023  3587695  38.12
1960-1969       41      0.00209  0.00209  0.50   93919     196   93821  3493672  37.20
1960-1969       42      0.00236  0.00236  0.50   93723     221   93612  3399851  36.28
1960-1969       43      0.00223  0.00222  0.50   93502     208   93398  3306239  35.36
1960-1969       44      0.00261  0.00260  0.50   93294     243   93172  3212841  34.44
1960-1969       45      0.00313  0.00312  0.50   93051     291   92905  3119669  33.53
1960-1969       46      0.00306  0.00306  0.50   92760     284   92618  3026764  32.63
1960-1969       47      0.00328  0.00328  0.50   92476     303   92325  2934145  31.73
1960-1969       48      0.00361  0.00361  0.50   92173     332   92007  2841821  30.83
1960-1969       49      0.00386  0.00385  0.50   91841     354   91664  2749814  29.94
1960-1969       50      0.00502  0.00501  0.50   91487     458   91258  2658150  29.05
1960-1969       51      0.00443  0.00442  0.50   91029     403   90828  2566892  28.20
1960-1969       52      0.00513  0.00511  0.50   90626     463   90395  2476064  27.32
1960-1969       53      0.00490  0.00488  0.50   90163     440   89943  2385669  26.46
1960-1969       54      0.00560  0.00558  0.50   89723     501   89472  2295726  25.59
1960-1969       55      0.00616  0.00614  0.50   89222     548   88948  2206254  24.73
1960-1969       56      0.00654  0.00651  0.50   88674     578   88385  2117306  23.88
1960-1969       57      0.00723  0.00721  0.50   88096     635   87779  2028921  23.03
1960-1969       58      0.00781  0.00778  0.50   87461     680   87121  1941142  22.19
1960-1969       59      0.00843  0.00840  0.50   86781     729   86417  1854021  21.36
1960-1969       60      0.01146  0.01139  0.50   86052     980   85562  1767605  20.54
1960-1969       61      0.00995  0.00990  0.50   85072     842   84651  1682043  19.77
1960-1969       62      0.01160  0.01153  0.50   84230     971   83744  1597392  18.96
1960-1969       63      0.01339  0.01330  0.50   83258    1108   82704  1513648  18.18
1960-1969       64      0.01455  0.01444  0.50   82151    1187   81557  1430944  17.42
1960-1969       65      0.01675  0.01661  0.50   80964    1345   80292  1349387  16.67
1960-1969       66      0.01710  0.01696  0.50   79619    1350   78944  1269095  15.94
1960-1969       67      0.01973  0.01954  0.50   78269    1529   77505  1190151  15.21
1960-1969       68      0.02232  0.02207  0.50   76740    1694   75893  1112646  14.50
1960-1969       69      0.02219  0.02194  0.50   75046    1647   74223  1036753  13.81
1960-1969       70      0.03173  0.03124  0.50   73400    2293   72253   962530  13.11
1960-1969       71      0.02784  0.02745  0.50   71107    1952   70131   890277  12.52
1960-1969       72      0.03485  0.03425  0.50   69155    2369   67970   820146  11.86
1960-1969       73      0.03701  0.03634  0.50   66786    2427   65572   752176  11.26
1960-1969       74      0.04314  0.04223  0.50   64359    2718   63000   686604  10.67
1960-1969       75      0.04838  0.04724  0.50   61641    2912   60185   623603  10.12
1960-1969       76      0.05240  0.05106  0.50   58729    2999   57230   563418   9.59
1960-1969       77      0.05666  0.05510  0.50   55731    3071   54195   506188   9.08
1960-1969       78      0.06760  0.06539  0.50   52660    3443   50938   451993   8.58
1960-1969       79      0.06693  0.06476  0.50   49216    3187   47623   401055   8.15
1960-1969       80      0.08837  0.08463  0.50   46029    3896   44081   353432   7.68
1960-1969       81      0.07941  0.07637  0.50   42133    3218   40524   309351   7.34
1960-1969       82      0.09488  0.09058  0.50   38916    3525   37153   268827   6.91
1960-1969       83      0.10131  0.09642  0.50   35391    3412   33684   231674   6.55
1960-1969       84      0.11144  0.10556  0.50   31978    3376   30290   197989   6.19
1960-1969       85      0.12090  0.11401  0.50   28602    3261   26972   167699   5.86
1960-1969       86      0.13741  0.12857  0.50   25341    3258   23712   140727   5.55
1960-1969       87      0.14784  0.13766  0.50   22083    3040   20563   117015   5.30
1960-1969       88      0.15805  0.14648  0.50   19043    2789   17648    96452   5.06
1960-1969       89      0.16636  0.15358  0.50   16254    2496   15006    78803   4.85
1960-1969       90      0.18605  0.17021  0.50   13757    2342   12587    63797   4.64
1960-1969       91      0.16965  0.15638  0.50   11416    1785   10523    51211   4.49
1960-1969       92      0.19903  0.18101  0.50    9631    1743    8759    40688   4.22
1960-1969       93      0.20071  0.18241  0.50    7887    1439    7168    31929   4.05
1960-1969       94      0.18958  0.17317  0.50    6449    1117    5890    24761   3.84
1960-1969       95      0.23931  0.21373  0.50    5332    1140    4762    18870   3.54
1960-1969       96      0.25478  0.22599  0.50    4192     947    3719    14108   3.37
1960-1969       97      0.27090  0.23858  0.50    3245     774    2858    10390   3.20
1960-1969       98      0.28764  0.25148  0.50    2471     621    2160     7532   3.05
1960-1969       99      0.30499  0.26463  0.50    1849     489    1605     5372   2.90
1960-1969      100      0.32291  0.27802  0.50    1360     378    1171     3767   2.77
1960-1969      101      0.34136  0.29159  0.50     982     286     839     2596   2.64
1960-1969      102      0.36031  0.30531  0.50     696     212     589     1758   2.53
1960-1969      103      0.37970  0.31912  0.50     483     154     406     1168   2.42
1960-1969      104      0.39949  0.33298  0.50     329     110     274      762   2.32
1960-1969      105      0.41960  0.34684  0.50     219      76     181      488   2.22
1960-1969      106      0.43999  0.36065  0.50     143      52     117      306   2.14
1960-1969      107      0.46059  0.37437  0.50      92      34      74      189   2.06
1960-1969      108      0.48132  0.38795  0.50      57      22      46      114   2.00
1960-1969      109      0.50211  0.40135  0.50      35      14      28       68   1.94
1960-1969      110+     0.52290  1.00000  1.91      21      21      40       40   1.91
1970-1979        0      0.01547  0.01526  0.12  100000    1526   98653  7562319  75.62
1970-1979        1      0.00197  0.00197  0.50   98474     194   98377  7463666  75.79
1970-1979        2      0.00104  0.00104  0.50   98280     102   98229  7365289  74.94
1970-1979        3      0.00074  0.00074  0.50   98178      73   98142  7267060  74.02
1970-1979        4      0.00056  0.00056  0.50   98105      55   98078  7168919  73.07
1970-1979        5      0.00054  0.00054  0.50   98051      53   98024  7070841  72.11
1970-1979        6      0.00053  0.00053  0.50   97998      52   97972  6972816  71.15
1970-1979        7      0.00040  0.00040  0.50   97946      39   97927  6874844  70.19
1970-1979        8      0.00037  0.00037  0.50   97907      36   97889  6776917  69.22
1970-1979        9      0.00035  0.00035  0.50   97871      35   97854  6679028  68.24
1970-1979       10      0.00031  0.00031  0.50   97836      31   97821  6581175  67.27
1970-1979       11      0.00028  0.00028  0.50   97806      28   97792  6483354  66.29
1970-1979       12      0.00026  0.00026  0.50   97778      26   97765  6385562  65.31
1970-1979       13      0.00028  0.00028  0.50   97752      28   97738  6287797  64.32
1970-1979       14      0.00031  0.00031  0.50   97724      31   97709  6190059  63.34
1970-1979       15      0.00037  0.00037  0.50   97694      36   97675  6092350  62.36
1970-1979       16      0.00039  0.00039  0.50   97657      38   97638  5994675  61.38
1970-1979       17      0.00049  0.00049  0.50   97619      48   97595  5897036  60.41
1970-1979       18      0.00066  0.00066  0.50   97571      65   97539  5799441  59.44
1970-1979       19      0.00061  0.00061  0.50   97507      60   97477  5701902  58.48
1970-1979       20      0.00066  0.00066  0.50   97447      65   97415  5604425  57.51
1970-1979       21      0.00063  0.00063  0.50   97383      62   97352  5507010  56.55
1970-1979       22      0.00064  0.00064  0.50   97321      62   97290  5409658  55.59
1970-1979       23      0.00065  0.00065  0.50   97258      63   97227  5312369  54.62
1970-1979       24      0.00075  0.00075  0.50   97196      73   97159  5215142  53.66
1970-1979       25      0.00072  0.00072  0.50   97122      70   97088  5117983  52.70
1970-1979       26      0.00079  0.00079  0.50   97053      77   97014  5020895  51.73
1970-1979       27      0.00082  0.00082  0.50   96976      80   96936  4923881  50.77
1970-1979       28      0.00088  0.00088  0.50   96896      85   96854  4826945  49.82
1970-1979       29      0.00091  0.00091  0.50   96811      88   96767  4730091  48.86
1970-1979       30      0.00100  0.00100  0.50   96724      97   96675  4633323  47.90
1970-1979       31      0.00092  0.00092  0.50   96627      89   96582  4536648  46.95
1970-1979       32      0.00108  0.00108  0.50   96538     105   96486  4440066  45.99
1970-1979       33      0.00124  0.00124  0.50   96433     120   96373  4343580  45.04
1970-1979       34      0.00123  0.00123  0.50   96313     119   96254  4247207  44.10
1970-1979       35      0.00146  0.00146  0.50   96195     140   96125  4150953  43.15
1970-1979       36      0.00137  0.00137  0.50   96055     132   95989  4054828  42.21
1970-1979       37      0.00142  0.00142  0.50   95923     137   95855  3958840  41.27
1970-1979       38      0.00147  0.00147  0.50   95786     141   95716  3862985  40.33
1970-1979       39      0.00164  0.00163  0.50   95646     156   95568  3767269  39.39
1970-1979       40      0.00180  0.00180  0.50   95490     172   95403  3671701  38.45
1970-1979       41      0.00199  0.00199  0.50   95317     189   95223  3576298  37.52
1970-1979       42      0.00231  0.00231  0.50   95128     219   95018  3481075  36.59
1970-1979       43      0.00230  0.00230  0.50   94909     218   94800  3386057  35.68
1970-1979       44      0.00286  0.00285  0.50   94690     270   94555  3291257  34.76
1970-1979       45      0.00283  0.00282  0.50   94420     267   94287  3196702  33.86
1970-1979       46      0.00322  0.00322  0.50   94154     303   94003  3102414  32.95
1970-1979       47      0.00359  0.00359  0.50   93851     337   93683  3008412  32.06
1970-1979       48      0.00386  0.00386  0.50   93514     361   93334  2914729  31.17
1970-1979       49      0.00402  0.00401  0.50   93154     374   92967  2821395  30.29
1970-1979       50      0.00437  0.00436  0.50   92780     404   92578  2728428  29.41
1970-1979       51      0.00469  0.00468  0.50   92376     432   92159  2635850  28.53
1970-1979       52      0.00521  0.00520  0.50   91943     478   91704  2543691  27.67
1970-1979       53      0.00538  0.00537  0.50   91465     491   91220  2451986  26.81
1970-1979       54      0.00595  0.00593  0.50   90975     539   90705  2360766  25.95
1970-1979       55      0.00613  0.00611  0.50   90435     552   90159  2270061  25.10
1970-1979       56      0.00670  0.00668  0.50   89883     600   89583  2179902  24.25
1970-1979       57      0.00724  0.00721  0.50   89283     644   88961  2090319  23.41
1970-1979       58      0.00761  0.00758  0.50   88639     672   88303  2001359  22.58
1970-1979       59      0.00840  0.00837  0.50   87967     736   87599  1913056  21.75
1970-1979       60      0.00945  0.00941  0.50   87231     820   86821  1825457  20.93
1970-1979       61      0.00964  0.00959  0.50   86410     829   85996  1738636  20.12
1970-1979       62      0.01066  0.01061  0.50   85582     908   85128  1652640  19.31
1970-1979       63      0.01199  0.01192  0.50   84674    1010   84169  1567513  18.51
1970-1979       64      0.01321  0.01313  0.50   83664    1098   83115  1483343  17.73
1970-1979       65      0.01507  0.01495  0.50   82566    1235   81949  1400228  16.96
1970-1979       66      0.01595  0.01583  0.50   81331    1287   80688  1318279  16.21
1970-1979       67      0.01760  0.01745  0.50   80044    1397   79346  1237592  15.46
1970-1979       68      0.01996  0.01976  0.50   78647    1554   77871  1158246  14.73
1970-1979       69      0.02214  0.02190  0.50   77094    1688   76249  1080375  14.01
1970-1979       70      0.02607  0.02574  0.50   75405    1941   74435  1004126  13.32
1970-1979       71      0.02756  0.02718  0.50   73464    1997   72466   929691  12.66
1970-1979       72      0.03250  0.03198  0.50   71467    2286   70324   857226  11.99
1970-1979       73      0.03495  0.03435  0.50   69182    2376   67994   786901  11.37
1970-1979       74      0.04001  0.03922  0.50   66805    2620   65495   718908  10.76
1970-1979       75      0.04609  0.04506  0.50   64185    2892   62739   653412  10.18
1970-1979       76      0.05007  0.04885  0.50   61293    2994   59796   590673   9.64
1970-1979       77      0.05776  0.05614  0.50   58299    3273   56662   530877   9.11
1970-1979       78      0.06352  0.06157  0.50   55026    3388   53332   474215   8.62
1970-1979       79      0.07385  0.07122  0.50   51638    3678   49799   420883   8.15
1970-1979       80      0.08093  0.07778  0.50   47960    3730   46095   371084   7.74
1970-1979       81      0.08373  0.08037  0.50   44230    3555   42453   324989   7.35
1970-1979       82      0.09545  0.09111  0.50   40675    3706   38822   282536   6.95
1970-1979       83      0.10110  0.09624  0.50   36970    3558   35191   243714   6.59
1970-1979       84      0.10972  0.10401  0.50   33412    3475   31674   208523   6.24
1970-1979       85      0.12452  0.11722  0.50   29936    3509   28182   176849   5.91
1970-1979       86      0.13424  0.12580  0.50   26427    3325   24765   148667   5.63
1970-1979       87      0.14166  0.13229  0.50   23103    3056   21575   123902   5.36
1970-1979       88      0.15061  0.14006  0.50   20046    2808   18643   102328   5.10
1970-1979       89      0.16560  0.15293  0.50   17239    2636   15921    83685   4.85
1970-1979       90      0.18273  0.16743  0.50   14602    2445   13380    67764   4.64
1970-1979       91      0.16584  0.15315  0.50   12157    1862   11226    54385   4.47
1970-1979       92      0.19427  0.17707  0.50   10296    1823    9384    43158   4.19
1970-1979       93      0.19768  0.17990  0.50    8473    1524    7710    33774   3.99
1970-1979       94      0.21574  0.19473  0.50    6948    1353    6272    26064   3.75
1970-1979       95      0.23897  0.21346  0.50    5595    1194    4998    19792   3.54
1970-1979       96      0.25464  0.22588  0.50    4401     994    3904    14794   3.36
1970-1979       97      0.27097  0.23864  0.50    3407     813    3000    10890   3.20
1970-1979       98      0.28795  0.25171  0.50    2594     653    2267     7890   3.04
1970-1979       99      0.30554  0.26505  0.50    1941     514    1684     5622   2.90
1970-1979      100      0.32372  0.27862  0.50    1427     397    1228     3938   2.76
1970-1979      101      0.34245  0.29238  0.50    1029     301     879     2711   2.63
1970-1979      102      0.36168  0.30629  0.50     728     223     617     1832   2.52
1970-1979      103      0.38136  0.32029  0.50     505     162     424     1215   2.41
1970-1979      104      0.40145  0.33434  0.50     343     115     286      791   2.30
1970-1979      105      0.42187  0.34838  0.50     229      80     189      505   2.21
1970-1979      106      0.44256  0.36237  0.50     149      54     122      316   2.13
1970-1979      107      0.46345  0.37626  0.50      95      36      77      195   2.05
1970-1979      108      0.48447  0.39000  0.50      59      23      48      117   1.98
1970-1979      109      0.50555  0.40354  0.50      36      15      29       70   1.93
1970-1979      110+     0.52660  1.00000  1.90      22      22      41       41   1.90
1980-1989        0      0.01158  0.01147  0.13  100000    1147   98997  7595286  75.95
1980-1989        1      0.00169  0.00169  0.50   98853     167   98770  7496289  75.83
1980-1989        2      0.00089  0.00089  0.50   98686      88   98642  7397519  74.96
1980-1989        3      0.00059  0.00059  0.50   98598      58   98569  7298877  74.03
1980-1989        4      0.00054  0.00054  0.50   98540      53   98514  7200307  73.07
1980-1989        5      0.00047  0.00047  0.50   98487      46   98465  7101794  72.11
1980-1989        6      0.00042  0.00042  0.50   98442      42   98421  7003329  71.14
1980-1989        7      0.00036  0.00036  0.50   98400      36   98382  6904908  70.17
1980-1989        8      0.00034  0.00034  0.50   98364      33   98348  6806526  69.20
1980-1989        9      0.00033  0.00033  0.50   98331      33   98315  6708178  68.22
1980-1989       10      0.00030  0.00030  0.50   98299      29   98284  6609863  67.24
1980-1989       11      0.00027  0.00027  0.50   98270      27   98256  6511579  66.26
1980-1989       12      0.00031  0.00031  0.50   98243      31   98228  6413322  65.28
1980-1989       13      0.00030  0.00030  0.50   98212      30   98198  6315095  64.30
1980-1989       14      0.00030  0.00030  0.50   98183      30   98168  6216897  63.32
1980-1989       15      0.00036  0.00036  0.50   98153      35   98135  6118729  62.34
1980-1989       16      0.00052  0.00052  0.50   98118      51   98092  6020594  61.36
1980-1989       17      0.00056  0.00056  0.50   98067      55   98040  5922502  60.39
1980-1989       18      0.00059  0.00059  0.50   98012      58   97983  5824462  59.43
1980-1989       19      0.00053  0.00053  0.50   97954      52   97929  5726479  58.46
1980-1989       20      0.00052  0.00052  0.50   97903      51   97877  5628550  57.49
1980-1989       21      0.00063  0.00063  0.50   97851      62   97820  5530673  56.52
1980-1989       22      0.00062  0.00062  0.50   97790      60   97759  5432853  55.56
1980-1989       23      0.00064  0.00064  0.50   97729      63   97698  5335093  54.59
1980-1989       24      0.00063  0.00063  0.50   97667      61   97636  5237395  53.63
1980-1989       25      0.00067  0.00067  0.50   97606      65   97573  5139759  52.66
1980-1989       26      0.00061  0.00061  0.50   97540      60   97510  5042186  51.69
1980-1989       27      0.00074  0.00074  0.50   97481      72   97444  4944676  50.72
1980-1989       28      0.00079  0.00079  0.50   97408      77   97370  4847231  49.76
1980-1989       29      0.00074  0.00074  0.50   97332      72   97295  4749861  48.80
1980-1989       30      0.00092  0.00092  0.50   97259      89   97215  4652566  47.84
1980-1989       31      0.00092  0.00092  0.50   97170      89   97125  4555351  46.88
1980-1989       32      0.00098  0.00097  0.50   97081      95   97033  4458226  45.92
1980-1989       33      0.00102  0.00102  0.50   96986      99   96936  4361193  44.97
1980-1989       34      0.00120  0.00120  0.50   96887     116   96829  4264257  44.01
1980-1989       35      0.00144  0.00144  0.50   96770     140   96701  4167428  43.07
1980-1989       36      0.00151  0.00150  0.50   96631     145   96558  4070727  42.13
1980-1989       37      0.00151  0.00151  0.50   96485     146   96413  3974169  41.19
1980-1989       38      0.00171  0.00171  0.50   96340     165   96257  3877757  40.25
1980-1989       39      0.00208  0.00208  0.50   96175     200   96075  3781499  39.32
1980-1989       40      0.00200  0.00200  0.50   95976     192   95880  3685424  38.40
1980-1989       41      0.00210  0.00209  0.50   95784     201   95683  3589544  37.48
1980-1989       42      0.00253  0.00252  0.50   95583     241   95462  3493861  36.55
1980-1989       43      0.00259  0.00258  0.50   95342     246   95218  3398399  35.64
1980-1989       44      0.00258  0.00258  0.50   95095     245   94973  3303180  34.74
1980-1989       45      0.00287  0.00287  0.50   94850     272   94714  3208208  33.82
1980-1989       46      0.00324  0.00323  0.50   94578     306   94425  3113494  32.92
1980-1989       47      0.00337  0.00337  0.50   94272     317   94114  3019069  32.03
1980-1989       48      0.00383  0.00383  0.50   93955     359   93775  2924955  31.13
1980-1989       49      0.00412  0.00411  0.50   93595     384   93403  2831180  30.25
1980-1989       50      0.00444  0.00443  0.50   93211     413   93004  2737777  29.37
1980-1989       51      0.00478  0.00477  0.50   92798     442   92577  2644772  28.50
1980-1989       52      0.00499  0.00498  0.50   92356     460   92126  2552196  27.63
1980-1989       53      0.00554  0.00553  0.50   91896     508   91642  2460070  26.77
1980-1989       54      0.00568  0.00566  0.50   91388     518   91129  2368428  25.92
1980-1989       55      0.00641  0.00639  0.50   90870     581   90580  2277300  25.06
1980-1989       56      0.00712  0.00709  0.50   90289     640   89969  2186720  24.22
1980-1989       57      0.00793  0.00790  0.50   89649     708   89295  2096751  23.39
1980-1989       58      0.00792  0.00789  0.50   88941     702   88590  2007456  22.57
1980-1989       59      0.00845  0.00842  0.50   88239     743   87868  1918866  21.75
1980-1989       60      0.00954  0.00949  0.50   87496     830   87081  1830998  20.93
1980-1989       61      0.01006  0.01001  0.50   86666     868   86232  1743917  20.12
1980-1989       62      0.01131  0.01124  0.50   85798     965   85316  1657685  19.32
1980-1989       63      0.01246  0.01239  0.50   84834    1051   84308  1572369  18.53
1980-1989       64      0.01406  0.01396  0.50   83783    1170   83198  1488061  17.76
1980-1989       65      0.01488  0.01477  0.50   82613    1220   82003  1404863  17.01
1980-1989       66      0.01657  0.01643  0.50   81393    1337   80724  1322860  16.25
1980-1989       67      0.01765  0.01749  0.50   80055    1401   79355  1242136  15.52
1980-1989       68      0.02016  0.01996  0.50   78655    1570   77870  1162781  14.78
1980-1989       69      0.02226  0.02201  0.50   77085    1697   76237  1084911  14.07
1980-1989       70      0.02516  0.02485  0.50   75388    1873   74452  1008674  13.38
1980-1989       71      0.02755  0.02718  0.50   73515    1998   72516   934222  12.71
1980-1989       72      0.03026  0.02981  0.50   71517    2132   70452   861706  12.05
1980-1989       73      0.03368  0.03312  0.50   69386    2298   68236   791254  11.40
1980-1989       74      0.03771  0.03701  0.50   67087    2483   65846   723018  10.78
1980-1989       75      0.04326  0.04234  0.50   64604    2736   63236   657172  10.17
1980-1989       76      0.04880  0.04763  0.50   61869    2947   60395   593936   9.60
1980-1989       77      0.05345  0.05206  0.50   58922    3067   57388   533541   9.06
1980-1989       78      0.06103  0.05922  0.50   55854    3308   54200   476153   8.52
1980-1989       79      0.06577  0.06368  0.50   52547    3346   50874   421952   8.03
1980-1989       80      0.07687  0.07403  0.50   49201    3642   47380   371079   7.54
1980-1989       81      0.08623  0.08266  0.50   45558    3766   43675   323699   7.11
1980-1989       82      0.09371  0.08951  0.50   41792    3741   39922   280024   6.70
1980-1989       83      0.10438  0.09920  0.50   38051    3775   36164   240102   6.31
1980-1989       84      0.11851  0.11188  0.50   34277    3835   32359   203938   5.95
1980-1989       85      0.12937  0.12151  0.50   30442    3699   28592   171578   5.64
1980-1989       86      0.14039  0.13118  0.50   26743    3508   24989   142986   5.35
1980-1989       87      0.14953  0.13912  0.50   23235    3233   21618   117997   5.08
1980-1989       88      0.16441  0.15192  0.50   20002    3039   18483    96379   4.82
1980-1989       89      0.17468  0.16065  0.50   16963    2725   15601    77896   4.59
1980-1989       90      0.18400  0.16849  0.50   14238    2399   13039    62295   4.38
1980-1989       91      0.19656  0.17897  0.50   11839    2119   10780    49256   4.16
1980-1989       92      0.20771  0.18817  0.50    9720    1829    8806    38476   3.96
1980-1989       93      0.21928  0.19761  0.50    7891    1559    7112    29671   3.76
1980-1989       94      0.22452  0.20186  0.50    6332    1278    5693    22559   3.56
1980-1989       95      0.25478  0.22599  0.50    5054    1142    4483    16866   3.34
1980-1989       96      0.27207  0.23949  0.50    3912     937    3443    12384   3.17
1980-1989       97      0.29009  0.25334  0.50    2975     754    2598     8940   3.01
1980-1989       98      0.30878  0.26749  0.50    2221     594    1924     6342   2.86
1980-1989       99      0.32813  0.28188  0.50    1627     459    1398     4418   2.72
1980-1989      100      0.34808  0.29648  0.50    1168     346     995     3021   2.59
1980-1989      101      0.36857  0.31122  0.50     822     256     694     2025   2.46
1980-1989      102      0.38956  0.32605  0.50     566     185     474     1331   2.35
1980-1989      103      0.41095  0.34091  0.50     382     130     317      857   2.25
1980-1989      104      0.43269  0.35573  0.50     251      89     207      541   2.15
1980-1989      105      0.45470  0.37047  0.50     162      60     132      334   2.06
1980-1989      106      0.47688  0.38506  0.50     102      39      82      202   1.98
1980-1989      107      0.49915  0.39946  0.50      63      25      50      120   1.91
1980-1989      108      0.52143  0.41360  0.50      38      16      30       70   1.85
1980-1989      109      0.54362  0.42744  0.50      22       9      17       40   1.80
1980-1989      110+     0.56564  1.00000  1.77      13      13      22       22   1.77
1990-1999        0      0.01103  0.01093  0.13  100000    1093   99045  7580919  75.81
1990-1999        1      0.00088  0.00088  0.50   98907      87   98864  7481874  75.65
1990-1999        2      0.00067  0.00067  0.50   98821      66   98788  7383010  74.71
1990-1999        3      0.00055  0.00055  0.50   98755      54   98728  7284222  73.76
1990-1999        4      0.00039  0.00039  0.50   98700      38   98681  7185495  72.80
1990-1999        5      0.00040  0.00040  0.50   98662      40   98642  7086813  71.83
1990-1999        6      0.00031  0.00031  0.50   98622      31   98607  6988171  70.86
1990-1999        7      0.00031  0.00031  0.50   98592      31   98576  6889564  69.88
1990-1999        8      0.00030  0.00030  0.50   98561      29   98546  6790988  68.90
1990-1999        9      0.00020  0.00020  0.50   98531      19   98522  6692442  67.92
1990-1999       10      0.00026  0.00026  0.50   98512      25   98500  6593920  66.94
1990-1999       11      0.00024  0.00024  0.50   98487      24   98475  6495421  65.95
1990-1999       12      0.00026  0.00026  0.50   98463      26   98450  6396945  64.97
1990-1999       13      0.00026  0.00026  0.50   98437      25   98425  6298495  63.98
1990-1999       14      0.00033  0.00033  0.50   98412      33   98396  6200070  63.00
1990-1999       15      0.00040  0.00040  0.50   98379      40   98360  6101675  62.02
1990-1999       16      0.00048  0.00048  0.50   98340      47   98316  6003315  61.05
1990-1999       17      0.00055  0.00055  0.50   98293      54   98266  5904999  60.08
1990-1999       18      0.00057  0.00057  0.50   98239      56   98211  5806733  59.11
1990-1999       19      0.00060  0.00060  0.50   98183      59   98154  5708522  58.14
1990-1999       20      0.00053  0.00053  0.50   98124      52   98098  5610368  57.18
1990-1999       21      0.00057  0.00057  0.50   98072      56   98044  5512270  56.21
1990-1999       22      0.00057  0.00057  0.50   98017      56   97989  5414225  55.24
1990-1999       23      0.00065  0.00065  0.50   97961      64   97929  5316236  54.27
1990-1999       24      0.00065  0.00065  0.50   97897      63   97866  5218307  53.30
1990-1999       25      0.00064  0.00064  0.50   97834      63   97803  5120442  52.34
1990-1999       26      0.00064  0.00064  0.50   97771      63   97739  5022639  51.37
1990-1999       27      0.00070  0.00070  0.50   97708      69   97674  4924900  50.40
1990-1999       28      0.00072  0.00072  0.50   97639      70   97604  4827226  49.44
1990-1999       29      0.00082  0.00082  0.50   97569      80   97529  4729622  48.47
1990-1999       30      0.00083  0.00083  0.50   97489      81   97449  4632093  47.51
1990-1999       31      0.00094  0.00094  0.50   97409      92   97363  4534643  46.55
1990-1999       32      0.00096  0.00096  0.50   97317      94   97270  4437281  45.60
1990-1999       33      0.00113  0.00113  0.50   97223     110   97168  4340011  44.64
1990-1999       34      0.00117  0.00117  0.50   97114     114   97057  4242843  43.69
1990-1999       35      0.00132  0.00131  0.50   97000     128   96936  4145786  42.74
1990-1999       36      0.00156  0.00156  0.50   96872     151   96797  4048850  41.80
1990-1999       37      0.00164  0.00164  0.50   96721     159   96642  3952053  40.86
1990-1999       38      0.00182  0.00181  0.50   96562     175   96475  3855411  39.93
1990-1999       39      0.00217  0.00217  0.50   96387     209   96283  3758936  39.00
1990-1999       40      0.00220  0.00220  0.50   96178     211   96073  3662653  38.08
1990-1999       41      0.00256  0.00255  0.50   95967     245   95844  3566581  37.16
1990-1999       42      0.00281  0.00281  0.50   95722     269   95587  3470736  36.26
1990-1999       43      0.00303  0.00303  0.50   95453     289   95309  3375149  35.36
1990-1999       44      0.00314  0.00314  0.50   95164     299   95015  3279840  34.47
1990-1999       45      0.00370  0.00370  0.50   94865     351   94690  3184826  33.57
1990-1999       46      0.00391  0.00390  0.50   94515     369   94330  3090136  32.69
1990-1999       47      0.00425  0.00424  0.50   94146     399   93946  2995806  31.82
1990-1999       48      0.00436  0.00435  0.50   93747     408   93543  2901859  30.95
1990-1999       49      0.00481  0.00480  0.50   93339     448   93115  2808316  30.09
1990-1999       50      0.00506  0.00505  0.50   92891     469   92656  2715201  29.23
1990-1999       51      0.00519  0.00518  0.50   92421     478   92182  2622545  28.38
1990-1999       52      0.00544  0.00543  0.50   91943     499   91693  2530363  27.52
1990-1999       53      0.00627  0.00625  0.50   91444     572   91158  2438670  26.67
1990-1999       54      0.00601  0.00600  0.50   90872     545   90600  2347512  25.83
1990-1999       55      0.00708  0.00706  0.50   90327     638   90009  2256912  24.99
1990-1999       56      0.00749  0.00747  0.50   89690     670   89355  2166903  24.16
1990-1999       57      0.00790  0.00787  0.50   89020     701   88670  2077548  23.34
1990-1999       58      0.00861  0.00857  0.50   88319     757   87941  1988879  22.52
1990-1999       59      0.00899  0.00895  0.50   87563     784   87171  1900938  21.71
1990-1999       60      0.01000  0.00995  0.50   86779     863   86347  1813767  20.90
1990-1999       61      0.01098  0.01092  0.50   85915     938   85446  1727420  20.11
1990-1999       62      0.01122  0.01116  0.50   84977     949   84503  1641973  19.32
1990-1999       63      0.01252  0.01244  0.50   84029    1045   83506  1557470  18.53
1990-1999       64      0.01364  0.01354  0.50   82984    1124   82422  1473964  17.76
1990-1999       65      0.01468  0.01457  0.50   81860    1193   81263  1391542  17.00
1990-1999       66      0.01636  0.01623  0.50   80667    1309   80012  1310279  16.24
1990-1999       67      0.01798  0.01782  0.50   79358    1414   78651  1230267  15.50
1990-1999       68      0.01938  0.01919  0.50   77944    1496   77196  1151616  14.78
1990-1999       69      0.02156  0.02133  0.50   76448    1631   75632  1074421  14.05
1990-1999       70      0.02451  0.02421  0.50   74817    1812   73911   998788  13.35
1990-1999       71      0.02682  0.02646  0.50   73005    1932   72039   924877  12.67
1990-1999       72      0.02954  0.02911  0.50   71073    2069   70039   852838  12.00
1990-1999       73      0.03191  0.03141  0.50   69004    2167   67920   782800  11.34
1990-1999       74      0.03643  0.03578  0.50   66837    2391   65641   714879  10.70
1990-1999       75      0.04041  0.03961  0.50   64446    2552   63170   649238  10.07
1990-1999       76      0.04658  0.04552  0.50   61893    2818   60484   586068   9.47
1990-1999       77      0.05146  0.05017  0.50   59076    2964   57594   525584   8.90
1990-1999       78      0.05750  0.05589  0.50   56112    3136   54544   467990   8.34
1990-1999       79      0.06537  0.06330  0.50   52976    3353   51299   413446   7.80
1990-1999       80      0.07516  0.07244  0.50   49622    3594   47825   362147   7.30
1990-1999       81      0.08264  0.07936  0.50   46028    3653   44201   314322   6.83
1990-1999       82      0.09238  0.08830  0.50   42375    3742   40504   270121   6.37
1990-1999       83      0.10532  0.10005  0.50   38633    3865   36701   229617   5.94
1990-1999       84      0.11986  0.11308  0.50   34768    3932   32802   192916   5.55
1990-1999       85      0.13198  0.12381  0.50   30836    3818   28927   160114   5.19
1990-1999       86      0.14746  0.13733  0.50   27018    3710   25163   131187   4.86
1990-1999       87      0.16252  0.15031  0.50   23308    3503   21556   106024   4.55
1990-1999       88      0.17748  0.16301  0.50   19805    3228   18190    84467   4.27
1990-1999       89      0.19336  0.17631  0.50   16576    2923   15115    66277   4.00
1990-1999       90      0.21717  0.19590  0.50   13654    2675   12316    51162   3.75
1990-1999       91      0.22988  0.20618  0.50   10979    2264    9847    38846   3.54
1990-1999       92      0.24877  0.22125  0.50    8715    1928    7751    28999   3.33
1990-1999       93      0.26633  0.23503  0.50    6787    1595    5989    21248   3.13
1990-1999       94      0.28530  0.24968  0.50    5192    1296    4544    15258   2.94
1990-1999       95      0.31382  0.27126  0.50    3896    1057    3367    10714   2.75
1990-1999       96      0.33857  0.28955  0.50    2839     822    2428     7347   2.59
1990-1999       97      0.36422  0.30811  0.50    2017     621    1706     4919   2.44
1990-1999       98      0.39068  0.32683  0.50    1395     456    1167     3213   2.30
1990-1999       99      0.41779  0.34560  0.50     939     325     777     2046   2.18
1990-1999      100      0.44541  0.36428  0.50     615     224     503     1269   2.06
1990-1999      101      0.47337  0.38277  0.50     391     150     316      766   1.96
1990-1999      102      0.50150  0.40096  0.50     241      97     193      450   1.87
1990-1999      103      0.52962  0.41873  0.50     144      61     114      257   1.78
1990-1999      104      0.55755  0.43600  0.50      84      37      66      143   1.70
1990-1999      105      0.58512  0.45268  0.50      47      21      37       77   1.63
1990-1999      106      0.61217  0.46871  0.50      26      12      20       41   1.57
1990-1999      107      0.63855  0.48401  0.50      14       7      10       21   1.51
1990-1999      108      0.66411  0.49856  0.50       7       4       5       10   1.47
1990-1999      109      0.68875  0.51232  0.50       4       2       3        5   1.43
1990-1999      110+     0.71237  1.00000  1.40       2       2       2        2   1.40
2000-2009        0      0.00653  0.00649  0.14  100000     649   99439  7756602  77.57
2000-2009        1      0.00058  0.00058  0.50   99351      57   99322  7657163  77.07
2000-2009        2      0.00038  0.00038  0.50   99294      37   99275  7557841  76.12
2000-2009        3      0.00036  0.00036  0.50   99256      35   99239  7458566  75.14
2000-2009        4      0.00025  0.00025  0.50   99221      25   99208  7359327  74.17
2000-2009        5      0.00023  0.00023  0.50   99196      23   99185  7260119  73.19
2000-2009        6      0.00018  0.00018  0.50   99173      17   99164  7160934  72.21
2000-2009        7      0.00015  0.00015  0.50   99156      15   99148  7061770  71.22
2000-2009        8      0.00018  0.00018  0.50   99141      18   99132  6962622  70.23
2000-2009        9      0.00015  0.00015  0.50   99123      15   99116  6863490  69.24
2000-2009       10      0.00018  0.00018  0.50   99108      17   99099  6764374  68.25
2000-2009       11      0.00012  0.00012  0.50   99091      12   99085  6665275  67.26
2000-2009       12      0.00020  0.00020  0.50   99079      20   99069  6566190  66.27
2000-2009       13      0.00022  0.00022  0.50   99059      22   99048  6467122  65.29
2000-2009       14      0.00026  0.00026  0.50   99037      26   99024  6368074  64.30
2000-2009       15      0.00032  0.00032  0.50   99011      31   98995  6269050  63.32
2000-2009       16      0.00037  0.00037  0.50   98979      37   98961  6170055  62.34
2000-2009       17      0.00042  0.00042  0.50   98943      41   98922  6071094  61.36
2000-2009       18      0.00050  0.00050  0.50   98901      50   98876  5972173  60.39
2000-2009       19      0.00046  0.00046  0.50   98851      46   98828  5873296  59.42
2000-2009       20      0.00048  0.00048  0.50   98805      47   98782  5774468  58.44
2000-2009       21      0.00051  0.00051  0.50   98758      50   98733  5675686  57.47
2000-2009       22      0.00047  0.00047  0.50   98708      46   98685  5576953  56.50
2000-2009       23      0.00045  0.00045  0.50   98662      44   98640  5478268  55.53
2000-2009       24      0.00050  0.00050  0.50   98617      49   98593  5379629  54.55
2000-2009       25      0.00063  0.00063  0.50   98568      62   98538  5281036  53.58
2000-2009       26      0.00058  0.00058  0.50   98507      57   98478  5182498  52.61
2000-2009       27      0.00068  0.00068  0.50   98450      67   98417  5084020  51.64
2000-2009       28      0.00076  0.00075  0.50   98383      74   98346  4985603  50.68
2000-2009       29      0.00077  0.00077  0.50   98309      76   98271  4887257  49.71
2000-2009       30      0.00076  0.00076  0.50   98233      74   98196  4788987  48.75
2000-2009       31      0.00078  0.00078  0.50   98159      77   98120  4690791  47.79
2000-2009       32      0.00102  0.00102  0.50   98082     100   98032  4592671  46.82
2000-2009       33      0.00112  0.00112  0.50   97982     110   97927  4494639  45.87
2000-2009       34      0.00117  0.00117  0.50   97872     114   97815  4396712  44.92
2000-2009       35      0.00128  0.00128  0.50   97757     125   97695  4298898  43.98
2000-2009       36      0.00121  0.00121  0.50   97632     118   97573  4201203  43.03
2000-2009       37      0.00148  0.00148  0.50   97514     144   97442  4103630  42.08
2000-2009       38      0.00161  0.00161  0.50   97370     156   97292  4006188  41.14
2000-2009       39      0.00182  0.00182  0.50   97214     177   97125  3908896  40.21
2000-2009       40      0.00198  0.00198  0.50   97036     192   96941  3811771  39.28
2000-2009       41      0.00209  0.00209  0.50   96845     203   96743  3714830  38.36
2000-2009       42      0.00230  0.00230  0.50   96642     222   96531  3618087  37.44
2000-2009       43      0.00250  0.00250  0.50   96420     241   96299  3521556  36.52
2000-2009       44      0.00269  0.00269  0.50   96179     258   96050  3425257  35.61
2000-2009       45      0.00294  0.00294  0.50   95920     282   95780  3329207  34.71
2000-2009       46      0.00323  0.00323  0.50   95639     308   95485  3233427  33.81
2000-2009       47      0.00376  0.00375  0.50   95330     358   95152  3137943  32.92
2000-2009       48      0.00404  0.00403  0.50   94973     383   94781  3042791  32.04
2000-2009       49      0.00422  0.00421  0.50   94590     398   94391  2948010  31.17
2000-2009       50      0.00482  0.00481  0.50   94192     453   93966  2853619  30.30
2000-2009       51      0.00479  0.00478  0.50   93739     448   93515  2759654  29.44
2000-2009       52      0.00557  0.00555  0.50   93291     518   93032  2666138  28.58
2000-2009       53      0.00569  0.00568  0.50   92773     527   92510  2573106  27.74
2000-2009       54      0.00622  0.00620  0.50   92246     572   91961  2480596  26.89
2000-2009       55      0.00664  0.00662  0.50   91675     607   91372  2388636  26.06
2000-2009       56      0.00735  0.00732  0.50   91068     667   90735  2297264  25.23
2000-2009       57      0.00788  0.00785  0.50   90402     709   90047  2206529  24.41
2000-2009       58      0.00831  0.00828  0.50   89692     742   89321  2116482  23.60
2000-2009       59      0.00885  0.00881  0.50   88950     784   88558  2027161  22.79
2000-2009       60      0.00953  0.00949  0.50   88166     837   87748  1938603  21.99
2000-2009       61      0.01001  0.00996  0.50   87329     870   86894  1850855  21.19
2000-2009       62      0.01056  0.01050  0.50   86459     908   86005  1763961  20.40
2000-2009       63      0.01108  0.01102  0.50   85551     943   85080  1677955  19.61
2000-2009       64      0.01204  0.01197  0.50   84609    1012   84102  1592875  18.83
2000-2009       65      0.01283  0.01274  0.50   83596    1065   83063  1508773  18.05
2000-2009       66      0.01344  0.01335  0.50   82531    1102   81980  1425710  17.27
2000-2009       67      0.01463  0.01452  0.50   81429    1182   80837  1343730  16.50
2000-2009       68      0.01626  0.01613  0.50   80246    1295   79599  1262893  15.74
2000-2009       69      0.01789  0.01773  0.50   78952    1400   78252  1183294  14.99
2000-2009       70      0.01999  0.01980  0.50   77552    1535   76784  1105042  14.25
2000-2009       71      0.02235  0.02211  0.50   76016    1681   75176  1028258  13.53
2000-2009       72      0.02410  0.02382  0.50   74336    1770   73451   953082  12.82
2000-2009       73      0.02766  0.02728  0.50   72566    1980   71576   879631  12.12
2000-2009       74      0.03088  0.03041  0.50   70586    2146   69512   808055  11.45
2000-2009       75      0.03418  0.03360  0.50   68439    2300   67289   738543  10.79
2000-2009       76      0.03865  0.03792  0.50   66140    2508   64886   671254  10.15
2000-2009       77      0.04358  0.04265  0.50   63632    2714   62275   606368   9.53
2000-2009       78      0.05002  0.04880  0.50   60918    2973   59432   544093   8.93
2000-2009       79      0.05566  0.05415  0.50   57945    3138   56376   484661   8.36
2000-2009       80      0.06315  0.06122  0.50   54807    3355   53130   428285   7.81
2000-2009       81      0.07117  0.06872  0.50   51452    3536   49684   375155   7.29
2000-2009       82      0.08287  0.07957  0.50   47916    3813   46010   325471   6.79
2000-2009       83      0.09141  0.08741  0.50   44103    3855   42176   279461   6.34
2000-2009       84      0.10212  0.09716  0.50   40248    3911   38293   237285   5.90
2000-2009       85      0.11641  0.11000  0.50   36338    3997   34339   198992   5.48
2000-2009       86      0.12625  0.11876  0.50   32340    3841   30420   164653   5.09
2000-2009       87      0.14502  0.13521  0.50   28500    3854   26573   134233   4.71
2000-2009       88      0.15811  0.14653  0.50   24646    3611   22840   107661   4.37
2000-2009       89      0.18442  0.16885  0.50   21035    3552   19259    84820   4.03
2000-2009       90      0.20055  0.18228  0.50   17483    3187   15890    65561   3.75
2000-2009       91      0.22775  0.20446  0.50   14296    2923   12835    49672   3.47
2000-2009       92      0.24326  0.21688  0.50   11373    2467   10140    36837   3.24
2000-2009       93      0.27285  0.24009  0.50    8907    2138    7837    26697   3.00
2000-2009       94      0.30024  0.26105  0.50    6768    1767    5885    18860   2.79
2000-2009       95      0.33022  0.28343  0.50    5001    1418    4293    12975   2.59
2000-2009       96      0.36021  0.30524  0.50    3584    1094    3037     8682   2.42
2000-2009       97      0.39134  0.32730  0.50    2490     815    2082     5645   2.27
2000-2009       98      0.42337  0.34941  0.50    1675     585    1382     3563   2.13
2000-2009       99      0.45606  0.37138  0.50    1090     405     887     2181   2.00
2000-2009      100      0.48913  0.39301  0.50     685     269     550     1293   1.89
2000-2009      101      0.52230  0.41415  0.50     416     172     330      743   1.79
2000-2009      102      0.55527  0.43461  0.50     244     106     191      413   1.70
2000-2009      103      0.58777  0.45427  0.50     138      63     106      222   1.62
2000-2009      104      0.61951  0.47300  0.50      75      36      57      116   1.54
2000-2009      105      0.65027  0.49072  0.50      40      19      30       59   1.48
2000-2009      106      0.67982  0.50736  0.50      20      10      15       29   1.42
2000-2009      107      0.70800  0.52290  0.50      10       5       7       14   1.37
2000-2009      108      0.73467  0.53730  0.50       5       3       3        6   1.33
2000-2009      109      0.75973  0.55058  0.50       2       1       2        3   1.30
2000-2009      110+     0.78312  1.00000  1.28       1       1       1        1   1.28
2010-2019        0      0.00365  0.00364  0.14  100000     364   99687  7980700  79.81
2010-2019        1      0.00030  0.00030  0.50   99636      30   99621  7881013  79.10
2010-2019        2      0.00016  0.00016  0.50   99605      16   99597  7781392  78.12
2010-2019        3      0.00018  0.00018  0.50   99589      18   99580  7681795  77.13
2010-2019        4      0.00014  0.00014  0.50   99571      14   99564  7582215  76.15
2010-2019        5      0.00014  0.00014  0.50   99557      14   99551  7482651  75.16
2010-2019        6      0.00015  0.00015  0.50   99544      14   99537  7383100  74.17
2010-2019        7      0.00018  0.00018  0.50   99529      18   99521  7283563  73.18
2010-2019        8      0.00012  0.00012  0.50   99512      12   99506  7184043  72.19
2010-2019        9      0.00014  0.00014  0.50   99500      14   99493  7084537  71.20
2010-2019       10      0.00010  0.00010  0.50   99486      10   99481  6985044  70.21
2010-2019       11      0.00008  0.00008  0.50   99475       8   99471  6885564  69.22
2010-2019       12      0.00014  0.00014  0.50   99467      14   99460  6786093  68.22
2010-2019       13      0.00017  0.00017  0.50   99453      17   99444  6686633  67.23
2010-2019       14      0.00018  0.00018  0.50   99436      18   99427  6587188  66.25
2010-2019       15      0.00018  0.00018  0.50   99418      18   99409  6487761  65.26
2010-2019       16      0.00018  0.00018  0.50   99400      18   99391  6388352  64.27
2010-2019       17      0.00029  0.00029  0.50   99382      29   99368  6288962  63.28
2010-2019       18      0.00032  0.00032  0.50   99353      32   99337  6189594  62.30
2010-2019       19      0.00037  0.00037  0.50   99321      37   99303  6090257  61.32
2010-2019       20      0.00033  0.00033  0.50   99285      32   99269  5990954  60.34
2010-2019       21      0.00033  0.00033  0.50   99252      33   99236  5891685  59.36
2010-2019       22      0.00034  0.00034  0.50   99219      34   99202  5792449  58.38
2010-2019       23      0.00032  0.00032  0.50   99185      32   99169  5693247  57.40
2010-2019       24      0.00031  0.00031  0.50   99153      31   99138  5594077  56.42
2010-2019       25      0.00037  0.00037  0.50   99122      37   99104  5494940  55.44
2010-2019       26      0.00048  0.00048  0.50   99086      48   99062  5395835  54.46
2010-2019       27      0.00046  0.00046  0.50   99038      45   99016  5296773  53.48
2010-2019       28      0.00060  0.00060  0.50   98993      59   98964  5197758  52.51
2010-2019       29      0.00056  0.00056  0.50   98934      56   98906  5098794  51.54
2010-2019       30      0.00068  0.00068  0.50   98878      67   98845  4999888  50.57
2010-2019       31      0.00070  0.00070  0.50   98811      69   98777  4901043  49.60
2010-2019       32      0.00075  0.00075  0.50   98742      74   98705  4802267  48.63
2010-2019       33      0.00090  0.00090  0.50   98668      89   98624  4703561  47.67
2010-2019       34      0.00106  0.00106  0.50   98580     105   98527  4604938  46.71
2010-2019       35      0.00123  0.00122  0.50   98475     121   98414  4506410  45.76
2010-2019       36      0.00108  0.00108  0.50   98354     106   98301  4407996  44.82
2010-2019       37      0.00118  0.00118  0.50   98248     116   98190  4309695  43.87
2010-2019       38      0.00125  0.00125  0.50   98132     122   98070  4211505  42.92
2010-2019       39      0.00148  0.00148  0.50   98009     145   97937  4113435  41.97
2010-2019       40      0.00146  0.00146  0.50   97864     143   97793  4015498  41.03
2010-2019       41      0.00167  0.00166  0.50   97722     163   97640  3917705  40.09
2010-2019       42      0.00189  0.00189  0.50   97559     184   97467  3820065  39.16
2010-2019       43      0.00202  0.00202  0.50   97375     196   97276  3722598  38.23
2010-2019       44      0.00227  0.00227  0.50   97178     220   97068  3625321  37.31
2010-2019       45      0.00257  0.00256  0.50   96958     249   96834  3528253  36.39
2010-2019       46      0.00262  0.00262  0.50   96709     253   96583  3431420  35.48
2010-2019       47      0.00303  0.00302  0.50   96456     292   96310  3334837  34.57
2010-2019       48      0.00320  0.00320  0.50   96165     307   96011  3238526  33.68
2010-2019       49      0.00310  0.00309  0.50   95857     296   95709  3142515  32.78
2010-2019       50      0.00346  0.00345  0.50   95561     330   95396  3046806  31.88
2010-2019       51      0.00383  0.00382  0.50   95231     364   95049  2951410  30.99
2010-2019       52      0.00425  0.00424  0.50   94867     402   94666  2856361  30.11
2010-2019       53      0.00437  0.00436  0.50   94465     412   94259  2761695  29.24
2010-2019       54      0.00485  0.00484  0.50   94053     455   93826  2667436  28.36
2010-2019       55      0.00496  0.00495  0.50   93598     463   93367  2573610  27.50
2010-2019       56      0.00535  0.00534  0.50   93135     497   92887  2480243  26.63
2010-2019       57      0.00583  0.00581  0.50   92638     538   92369  2387357  25.77
2010-2019       58      0.00639  0.00637  0.50   92100     587   91806  2294988  24.92
2010-2019       59      0.00702  0.00699  0.50   91513     640   91193  2203182  24.08
2010-2019       60      0.00726  0.00724  0.50   90873     657   90544  2111989  23.24
2010-2019       61      0.00850  0.00846  0.50   90215     763   89833  2021445  22.41
2010-2019       62      0.00874  0.00871  0.50   89452     779   89062  1931612  21.59
2010-2019       63      0.00937  0.00933  0.50   88673     827   88259  1842549  20.78
2010-2019       64      0.01034  0.01029  0.50   87846     904   87394  1754290  19.97
2010-2019       65      0.01134  0.01128  0.50   86942     981   86452  1666896  19.17
2010-2019       66      0.01218  0.01210  0.50   85961    1040   85441  1580444  18.39
2010-2019       67      0.01329  0.01320  0.50   84921    1121   84360  1495003  17.60
2010-2019       68      0.01446  0.01435  0.50   83799    1203   83198  1410643  16.83
2010-2019       69      0.01517  0.01506  0.50   82597    1244   81975  1327445  16.07
2010-2019       70      0.01683  0.01668  0.50   81353    1357   80674  1245470  15.31
2010-2019       71      0.01792  0.01777  0.50   79996    1421   79285  1164796  14.56
2010-2019       72      0.02050  0.02029  0.50   78574    1594   77777  1085511  13.82
2010-2019       73      0.02180  0.02157  0.50   76980    1660   76150  1007734  13.09
2010-2019       74      0.02479  0.02449  0.50   75320    1844   74398   931584  12.37
2010-2019       75      0.02750  0.02713  0.50   73476    1993   72479   857186  11.67
2010-2019       76      0.03087  0.03040  0.50   71482    2173   70396   784707  10.98
2010-2019       77      0.03408  0.03351  0.50   69309    2322   68148   714311  10.31
2010-2019       78      0.03880  0.03806  0.50   66987    2549   65712   646163   9.65
2010-2019       79      0.04541  0.04440  0.50   64437    2861   63007   580451   9.01
2010-2019       80      0.05233  0.05100  0.50   61576    3140   60006   517444   8.40
2010-2019       81      0.05934  0.05763  0.50   58436    3368   56752   457438   7.83
2010-2019       82      0.06846  0.06620  0.50   55068    3645   53246   400686   7.28
2010-2019       83      0.07716  0.07429  0.50   51423    3820   49513   347441   6.76
2010-2019       84      0.08943  0.08560  0.50   47603    4075   45565   297928   6.26
2010-2019       85      0.10360  0.09850  0.50   43528    4288   41384   252363   5.80
2010-2019       86      0.11792  0.11135  0.50   39240    4370   37055   210979   5.38
2010-2019       87      0.13269  0.12444  0.50   34870    4339   32701   173924   4.99
2010-2019       88      0.14275  0.13324  0.50   30531    4068   28497   141223   4.63
2010-2019       89      0.17091  0.15745  0.50   26463    4167   24380   112726   4.26
2010-2019       90      0.18625  0.17038  0.50   22297    3799   20397    88346   3.96
2010-2019       91      0.20267  0.18402  0.50   18498    3404   16796    67949   3.67
2010-2019       92      0.22814  0.20478  0.50   15094    3091   13548    51153   3.39
2010-2019       93      0.25204  0.22383  0.50   12003    2687   10659    37605   3.13
2010-2019       94      0.26520  0.23415  0.50    9316    2181    8225    26946   2.89
2010-2019       95      0.32162  0.27706  0.50    7135    1977    6146    18720   2.62
2010-2019       96      0.35370  0.30055  0.50    5158    1550    4383    12574   2.44
2010-2019       97      0.38716  0.32437  0.50    3608    1170    3023     8191   2.27
2010-2019       98      0.42172  0.34828  0.50    2438     849    2013     5168   2.12
2010-2019       99      0.45706  0.37204  0.50    1589     591    1293     3155   1.99
2010-2019      100      0.49284  0.39541  0.50     998     394     800     1862   1.87
2010-2019      101      0.52870  0.41816  0.50     603     252     477     1062   1.76
2010-2019      102      0.56426  0.44009  0.50     351     154     274      585   1.67
2010-2019      103      0.59917  0.46105  0.50     196      91     151      311   1.58
2010-2019      104      0.63310  0.48088  0.50     106      51      80      160   1.51
2010-2019      105      0.66577  0.49949  0.50      55      27      41       79   1.45
2010-2019      106      0.69691  0.51682  0.50      28      14      20       38   1.39
2010-2019      107      0.72635  0.53284  0.50      13       7      10       18   1.34
2010-2019      108      0.75394  0.54753  0.50       6       3       5        8   1.30
2010-2019      109      0.77959  0.56094  0.50       3       2       2        4   1.27
2010-2019      110+     0.80326  1.00000  1.24       1       1       2        2   1.24
