Lithuania, Life tables (period 1x10), Males	Last modified: 19 Oct 2020;  Methods Protocol: v6 (2017)

  Year          Age         mx       qx    ax      lx      dx      Lx       Tx     ex
1960-1969        0      0.03292  0.03201  0.14  100000    3201   97233  6736346  67.36
1960-1969        1      0.00266  0.00265  0.50   96799     257   96670  6639113  68.59
1960-1969        2      0.00168  0.00168  0.50   96542     162   96461  6542443  67.77
1960-1969        3      0.00101  0.00101  0.50   96380      97   96331  6445982  66.88
1960-1969        4      0.00093  0.00093  0.50   96282      89   96238  6349651  65.95
1960-1969        5      0.00074  0.00074  0.50   96193      72   96157  6253413  65.01
1960-1969        6      0.00081  0.00081  0.50   96122      78   96083  6157256  64.06
1960-1969        7      0.00069  0.00069  0.50   96044      66   96011  6061173  63.11
1960-1969        8      0.00074  0.00074  0.50   95978      71   95942  5965162  62.15
1960-1969        9      0.00062  0.00062  0.50   95907      59   95877  5869220  61.20
1960-1969       10      0.00071  0.00071  0.50   95848      68   95814  5773343  60.23
1960-1969       11      0.00062  0.00062  0.50   95780      59   95750  5677529  59.28
1960-1969       12      0.00064  0.00064  0.50   95721      61   95690  5581779  58.31
1960-1969       13      0.00055  0.00055  0.50   95659      52   95633  5486089  57.35
1960-1969       14      0.00065  0.00065  0.50   95607      62   95576  5390456  56.38
1960-1969       15      0.00090  0.00090  0.50   95545      86   95502  5294880  55.42
1960-1969       16      0.00119  0.00119  0.50   95459     113   95403  5199378  54.47
1960-1969       17      0.00136  0.00136  0.50   95346     129   95281  5103975  53.53
1960-1969       18      0.00174  0.00174  0.50   95217     166   95134  5008693  52.60
1960-1969       19      0.00187  0.00187  0.50   95051     178   94962  4913559  51.69
1960-1969       20      0.00184  0.00184  0.50   94873     174   94786  4818597  50.79
1960-1969       21      0.00173  0.00173  0.50   94699     164   94617  4723811  49.88
1960-1969       22      0.00200  0.00199  0.50   94535     188   94441  4629194  48.97
1960-1969       23      0.00241  0.00241  0.50   94347     227   94233  4534753  48.06
1960-1969       24      0.00251  0.00251  0.50   94119     236   94001  4440521  47.18
1960-1969       25      0.00283  0.00283  0.50   93883     266   93750  4346519  46.30
1960-1969       26      0.00290  0.00290  0.50   93617     271   93482  4252769  45.43
1960-1969       27      0.00286  0.00286  0.50   93346     267   93213  4159288  44.56
1960-1969       28      0.00288  0.00288  0.50   93080     268   92946  4066075  43.68
1960-1969       29      0.00283  0.00283  0.50   92812     263   92681  3973129  42.81
1960-1969       30      0.00319  0.00318  0.50   92549     294   92402  3880448  41.93
1960-1969       31      0.00314  0.00314  0.50   92255     290   92110  3788046  41.06
1960-1969       32      0.00331  0.00331  0.50   91965     304   91813  3695936  40.19
1960-1969       33      0.00320  0.00320  0.50   91661     293   91515  3604123  39.32
1960-1969       34      0.00371  0.00370  0.50   91368     338   91199  3512608  38.44
1960-1969       35      0.00382  0.00382  0.50   91030     348   90856  3421409  37.59
1960-1969       36      0.00368  0.00368  0.50   90682     333   90515  3330554  36.73
1960-1969       37      0.00408  0.00408  0.50   90348     368   90164  3240038  35.86
1960-1969       38      0.00409  0.00408  0.50   89980     367   89797  3149874  35.01
1960-1969       39      0.00410  0.00410  0.50   89613     367   89429  3060077  34.15
1960-1969       40      0.00491  0.00490  0.50   89246     437   89027  2970648  33.29
1960-1969       41      0.00488  0.00487  0.50   88809     432   88592  2881621  32.45
1960-1969       42      0.00527  0.00525  0.50   88376     464   88144  2793029  31.60
1960-1969       43      0.00528  0.00526  0.50   87912     463   87681  2704884  30.77
1960-1969       44      0.00534  0.00533  0.50   87449     466   87216  2617204  29.93
1960-1969       45      0.00604  0.00602  0.50   86984     523   86722  2529987  29.09
1960-1969       46      0.00655  0.00653  0.50   86460     564   86178  2443265  28.26
1960-1969       47      0.00695  0.00693  0.50   85896     595   85598  2357088  27.44
1960-1969       48      0.00735  0.00732  0.50   85300     625   84988  2271489  26.63
1960-1969       49      0.00747  0.00744  0.50   84676     630   84361  2186501  25.82
1960-1969       50      0.00913  0.00909  0.50   84046     764   83664  2102140  25.01
1960-1969       51      0.00855  0.00851  0.50   83282     709   82928  2018476  24.24
1960-1969       52      0.00988  0.00983  0.50   82573     812   82167  1935548  23.44
1960-1969       53      0.00976  0.00971  0.50   81762     794   81365  1853381  22.67
1960-1969       54      0.01144  0.01138  0.50   80968     921   80507  1772016  21.89
1960-1969       55      0.01178  0.01171  0.50   80047     937   79578  1691509  21.13
1960-1969       56      0.01256  0.01249  0.50   79109     988   78616  1611931  20.38
1960-1969       57      0.01354  0.01345  0.50   78122    1051   77596  1533316  19.63
1960-1969       58      0.01533  0.01522  0.50   77071    1173   76484  1455719  18.89
1960-1969       59      0.01603  0.01590  0.50   75898    1207   75295  1379235  18.17
1960-1969       60      0.02027  0.02007  0.50   74691    1499   73942  1303940  17.46
1960-1969       61      0.01976  0.01957  0.50   73193    1432   72476  1229998  16.80
1960-1969       62      0.02395  0.02367  0.50   71760    1699   70911  1157522  16.13
1960-1969       63      0.02502  0.02471  0.50   70062    1731   69196  1086611  15.51
1960-1969       64      0.02702  0.02666  0.50   68330    1822   67419  1017415  14.89
1960-1969       65      0.03095  0.03048  0.50   66508    2027   65495   949996  14.28
1960-1969       66      0.03111  0.03063  0.50   64481    1975   63494   884501  13.72
1960-1969       67      0.03447  0.03388  0.50   62506    2118   61447   821007  13.13
1960-1969       68      0.03607  0.03543  0.50   60388    2140   59319   759560  12.58
1960-1969       69      0.03535  0.03474  0.50   58249    2023   57237   700241  12.02
1960-1969       70      0.04537  0.04436  0.50   56225    2494   54978   643004  11.44
1960-1969       71      0.04214  0.04127  0.50   53731    2217   52622   588026  10.94
1960-1969       72      0.05130  0.05001  0.50   51514    2576   50225   535404  10.39
1960-1969       73      0.05242  0.05108  0.50   48937    2500   47687   485178   9.91
1960-1969       74      0.05770  0.05608  0.50   46438    2604   45136   437491   9.42
1960-1969       75      0.06642  0.06429  0.50   43834    2818   42425   392355   8.95
1960-1969       76      0.06749  0.06528  0.50   41016    2678   39677   349931   8.53
1960-1969       77      0.07165  0.06917  0.50   38338    2652   37012   310254   8.09
1960-1969       78      0.08568  0.08216  0.50   35686    2932   34220   273242   7.66
1960-1969       79      0.08456  0.08113  0.50   32754    2657   31425   239022   7.30
1960-1969       80      0.09991  0.09515  0.50   30097    2864   28665   207597   6.90
1960-1969       81      0.10007  0.09530  0.50   27233    2595   25935   178932   6.57
1960-1969       82      0.10884  0.10323  0.50   24638    2543   23366   152997   6.21
1960-1969       83      0.12298  0.11585  0.50   22094    2560   20815   129631   5.87
1960-1969       84      0.12915  0.12132  0.50   19535    2370   18350   108816   5.57
1960-1969       85      0.15115  0.14053  0.50   17165    2412   15959    90466   5.27
1960-1969       86      0.15296  0.14209  0.50   14753    2096   13705    74508   5.05
1960-1969       87      0.16751  0.15456  0.50   12656    1956   11678    60803   4.80
1960-1969       88      0.17591  0.16169  0.50   10700    1730    9835    49125   4.59
1960-1969       89      0.17655  0.16223  0.50    8970    1455    8243    39290   4.38
1960-1969       90      0.22476  0.20206  0.50    7515    1518    6756    31047   4.13
1960-1969       91      0.19306  0.17606  0.50    5997    1056    5469    24291   4.05
1960-1969       92      0.22255  0.20027  0.50    4941     989    4446    18823   3.81
1960-1969       93      0.21359  0.19298  0.50    3951     763    3570    14377   3.64
1960-1969       94      0.24672  0.21963  0.50    3189     700    2839    10807   3.39
1960-1969       95      0.27120  0.23881  0.50    2488     594    2191     7968   3.20
1960-1969       96      0.28778  0.25158  0.50    1894     477    1656     5777   3.05
1960-1969       97      0.30496  0.26461  0.50    1418     375    1230     4121   2.91
1960-1969       98      0.32270  0.27786  0.50    1042     290     898     2891   2.77
1960-1969       99      0.34096  0.29130  0.50     753     219     643     1993   2.65
1960-1969      100      0.35970  0.30487  0.50     534     163     452     1350   2.53
1960-1969      101      0.37889  0.31854  0.50     371     118     312      898   2.42
1960-1969      102      0.39846  0.33226  0.50     253      84     211      586   2.32
1960-1969      103      0.41836  0.34599  0.50     169      58     140      375   2.22
1960-1969      104      0.43853  0.35967  0.50     110      40      91      236   2.14
1960-1969      105      0.45891  0.37326  0.50      71      26      57      145   2.05
1960-1969      106      0.47942  0.38672  0.50      44      17      36       88   1.98
1960-1969      107      0.50001  0.40000  0.50      27      11      22       52   1.91
1960-1969      108      0.52059  0.41307  0.50      16       7      13       30   1.86
1960-1969      109      0.54110  0.42588  0.50      10       4       8       17   1.81
1960-1969      110+     0.56148  1.00000  1.78       5       5      10       10   1.78
1970-1979        0      0.02073  0.02035  0.11  100000    2035   98184  6657087  66.57
1970-1979        1      0.00208  0.00207  0.50   97965     203   97863  6558903  66.95
1970-1979        2      0.00140  0.00140  0.50   97762     137   97693  6461040  66.09
1970-1979        3      0.00092  0.00092  0.50   97625      90   97580  6363347  65.18
1970-1979        4      0.00084  0.00084  0.50   97535      82   97494  6265767  64.24
1970-1979        5      0.00075  0.00075  0.50   97453      73   97417  6168273  63.29
1970-1979        6      0.00068  0.00068  0.50   97380      67   97347  6070856  62.34
1970-1979        7      0.00068  0.00068  0.50   97314      66   97281  5973509  61.38
1970-1979        8      0.00060  0.00060  0.50   97248      59   97218  5876228  60.43
1970-1979        9      0.00055  0.00055  0.50   97189      54   97162  5779010  59.46
1970-1979       10      0.00053  0.00053  0.50   97135      51   97110  5681848  58.49
1970-1979       11      0.00051  0.00051  0.50   97084      50   97059  5584738  57.52
1970-1979       12      0.00052  0.00052  0.50   97034      50   97009  5487679  56.55
1970-1979       13      0.00054  0.00054  0.50   96984      52   96958  5390669  55.58
1970-1979       14      0.00066  0.00066  0.50   96932      64   96900  5293711  54.61
1970-1979       15      0.00074  0.00074  0.50   96868      72   96833  5196811  53.65
1970-1979       16      0.00112  0.00111  0.50   96797     108   96743  5099978  52.69
1970-1979       17      0.00158  0.00158  0.50   96689     153   96613  5003235  51.75
1970-1979       18      0.00206  0.00206  0.50   96536     199   96437  4906623  50.83
1970-1979       19      0.00199  0.00199  0.50   96337     192   96241  4810186  49.93
1970-1979       20      0.00197  0.00197  0.50   96145     189   96051  4713945  49.03
1970-1979       21      0.00266  0.00266  0.50   95956     255   95828  4617894  48.13
1970-1979       22      0.00321  0.00320  0.50   95701     306   95548  4522066  47.25
1970-1979       23      0.00317  0.00317  0.50   95394     302   95243  4426518  46.40
1970-1979       24      0.00325  0.00325  0.50   95092     309   94938  4331275  45.55
1970-1979       25      0.00344  0.00343  0.50   94783     325   94621  4236337  44.69
1970-1979       26      0.00353  0.00352  0.50   94458     333   94292  4141716  43.85
1970-1979       27      0.00346  0.00345  0.50   94125     325   93963  4047425  43.00
1970-1979       28      0.00335  0.00335  0.50   93800     314   93643  3953462  42.15
1970-1979       29      0.00386  0.00386  0.50   93486     361   93306  3859819  41.29
1970-1979       30      0.00392  0.00391  0.50   93126     365   92943  3766513  40.45
1970-1979       31      0.00397  0.00397  0.50   92761     368   92577  3673569  39.60
1970-1979       32      0.00391  0.00390  0.50   92393     361   92213  3580992  38.76
1970-1979       33      0.00403  0.00402  0.50   92033     370   91848  3488779  37.91
1970-1979       34      0.00469  0.00468  0.50   91663     429   91448  3396932  37.06
1970-1979       35      0.00481  0.00480  0.50   91233     438   91014  3305484  36.23
1970-1979       36      0.00502  0.00501  0.50   90796     454   90568  3214469  35.40
1970-1979       37      0.00524  0.00523  0.50   90341     473   90105  3123901  34.58
1970-1979       38      0.00511  0.00510  0.50   89869     458   89640  3033796  33.76
1970-1979       39      0.00573  0.00571  0.50   89410     510   89155  2944156  32.93
1970-1979       40      0.00592  0.00590  0.50   88900     525   88638  2855001  32.11
1970-1979       41      0.00612  0.00610  0.50   88375     539   88106  2766364  31.30
1970-1979       42      0.00622  0.00620  0.50   87837     544   87564  2678258  30.49
1970-1979       43      0.00700  0.00698  0.50   87292     609   86988  2590693  29.68
1970-1979       44      0.00712  0.00710  0.50   86683     615   86375  2503706  28.88
1970-1979       45      0.00801  0.00798  0.50   86068     686   85725  2417330  28.09
1970-1979       46      0.00815  0.00812  0.50   85382     693   85035  2331605  27.31
1970-1979       47      0.00898  0.00894  0.50   84688     757   84310  2246570  26.53
1970-1979       48      0.00918  0.00914  0.50   83932     767   83548  2162260  25.76
1970-1979       49      0.01011  0.01006  0.50   83164     837   82746  2078712  25.00
1970-1979       50      0.01061  0.01056  0.50   82328     869   81893  1995966  24.24
1970-1979       51      0.01101  0.01095  0.50   81458     892   81012  1914073  23.50
1970-1979       52      0.01224  0.01217  0.50   80566     980   80076  1833061  22.75
1970-1979       53      0.01255  0.01247  0.50   79586     992   79090  1752985  22.03
1970-1979       54      0.01365  0.01356  0.50   78594    1065   78061  1673895  21.30
1970-1979       55      0.01503  0.01491  0.50   77528    1156   76950  1595834  20.58
1970-1979       56      0.01599  0.01586  0.50   76372    1211   75766  1518883  19.89
1970-1979       57      0.01658  0.01644  0.50   75161    1236   74543  1443117  19.20
1970-1979       58      0.01767  0.01751  0.50   73925    1295   73278  1368574  18.51
1970-1979       59      0.01924  0.01905  0.50   72630    1384   71938  1295297  17.83
1970-1979       60      0.02112  0.02090  0.50   71246    1489   70502  1223358  17.17
1970-1979       61      0.02144  0.02121  0.50   69757    1479   69018  1152856  16.53
1970-1979       62      0.02298  0.02271  0.50   68278    1551   67503  1083839  15.87
1970-1979       63      0.02500  0.02469  0.50   66727    1647   65903  1016336  15.23
1970-1979       64      0.02814  0.02775  0.50   65080    1806   64177   950433  14.60
1970-1979       65      0.02914  0.02872  0.50   63274    1817   62365   886256  14.01
1970-1979       66      0.03117  0.03069  0.50   61457    1886   60514   823891  13.41
1970-1979       67      0.03361  0.03305  0.50   59571    1969   58586   763377  12.81
1970-1979       68      0.03776  0.03706  0.50   57601    2135   56534   704791  12.24
1970-1979       69      0.04205  0.04118  0.50   55467    2284   54325   648257  11.69
1970-1979       70      0.04446  0.04349  0.50   53183    2313   52026   593932  11.17
1970-1979       71      0.04903  0.04786  0.50   50870    2435   49652   541906  10.65
1970-1979       72      0.05473  0.05328  0.50   48435    2580   47145   492253  10.16
1970-1979       73      0.05773  0.05611  0.50   45855    2573   44568   445109   9.71
1970-1979       74      0.06252  0.06063  0.50   43282    2624   41970   400540   9.25
1970-1979       75      0.07113  0.06869  0.50   40658    2793   39261   358571   8.82
1970-1979       76      0.07457  0.07189  0.50   37865    2722   36504   319309   8.43
1970-1979       77      0.07865  0.07568  0.50   35143    2659   33813   282805   8.05
1970-1979       78      0.08727  0.08362  0.50   32484    2716   31125   248992   7.67
1970-1979       79      0.09205  0.08800  0.50   29767    2620   28457   217867   7.32
1970-1979       80      0.10140  0.09651  0.50   27148    2620   25838   189409   6.98
1970-1979       81      0.10496  0.09972  0.50   24528    2446   23305   163571   6.67
1970-1979       82      0.11284  0.10682  0.50   22082    2359   20902   140267   6.35
1970-1979       83      0.12148  0.11452  0.50   19723    2259   18594   119364   6.05
1970-1979       84      0.13076  0.12274  0.50   17464    2144   16393   100770   5.77
1970-1979       85      0.13826  0.12932  0.50   15321    1981   14330    84378   5.51
1970-1979       86      0.14709  0.13702  0.50   13339    1828   12426    70048   5.25
1970-1979       87      0.16377  0.15138  0.50   11512    1743   10640    57622   5.01
1970-1979       88      0.16424  0.15177  0.50    9769    1483    9028    46982   4.81
1970-1979       89      0.18761  0.17152  0.50    8286    1421    7576    37954   4.58
1970-1979       90      0.18941  0.17302  0.50    6865    1188    6271    30378   4.42
1970-1979       91      0.20075  0.18243  0.50    5677    1036    5159    24107   4.25
1970-1979       92      0.21264  0.19220  0.50    4642     892    4196    18947   4.08
1970-1979       93      0.20794  0.18836  0.50    3749     706    3396    14752   3.93
1970-1979       94      0.20671  0.18734  0.50    3043     570    2758    11356   3.73
1970-1979       95      0.24943  0.22177  0.50    2473     548    2199     8597   3.48
1970-1979       96      0.26331  0.23267  0.50    1925     448    1701     6399   3.32
1970-1979       97      0.27767  0.24382  0.50    1477     360    1297     4698   3.18
1970-1979       98      0.29251  0.25519  0.50    1117     285     974     3401   3.05
1970-1979       99      0.30780  0.26675  0.50     832     222     721     2427   2.92
1970-1979      100      0.32353  0.27848  0.50     610     170     525     1706   2.80
1970-1979      101      0.33967  0.29035  0.50     440     128     376     1181   2.68
1970-1979      102      0.35618  0.30234  0.50     312      94     265      805   2.58
1970-1979      103      0.37305  0.31440  0.50     218      68     184      540   2.48
1970-1979      104      0.39023  0.32652  0.50     149      49     125      356   2.38
1970-1979      105      0.40769  0.33865  0.50     101      34      84      231   2.30
1970-1979      106      0.42538  0.35078  0.50      67      23      55      148   2.22
1970-1979      107      0.44327  0.36285  0.50      43      16      35       93   2.15
1970-1979      108      0.46130  0.37485  0.50      28      10      22       57   2.09
1970-1979      109      0.47944  0.38673  0.50      17       7      14       35   2.04
1970-1979      110+     0.49763  1.00000  2.01      11      11      21       21   2.01
1980-1989        0      0.01515  0.01495  0.12  100000    1495   98683  6640385  66.40
1980-1989        1      0.00187  0.00186  0.50   98505     184   98413  6541702  66.41
1980-1989        2      0.00101  0.00101  0.50   98321     100   98271  6443290  65.53
1980-1989        3      0.00086  0.00086  0.50   98221      84   98179  6345018  64.60
1980-1989        4      0.00072  0.00072  0.50   98137      71   98101  6246839  63.65
1980-1989        5      0.00052  0.00052  0.50   98066      51   98040  6148738  62.70
1980-1989        6      0.00066  0.00066  0.50   98015      65   97982  6050698  61.73
1980-1989        7      0.00064  0.00064  0.50   97950      63   97918  5952716  60.77
1980-1989        8      0.00064  0.00064  0.50   97887      63   97855  5854797  59.81
1980-1989        9      0.00064  0.00064  0.50   97824      62   97793  5756942  58.85
1980-1989       10      0.00052  0.00052  0.50   97762      51   97736  5659150  57.89
1980-1989       11      0.00055  0.00055  0.50   97711      54   97684  5561413  56.92
1980-1989       12      0.00045  0.00045  0.50   97657      44   97635  5463729  55.95
1980-1989       13      0.00054  0.00054  0.50   97613      53   97586  5366095  54.97
1980-1989       14      0.00063  0.00063  0.50   97560      61   97529  5268508  54.00
1980-1989       15      0.00074  0.00074  0.50   97499      72   97462  5170979  53.04
1980-1989       16      0.00109  0.00109  0.50   97426     106   97373  5073517  52.08
1980-1989       17      0.00167  0.00167  0.50   97320     162   97239  4976144  51.13
1980-1989       18      0.00209  0.00209  0.50   97158     203   97057  4878904  50.22
1980-1989       19      0.00186  0.00186  0.50   96955     180   96865  4781848  49.32
1980-1989       20      0.00164  0.00164  0.50   96775     159   96696  4684983  48.41
1980-1989       21      0.00209  0.00209  0.50   96616     202   96515  4588287  47.49
1980-1989       22      0.00248  0.00248  0.50   96415     239   96295  4491771  46.59
1980-1989       23      0.00263  0.00263  0.50   96176     253   96049  4395476  45.70
1980-1989       24      0.00267  0.00266  0.50   95923     256   95795  4299427  44.82
1980-1989       25      0.00252  0.00252  0.50   95667     241   95547  4203632  43.94
1980-1989       26      0.00271  0.00271  0.50   95426     259   95297  4108085  43.05
1980-1989       27      0.00296  0.00295  0.50   95168     281   95027  4012788  42.17
1980-1989       28      0.00306  0.00305  0.50   94886     289   94742  3917761  41.29
1980-1989       29      0.00332  0.00331  0.50   94597     313   94440  3823019  40.41
1980-1989       30      0.00339  0.00339  0.50   94284     319   94124  3728579  39.55
1980-1989       31      0.00343  0.00342  0.50   93964     321   93804  3634455  38.68
1980-1989       32      0.00399  0.00398  0.50   93643     373   93457  3540651  37.81
1980-1989       33      0.00422  0.00421  0.50   93270     393   93074  3447195  36.96
1980-1989       34      0.00443  0.00442  0.50   92878     411   92672  3354121  36.11
1980-1989       35      0.00469  0.00468  0.50   92467     433   92250  3261449  35.27
1980-1989       36      0.00485  0.00484  0.50   92034     445   91811  3169198  34.44
1980-1989       37      0.00537  0.00535  0.50   91588     490   91343  3077387  33.60
1980-1989       38      0.00547  0.00546  0.50   91098     497   90849  2986044  32.78
1980-1989       39      0.00584  0.00582  0.50   90601     527   90337  2895195  31.96
1980-1989       40      0.00669  0.00666  0.50   90073     600   89773  2804858  31.14
1980-1989       41      0.00701  0.00698  0.50   89473     625   89161  2715085  30.35
1980-1989       42      0.00715  0.00713  0.50   88848     633   88532  2625924  29.56
1980-1989       43      0.00794  0.00791  0.50   88215     697   87866  2537392  28.76
1980-1989       44      0.00804  0.00801  0.50   87518     701   87167  2449526  27.99
1980-1989       45      0.00876  0.00872  0.50   86817     757   86438  2362359  27.21
1980-1989       46      0.00923  0.00918  0.50   86059     790   85664  2275921  26.45
1980-1989       47      0.01015  0.01010  0.50   85269     862   84838  2190257  25.69
1980-1989       48      0.00988  0.00983  0.50   84407     830   83992  2105419  24.94
1980-1989       49      0.01144  0.01138  0.50   83577     951   83102  2021427  24.19
1980-1989       50      0.01206  0.01199  0.50   82626     990   82131  1938325  23.46
1980-1989       51      0.01288  0.01280  0.50   81636    1045   81114  1856193  22.74
1980-1989       52      0.01374  0.01365  0.50   80591    1100   80041  1775080  22.03
1980-1989       53      0.01488  0.01477  0.50   79491    1174   78904  1695039  21.32
1980-1989       54      0.01500  0.01489  0.50   78317    1166   77734  1616135  20.64
1980-1989       55      0.01614  0.01601  0.50   77151    1235   76533  1538401  19.94
1980-1989       56      0.01717  0.01702  0.50   75916    1292   75269  1461867  19.26
1980-1989       57      0.01900  0.01882  0.50   74623    1404   73921  1386598  18.58
1980-1989       58      0.01942  0.01923  0.50   73219    1408   72515  1312677  17.93
1980-1989       59      0.02160  0.02137  0.50   71811    1535   71043  1240162  17.27
1980-1989       60      0.02268  0.02242  0.50   70276    1576   69488  1169119  16.64
1980-1989       61      0.02517  0.02485  0.50   68700    1708   67847  1099631  16.01
1980-1989       62      0.02675  0.02639  0.50   66993    1768   66109  1031784  15.40
1980-1989       63      0.02868  0.02827  0.50   65225    1844   64303   965675  14.81
1980-1989       64      0.02932  0.02889  0.50   63381    1831   62465   901373  14.22
1980-1989       65      0.03157  0.03108  0.50   61549    1913   60593   838908  13.63
1980-1989       66      0.03493  0.03433  0.50   59637    2047   58613   778315  13.05
1980-1989       67      0.03739  0.03670  0.50   57589    2114   56533   719702  12.50
1980-1989       68      0.04063  0.03982  0.50   55476    2209   54371   663169  11.95
1980-1989       69      0.04244  0.04156  0.50   53267    2214   52160   608798  11.43
1980-1989       70      0.04620  0.04515  0.50   51053    2305   49900   556638  10.90
1980-1989       71      0.05040  0.04916  0.50   48748    2396   47550   506737  10.40
1980-1989       72      0.05253  0.05118  0.50   46351    2372   45165   459188   9.91
1980-1989       73      0.05960  0.05788  0.50   43979    2545   42706   414022   9.41
1980-1989       74      0.06303  0.06111  0.50   41434    2532   40168   371316   8.96
1980-1989       75      0.06790  0.06567  0.50   38902    2555   37625   331148   8.51
1980-1989       76      0.07417  0.07152  0.50   36347    2600   35048   293524   8.08
1980-1989       77      0.08012  0.07704  0.50   33748    2600   32448   258476   7.66
1980-1989       78      0.08549  0.08198  0.50   31148    2554   29871   226028   7.26
1980-1989       79      0.09619  0.09178  0.50   28594    2624   27282   196157   6.86
1980-1989       80      0.10522  0.09996  0.50   25970    2596   24672   168875   6.50
1980-1989       81      0.11481  0.10858  0.50   23374    2538   22105   144203   6.17
1980-1989       82      0.12250  0.11543  0.50   20836    2405   19634   122098   5.86
1980-1989       83      0.13099  0.12294  0.50   18431    2266   17298   102464   5.56
1980-1989       84      0.14901  0.13868  0.50   16165    2242   15044    85166   5.27
1980-1989       85      0.15517  0.14400  0.50   13923    2005   12921    70122   5.04
1980-1989       86      0.17166  0.15809  0.50   11918    1884   10976    57201   4.80
1980-1989       87      0.17708  0.16268  0.50   10034    1632    9218    46225   4.61
1980-1989       88      0.18042  0.16549  0.50    8402    1390    7707    37007   4.40
1980-1989       89      0.19785  0.18004  0.50    7011    1262    6380    29300   4.18
1980-1989       90      0.20385  0.18499  0.50    5749    1064    5217    22920   3.99
1980-1989       91      0.22019  0.19836  0.50    4686     929    4221    17702   3.78
1980-1989       92      0.24829  0.22087  0.50    3756     830    3341    13482   3.59
1980-1989       93      0.25054  0.22265  0.50    2927     652    2601    10140   3.46
1980-1989       94      0.25542  0.22650  0.50    2275     515    2017     7539   3.31
1980-1989       95      0.28002  0.24563  0.50    1760     432    1544     5522   3.14
1980-1989       96      0.29594  0.25779  0.50    1327     342    1156     3979   3.00
1980-1989       97      0.31237  0.27017  0.50     985     266     852     2822   2.86
1980-1989       98      0.32929  0.28274  0.50     719     203     617     1970   2.74
1980-1989       99      0.34666  0.29545  0.50     516     152     440     1353   2.62
1980-1989      100      0.36445  0.30828  0.50     363     112     307      913   2.51
1980-1989      101      0.38262  0.32118  0.50     251      81     211      606   2.41
1980-1989      102      0.40113  0.33412  0.50     171      57     142      395   2.31
1980-1989      103      0.41992  0.34705  0.50     114      39      94      253   2.22
1980-1989      104      0.43894  0.35995  0.50      74      27      61      159   2.14
1980-1989      105      0.45815  0.37276  0.50      47      18      39       98   2.06
1980-1989      106      0.47748  0.38546  0.50      30      11      24       59   1.99
1980-1989      107      0.49688  0.39800  0.50      18       7      15       35   1.93
1980-1989      108      0.51629  0.41036  0.50      11       5       9       21   1.87
1980-1989      109      0.53565  0.42250  0.50       6       3       5       12   1.83
1980-1989      110+     0.55491  1.00000  1.80       4       4       7        7   1.80
1990-1999        0      0.01361  0.01345  0.12  100000    1345   98819  6469138  64.69
1990-1999        1      0.00122  0.00122  0.50   98655     120   98595  6370319  64.57
1990-1999        2      0.00093  0.00093  0.50   98534      92   98488  6271725  63.65
1990-1999        3      0.00067  0.00067  0.50   98443      66   98409  6173236  62.71
1990-1999        4      0.00058  0.00058  0.50   98376      57   98348  6074827  61.75
1990-1999        5      0.00053  0.00053  0.50   98320      52   98294  5976479  60.79
1990-1999        6      0.00047  0.00047  0.50   98268      46   98245  5878185  59.82
1990-1999        7      0.00053  0.00053  0.50   98222      52   98196  5779941  58.85
1990-1999        8      0.00053  0.00053  0.50   98169      52   98143  5681745  57.88
1990-1999        9      0.00046  0.00046  0.50   98118      46   98095  5583602  56.91
1990-1999       10      0.00040  0.00040  0.50   98072      39   98052  5485507  55.93
1990-1999       11      0.00042  0.00042  0.50   98033      42   98012  5387454  54.96
1990-1999       12      0.00038  0.00038  0.50   97991      37   97973  5289442  53.98
1990-1999       13      0.00044  0.00044  0.50   97954      43   97932  5191470  53.00
1990-1999       14      0.00055  0.00055  0.50   97911      54   97884  5093537  52.02
1990-1999       15      0.00065  0.00065  0.50   97857      64   97826  4995653  51.05
1990-1999       16      0.00094  0.00094  0.50   97794      92   97748  4897827  50.08
1990-1999       17      0.00143  0.00143  0.50   97702     140   97632  4800080  49.13
1990-1999       18      0.00189  0.00189  0.50   97562     184   97470  4702448  48.20
1990-1999       19      0.00210  0.00210  0.50   97377     204   97275  4604978  47.29
1990-1999       20      0.00262  0.00262  0.50   97173     255   97046  4507703  46.39
1990-1999       21      0.00255  0.00254  0.50   96918     247   96795  4410658  45.51
1990-1999       22      0.00257  0.00256  0.50   96672     248   96548  4313862  44.62
1990-1999       23      0.00277  0.00277  0.50   96424     267   96290  4217315  43.74
1990-1999       24      0.00285  0.00284  0.50   96157     273   96020  4121024  42.86
1990-1999       25      0.00307  0.00306  0.50   95883     294   95737  4025004  41.98
1990-1999       26      0.00296  0.00296  0.50   95590     283   95448  3929267  41.11
1990-1999       27      0.00311  0.00311  0.50   95307     296   95159  3833819  40.23
1990-1999       28      0.00325  0.00324  0.50   95011     308   94857  3738660  39.35
1990-1999       29      0.00357  0.00356  0.50   94703     337   94534  3643803  38.48
1990-1999       30      0.00375  0.00374  0.50   94366     353   94189  3549269  37.61
1990-1999       31      0.00408  0.00407  0.50   94012     383   93821  3455080  36.75
1990-1999       32      0.00413  0.00412  0.50   93629     386   93436  3361260  35.90
1990-1999       33      0.00437  0.00436  0.50   93243     406   93040  3267824  35.05
1990-1999       34      0.00483  0.00482  0.50   92837     447   92613  3174784  34.20
1990-1999       35      0.00515  0.00514  0.50   92390     475   92152  3082171  33.36
1990-1999       36      0.00539  0.00538  0.50   91915     494   91668  2990018  32.53
1990-1999       37      0.00602  0.00601  0.50   91421     549   91146  2898350  31.70
1990-1999       38      0.00677  0.00674  0.50   90872     613   90565  2807204  30.89
1990-1999       39      0.00661  0.00658  0.50   90259     594   89962  2716639  30.10
1990-1999       40      0.00773  0.00770  0.50   89664     691   89319  2626677  29.29
1990-1999       41      0.00823  0.00819  0.50   88974     729   88609  2537358  28.52
1990-1999       42      0.00887  0.00883  0.50   88245     779   87855  2448749  27.75
1990-1999       43      0.00967  0.00962  0.50   87465     841   87045  2360894  26.99
1990-1999       44      0.01049  0.01043  0.50   86624     904   86172  2273849  26.25
1990-1999       45      0.01170  0.01163  0.50   85720     997   85222  2187677  25.52
1990-1999       46      0.01173  0.01166  0.50   84723     988   84229  2102455  24.82
1990-1999       47      0.01324  0.01316  0.50   83735    1102   83184  2018226  24.10
1990-1999       48      0.01363  0.01354  0.50   82633    1119   82074  1935042  23.42
1990-1999       49      0.01467  0.01456  0.50   81514    1187   80921  1852968  22.73
1990-1999       50      0.01659  0.01645  0.50   80328    1321   79667  1772047  22.06
1990-1999       51      0.01654  0.01641  0.50   79006    1296   78358  1692380  21.42
1990-1999       52      0.01707  0.01693  0.50   77710    1316   77052  1614022  20.77
1990-1999       53      0.01820  0.01804  0.50   76394    1378   75705  1536970  20.12
1990-1999       54      0.01912  0.01893  0.50   75017    1420   74306  1461264  19.48
1990-1999       55      0.02047  0.02027  0.50   73596    1492   72850  1386958  18.85
1990-1999       56      0.02111  0.02089  0.50   72105    1506   71351  1314108  18.23
1990-1999       57      0.02310  0.02284  0.50   70598    1612   69792  1242756  17.60
1990-1999       58      0.02457  0.02427  0.50   68986    1675   68148  1172964  17.00
1990-1999       59      0.02521  0.02490  0.50   67311    1676   66473  1104816  16.41
1990-1999       60      0.02770  0.02732  0.50   65635    1793   64738  1038343  15.82
1990-1999       61      0.02905  0.02864  0.50   63842    1828   62928   973604  15.25
1990-1999       62      0.03221  0.03170  0.50   62014    1966   61031   910677  14.69
1990-1999       63      0.03215  0.03164  0.50   60048    1900   59098   849646  14.15
1990-1999       64      0.03439  0.03381  0.50   58148    1966   57165   790548  13.60
1990-1999       65      0.03722  0.03654  0.50   56182    2053   55155   733384  13.05
1990-1999       66      0.03912  0.03837  0.50   54129    2077   53090   678228  12.53
1990-1999       67      0.04283  0.04193  0.50   52052    2182   50961   625138  12.01
1990-1999       68      0.04450  0.04353  0.50   49869    2171   48784   574178  11.51
1990-1999       69      0.04717  0.04608  0.50   47699    2198   46600   525393  11.01
1990-1999       70      0.05150  0.05021  0.50   45501    2284   44359   478794  10.52
1990-1999       71      0.05473  0.05327  0.50   43216    2302   42065   434435  10.05
1990-1999       72      0.05765  0.05603  0.50   40914    2293   39768   392370   9.59
1990-1999       73      0.06239  0.06050  0.50   38622    2337   37453   352602   9.13
1990-1999       74      0.06656  0.06442  0.50   36285    2337   35116   315148   8.69
1990-1999       75      0.07324  0.07065  0.50   33947    2398   32748   280032   8.25
1990-1999       76      0.07766  0.07475  0.50   31549    2358   30370   247284   7.84
1990-1999       77      0.08547  0.08197  0.50   29191    2393   27994   216914   7.43
1990-1999       78      0.08887  0.08508  0.50   26798    2280   25658   188920   7.05
1990-1999       79      0.09856  0.09393  0.50   24518    2303   23366   163262   6.66
1990-1999       80      0.10567  0.10037  0.50   22215    2230   21100   139896   6.30
1990-1999       81      0.11651  0.11010  0.50   19985    2200   18885   118796   5.94
1990-1999       82      0.13001  0.12208  0.50   17785    2171   16699    99911   5.62
1990-1999       83      0.13893  0.12991  0.50   15614    2028   14599    83212   5.33
1990-1999       84      0.14639  0.13641  0.50   13585    1853   12659    68613   5.05
1990-1999       85      0.15698  0.14556  0.50   11732    1708   10878    55954   4.77
1990-1999       86      0.17337  0.15954  0.50   10024    1599    9225    45076   4.50
1990-1999       87      0.19166  0.17490  0.50    8425    1474    7688    35851   4.26
1990-1999       88      0.19712  0.17943  0.50    6952    1247    6328    28162   4.05
1990-1999       89      0.21871  0.19715  0.50    5704    1125    5142    21834   3.83
1990-1999       90      0.23094  0.20703  0.50    4580     948    4106    16692   3.64
1990-1999       91      0.24960  0.22191  0.50    3632     806    3229    12587   3.47
1990-1999       92      0.26045  0.23044  0.50    2826     651    2500     9358   3.31
1990-1999       93      0.28171  0.24693  0.50    2175     537    1906     6858   3.15
1990-1999       94      0.27321  0.24037  0.50    1638     394    1441     4952   3.02
1990-1999       95      0.31361  0.27110  0.50    1244     337    1075     3511   2.82
1990-1999       96      0.33282  0.28534  0.50     907     259     777     2436   2.69
1990-1999       97      0.35260  0.29976  0.50     648     194     551     1659   2.56
1990-1999       98      0.37290  0.31430  0.50     454     143     382     1108   2.44
1990-1999       99      0.39366  0.32892  0.50     311     102     260      725   2.33
1990-1999      100      0.41481  0.34355  0.50     209      72     173      465   2.23
1990-1999      101      0.43628  0.35815  0.50     137      49     113      293   2.13
1990-1999      102      0.45799  0.37265  0.50      88      33      72      180   2.05
1990-1999      103      0.47986  0.38700  0.50      55      21      45      108   1.96
1990-1999      104      0.50180  0.40115  0.50      34      14      27       64   1.89
1990-1999      105      0.52374  0.41505  0.50      20       8      16       37   1.82
1990-1999      106      0.54559  0.42866  0.50      12       5       9       21   1.76
1990-1999      107      0.56727  0.44192  0.50       7       3       5       12   1.70
1990-1999      108      0.58869  0.45482  0.50       4       2       3        6   1.65
1990-1999      109      0.60978  0.46730  0.50       2       1       2        3   1.61
1990-1999      110+     0.63047  1.00000  1.59       1       1       2        2   1.59
2000-2009        0      0.00782  0.00777  0.13  100000     777   99327  6592445  65.92
2000-2009        1      0.00077  0.00077  0.50   99223      76   99185  6493118  65.44
2000-2009        2      0.00060  0.00060  0.50   99147      60   99117  6393933  64.49
2000-2009        3      0.00045  0.00045  0.50   99088      45   99065  6294815  63.53
2000-2009        4      0.00043  0.00043  0.50   99043      42   99022  6195750  62.56
2000-2009        5      0.00037  0.00037  0.50   99000      37   98982  6096728  61.58
2000-2009        6      0.00042  0.00042  0.50   98963      41   98943  5997747  60.61
2000-2009        7      0.00031  0.00031  0.50   98922      31   98907  5898804  59.63
2000-2009        8      0.00036  0.00036  0.50   98891      36   98874  5799897  58.65
2000-2009        9      0.00027  0.00027  0.50   98856      27   98842  5701024  57.67
2000-2009       10      0.00027  0.00027  0.50   98829      26   98815  5602182  56.69
2000-2009       11      0.00025  0.00025  0.50   98802      25   98790  5503366  55.70
2000-2009       12      0.00028  0.00028  0.50   98777      27   98764  5404576  54.71
2000-2009       13      0.00034  0.00034  0.50   98750      33   98733  5305813  53.73
2000-2009       14      0.00046  0.00046  0.50   98717      46   98694  5207079  52.75
2000-2009       15      0.00057  0.00057  0.50   98671      56   98643  5108385  51.77
2000-2009       16      0.00085  0.00085  0.50   98615      84   98573  5009742  50.80
2000-2009       17      0.00121  0.00121  0.50   98531     119   98471  4911170  49.84
2000-2009       18      0.00167  0.00167  0.50   98411     164   98329  4812699  48.90
2000-2009       19      0.00207  0.00207  0.50   98247     204   98145  4714370  47.98
2000-2009       20      0.00206  0.00206  0.50   98043     202   97942  4616224  47.08
2000-2009       21      0.00235  0.00234  0.50   97841     229   97727  4518282  46.18
2000-2009       22      0.00238  0.00238  0.50   97612     232   97496  4420555  45.29
2000-2009       23      0.00244  0.00244  0.50   97380     237   97262  4323059  44.39
2000-2009       24      0.00263  0.00263  0.50   97143     255   97015  4225798  43.50
2000-2009       25      0.00273  0.00272  0.50   96887     264   96756  4128783  42.61
2000-2009       26      0.00311  0.00311  0.50   96624     300   96473  4032027  41.73
2000-2009       27      0.00300  0.00300  0.50   96323     289   96179  3935554  40.86
2000-2009       28      0.00317  0.00317  0.50   96034     304   95882  3839375  39.98
2000-2009       29      0.00335  0.00334  0.50   95730     320   95570  3743493  39.10
2000-2009       30      0.00358  0.00358  0.50   95410     341   95240  3647922  38.23
2000-2009       31      0.00422  0.00421  0.50   95069     400   94869  3552683  37.37
2000-2009       32      0.00410  0.00409  0.50   94669     387   94475  3457814  36.53
2000-2009       33      0.00419  0.00418  0.50   94281     394   94084  3363339  35.67
2000-2009       34      0.00449  0.00448  0.50   93887     421   93677  3269255  34.82
2000-2009       35      0.00496  0.00495  0.50   93466     462   93235  3175578  33.98
2000-2009       36      0.00507  0.00506  0.50   93004     470   92769  3082343  33.14
2000-2009       37      0.00542  0.00541  0.50   92534     500   92284  2989574  32.31
2000-2009       38      0.00558  0.00556  0.50   92033     512   91777  2897290  31.48
2000-2009       39      0.00608  0.00606  0.50   91521     555   91244  2805513  30.65
2000-2009       40      0.00689  0.00687  0.50   90966     625   90654  2714269  29.84
2000-2009       41      0.00770  0.00767  0.50   90342     693   89995  2623615  29.04
2000-2009       42      0.00750  0.00747  0.50   89649     670   89314  2533620  28.26
2000-2009       43      0.00845  0.00842  0.50   88979     749   88605  2444305  27.47
2000-2009       44      0.00882  0.00878  0.50   88230     774   87843  2355701  26.70
2000-2009       45      0.00991  0.00986  0.50   87456     862   87024  2267858  25.93
2000-2009       46      0.01061  0.01055  0.50   86593     914   86136  2180833  25.18
2000-2009       47      0.01163  0.01156  0.50   85680     991   85184  2094697  24.45
2000-2009       48      0.01233  0.01226  0.50   84689    1038   84170  2009513  23.73
2000-2009       49      0.01348  0.01339  0.50   83651    1120   83091  1925343  23.02
2000-2009       50      0.01491  0.01480  0.50   82531    1221   81920  1842253  22.32
2000-2009       51      0.01585  0.01572  0.50   81309    1279   80670  1760333  21.65
2000-2009       52      0.01711  0.01697  0.50   80031    1358   79352  1679663  20.99
2000-2009       53      0.01854  0.01837  0.50   78673    1445   77951  1600311  20.34
2000-2009       54      0.01901  0.01883  0.50   77228    1454   76501  1522360  19.71
2000-2009       55      0.02156  0.02133  0.50   75774    1617   74965  1445859  19.08
2000-2009       56      0.02137  0.02114  0.50   74157    1568   73373  1370894  18.49
2000-2009       57      0.02306  0.02279  0.50   72589    1655   71762  1297521  17.87
2000-2009       58      0.02429  0.02400  0.50   70935    1703   70083  1225759  17.28
2000-2009       59      0.02637  0.02602  0.50   69232    1802   68331  1155675  16.69
2000-2009       60      0.02812  0.02773  0.50   67430    1870   66495  1087344  16.13
2000-2009       61      0.02928  0.02886  0.50   65560    1892   64614  1020849  15.57
2000-2009       62      0.03181  0.03131  0.50   63668    1993   62671   956235  15.02
2000-2009       63      0.03399  0.03342  0.50   61675    2061   60644   893563  14.49
2000-2009       64      0.03463  0.03404  0.50   59614    2029   58599   832919  13.97
2000-2009       65      0.03771  0.03701  0.50   57584    2131   56518   774320  13.45
2000-2009       66      0.03878  0.03804  0.50   55453    2110   54398   717802  12.94
2000-2009       67      0.04090  0.04008  0.50   53343    2138   52274   663404  12.44
2000-2009       68      0.04190  0.04104  0.50   51205    2101   50154   611130  11.93
2000-2009       69      0.04504  0.04405  0.50   49104    2163   48022   560976  11.42
2000-2009       70      0.04802  0.04689  0.50   46941    2201   45840   512954  10.93
2000-2009       71      0.05054  0.04929  0.50   44739    2205   43637   467114  10.44
2000-2009       72      0.05486  0.05340  0.50   42534    2271   41398   423477   9.96
2000-2009       73      0.05821  0.05656  0.50   40263    2277   39124   382079   9.49
2000-2009       74      0.06269  0.06078  0.50   37985    2309   36831   342954   9.03
2000-2009       75      0.06762  0.06540  0.50   35677    2333   34510   306123   8.58
2000-2009       76      0.07142  0.06896  0.50   33343    2299   32193   271613   8.15
2000-2009       77      0.07839  0.07544  0.50   31044    2342   29873   239420   7.71
2000-2009       78      0.08456  0.08113  0.50   28702    2329   27538   209547   7.30
2000-2009       79      0.09306  0.08892  0.50   26373    2345   25201   182010   6.90
2000-2009       80      0.09976  0.09502  0.50   24028    2283   22887   156809   6.53
2000-2009       81      0.10920  0.10355  0.50   21745    2252   20619   133922   6.16
2000-2009       82      0.12285  0.11574  0.50   19493    2256   18365   113303   5.81
2000-2009       83      0.12540  0.11800  0.50   17237    2034   16220    94938   5.51
2000-2009       84      0.14330  0.13371  0.50   15203    2033   14187    78718   5.18
2000-2009       85      0.15531  0.14412  0.50   13170    1898   12221    64531   4.90
2000-2009       86      0.16121  0.14918  0.50   11272    1682   10431    52310   4.64
2000-2009       87      0.17720  0.16278  0.50    9591    1561    8810    41878   4.37
2000-2009       88      0.18615  0.17030  0.50    8029    1367    7346    33068   4.12
2000-2009       89      0.20837  0.18871  0.50    6662    1257    6033    25723   3.86
2000-2009       90      0.22670  0.20362  0.50    5405    1101    4855    19689   3.64
2000-2009       91      0.23973  0.21407  0.50    4304     921    3844    14835   3.45
2000-2009       92      0.26498  0.23398  0.50    3383     792    2987    10991   3.25
2000-2009       93      0.27527  0.24197  0.50    2591     627    2278     8004   3.09
2000-2009       94      0.30112  0.26171  0.50    1964     514    1707     5726   2.91
2000-2009       95      0.31775  0.27419  0.50    1450     398    1251     4019   2.77
2000-2009       96      0.33872  0.28966  0.50    1053     305     900     2767   2.63
2000-2009       97      0.36035  0.30533  0.50     748     228     634     1867   2.50
2000-2009       98      0.38256  0.32113  0.50     519     167     436     1234   2.37
2000-2009       99      0.40526  0.33698  0.50     353     119     293      798   2.26
2000-2009      100      0.42839  0.35282  0.50     234      82     193      504   2.16
2000-2009      101      0.45183  0.36856  0.50     151      56     123      312   2.06
2000-2009      102      0.47548  0.38415  0.50      96      37      77      188   1.97
2000-2009      103      0.49925  0.39952  0.50      59      24      47      111   1.89
2000-2009      104      0.52302  0.41460  0.50      35      15      28       64   1.81
2000-2009      105      0.54668  0.42933  0.50      21       9      16       36   1.75
2000-2009      106      0.57014  0.44366  0.50      12       5       9       20   1.68
2000-2009      107      0.59328  0.45755  0.50       7       3       5       11   1.63
2000-2009      108      0.61602  0.47096  0.50       4       2       3        6   1.58
2000-2009      109      0.63826  0.48385  0.50       2       1       1        3   1.54
2000-2009      110+     0.65993  1.00000  1.52       1       1       1        1   1.52
2010-2019        0      0.00422  0.00421  0.14  100000     421   99638  6929369  69.29
2010-2019        1      0.00041  0.00041  0.50   99579      41   99559  6829731  68.59
2010-2019        2      0.00025  0.00025  0.50   99538      25   99526  6730172  67.61
2010-2019        3      0.00018  0.00018  0.50   99513      18   99504  6630646  66.63
2010-2019        4      0.00016  0.00016  0.50   99496      16   99488  6531142  65.64
2010-2019        5      0.00016  0.00016  0.50   99480      16   99472  6431654  64.65
2010-2019        6      0.00011  0.00011  0.50   99464      11   99458  6332183  63.66
2010-2019        7      0.00015  0.00015  0.50   99453      15   99445  6232724  62.67
2010-2019        8      0.00018  0.00018  0.50   99438      18   99429  6133279  61.68
2010-2019        9      0.00016  0.00016  0.50   99420      16   99412  6033850  60.69
2010-2019       10      0.00021  0.00021  0.50   99404      20   99393  5934438  59.70
2010-2019       11      0.00018  0.00018  0.50   99383      18   99374  5835045  58.71
2010-2019       12      0.00026  0.00026  0.50   99365      26   99352  5735671  57.72
2010-2019       13      0.00023  0.00023  0.50   99339      23   99328  5636318  56.74
2010-2019       14      0.00034  0.00034  0.50   99316      34   99299  5536991  55.75
2010-2019       15      0.00047  0.00047  0.50   99282      46   99259  5437692  54.77
2010-2019       16      0.00063  0.00063  0.50   99236      63   99205  5338432  53.80
2010-2019       17      0.00070  0.00070  0.50   99173      70   99138  5239228  52.83
2010-2019       18      0.00112  0.00112  0.50   99103     111   99048  5140090  51.87
2010-2019       19      0.00122  0.00122  0.50   98992     120   98932  5041042  50.92
2010-2019       20      0.00128  0.00128  0.50   98872     127   98808  4942110  49.99
2010-2019       21      0.00133  0.00132  0.50   98745     131   98680  4843302  49.05
2010-2019       22      0.00147  0.00147  0.50   98614     145   98542  4744622  48.11
2010-2019       23      0.00144  0.00144  0.50   98470     142   98399  4646081  47.18
2010-2019       24      0.00162  0.00162  0.50   98328     160   98248  4547682  46.25
2010-2019       25      0.00159  0.00158  0.50   98168     156   98090  4449434  45.32
2010-2019       26      0.00186  0.00186  0.50   98013     183   97921  4351344  44.40
2010-2019       27      0.00182  0.00182  0.50   97830     178   97741  4253422  43.48
2010-2019       28      0.00211  0.00210  0.50   97652     205   97550  4155681  42.56
2010-2019       29      0.00236  0.00236  0.50   97447     230   97332  4058132  41.64
2010-2019       30      0.00236  0.00236  0.50   97217     230   97102  3960800  40.74
2010-2019       31      0.00274  0.00274  0.50   96987     266   96854  3863698  39.84
2010-2019       32      0.00292  0.00291  0.50   96721     282   96580  3766844  38.95
2010-2019       33      0.00308  0.00307  0.50   96440     296   96291  3670263  38.06
2010-2019       34      0.00342  0.00341  0.50   96143     328   95979  3573972  37.17
2010-2019       35      0.00375  0.00374  0.50   95815     359   95636  3477993  36.30
2010-2019       36      0.00367  0.00366  0.50   95456     350   95282  3382357  35.43
2010-2019       37      0.00438  0.00437  0.50   95107     415   94899  3287075  34.56
2010-2019       38      0.00479  0.00478  0.50   94691     452   94465  3192176  33.71
2010-2019       39      0.00515  0.00514  0.50   94239     484   93997  3097711  32.87
2010-2019       40      0.00512  0.00511  0.50   93755     479   93515  3003714  32.04
2010-2019       41      0.00588  0.00587  0.50   93276     547   93002  2910199  31.20
2010-2019       42      0.00623  0.00621  0.50   92728     576   92440  2817197  30.38
2010-2019       43      0.00641  0.00639  0.50   92152     588   91858  2724756  29.57
2010-2019       44      0.00653  0.00651  0.50   91564     596   91266  2632898  28.75
2010-2019       45      0.00761  0.00758  0.50   90968     690   90623  2541632  27.94
2010-2019       46      0.00783  0.00780  0.50   90278     705   89926  2451009  27.15
2010-2019       47      0.00871  0.00867  0.50   89574     776   89186  2361083  26.36
2010-2019       48      0.00926  0.00922  0.50   88798     819   88388  2271897  25.59
2010-2019       49      0.00972  0.00967  0.50   87979     851   87553  2183509  24.82
2010-2019       50      0.01044  0.01039  0.50   87128     905   86675  2095956  24.06
2010-2019       51      0.01124  0.01118  0.50   86223     964   85741  2009280  23.30
2010-2019       52      0.01250  0.01243  0.50   85259    1059   84729  1923539  22.56
2010-2019       53      0.01298  0.01290  0.50   84200    1086   83657  1838810  21.84
2010-2019       54      0.01434  0.01423  0.50   83114    1183   82522  1755153  21.12
2010-2019       55      0.01545  0.01533  0.50   81931    1256   81303  1672631  20.42
2010-2019       56      0.01634  0.01621  0.50   80674    1308   80021  1591328  19.73
2010-2019       57      0.01772  0.01757  0.50   79367    1394   78670  1511308  19.04
2010-2019       58      0.01904  0.01886  0.50   77973    1470   77237  1432638  18.37
2010-2019       59      0.02102  0.02080  0.50   76502    1591   75707  1355401  17.72
2010-2019       60      0.02311  0.02284  0.50   74911    1711   74055  1279694  17.08
2010-2019       61      0.02482  0.02452  0.50   73200    1795   72302  1205639  16.47
2010-2019       62      0.02664  0.02629  0.50   71405    1877   70466  1133336  15.87
2010-2019       63      0.02936  0.02894  0.50   69528    2012   68522  1062870  15.29
2010-2019       64      0.03136  0.03087  0.50   67516    2085   66473   994348  14.73
2010-2019       65      0.03316  0.03261  0.50   65431    2134   64364   927875  14.18
2010-2019       66      0.03602  0.03538  0.50   63297    2239   62178   863510  13.64
2010-2019       67      0.03752  0.03683  0.50   61058    2249   59933   801333  13.12
2010-2019       68      0.03952  0.03875  0.50   58809    2279   57669   741399  12.61
2010-2019       69      0.04244  0.04156  0.50   56530    2349   55355   683730  12.10
2010-2019       70      0.04471  0.04373  0.50   54181    2369   52996   628375  11.60
2010-2019       71      0.04613  0.04509  0.50   51811    2336   50643   575379  11.11
2010-2019       72      0.04907  0.04790  0.50   49475    2370   48290   524735  10.61
2010-2019       73      0.05260  0.05125  0.50   47106    2414   45898   476445  10.11
2010-2019       74      0.05548  0.05398  0.50   44691    2412   43485   430547   9.63
2010-2019       75      0.06009  0.05834  0.50   42279    2466   41046   387062   9.15
2010-2019       76      0.06432  0.06232  0.50   39812    2481   38572   346016   8.69
2010-2019       77      0.07043  0.06804  0.50   37331    2540   36061   307444   8.24
2010-2019       78      0.07414  0.07149  0.50   34791    2487   33548   271383   7.80
2010-2019       79      0.07975  0.07669  0.50   32304    2477   31065   237835   7.36
2010-2019       80      0.08808  0.08436  0.50   29827    2516   28569   206769   6.93
2010-2019       81      0.09750  0.09296  0.50   27311    2539   26041   178201   6.52
2010-2019       82      0.10347  0.09838  0.50   24772    2437   23553   152160   6.14
2010-2019       83      0.11474  0.10851  0.50   22334    2424   21123   128607   5.76
2010-2019       84      0.12478  0.11745  0.50   19911    2339   18742   107484   5.40
2010-2019       85      0.13628  0.12759  0.50   17572    2242   16451    88742   5.05
2010-2019       86      0.15135  0.14070  0.50   15330    2157   14252    72291   4.72
2010-2019       87      0.16608  0.15334  0.50   13173    2020   12163    58039   4.41
2010-2019       88      0.17093  0.15747  0.50   11153    1756   10275    45876   4.11
2010-2019       89      0.21168  0.19142  0.50    9397    1799    8498    35601   3.79
2010-2019       90      0.22026  0.19841  0.50    7598    1508    6844    27103   3.57
2010-2019       91      0.24849  0.22103  0.50    6091    1346    5418    20258   3.33
2010-2019       92      0.25485  0.22605  0.50    4744    1072    4208    14841   3.13
2010-2019       93      0.30721  0.26630  0.50    3672     978    3183    10633   2.90
2010-2019       94      0.30616  0.26551  0.50    2694     715    2336     7450   2.77
2010-2019       95      0.33865  0.28961  0.50    1979     573    1692     5113   2.58
2010-2019       96      0.36468  0.30844  0.50    1406     434    1189     3421   2.43
2010-2019       97      0.39153  0.32743  0.50     972     318     813     2232   2.30
2010-2019       98      0.41905  0.34646  0.50     654     227     541     1419   2.17
2010-2019       99      0.44708  0.36540  0.50     427     156     349      878   2.06
2010-2019      100      0.47546  0.38414  0.50     271     104     219      529   1.95
2010-2019      101      0.50399  0.40255  0.50     167      67     133      310   1.86
2010-2019      102      0.53250  0.42053  0.50     100      42      79      177   1.77
2010-2019      103      0.56079  0.43798  0.50      58      25      45       98   1.69
2010-2019      104      0.58870  0.45482  0.50      32      15      25       53   1.62
2010-2019      105      0.61605  0.47098  0.50      18       8      14       28   1.56
2010-2019      106      0.64268  0.48639  0.50       9       5       7       14   1.50
2010-2019      107      0.66846  0.50101  0.50       5       2       4        7   1.45
2010-2019      108      0.69327  0.51482  0.50       2       1       2        3   1.41
2010-2019      109      0.71701  0.52779  0.50       1       1       1        2   1.37
2010-2019      110+     0.73960  1.00000  1.35       1       1       1        1   1.35
