Portugal, Life tables (period 1x10), Males	Last modified: 01 Aug 2021;  Methods Protocol: v6 (2017)

  Year          Age         mx       qx    ax      lx      dx      Lx       Tx     ex
1940-1949        0      0.14137  0.12863  0.30  100000   12863   90985  5040546  50.41
1940-1949        1      0.04727  0.04618  0.50   87137    4024   85125  4949561  56.80
1940-1949        2      0.01960  0.01941  0.50   83113    1613   82307  4864435  58.53
1940-1949        3      0.00983  0.00979  0.50   81500     798   81102  4782129  58.68
1940-1949        4      0.00632  0.00630  0.50   80703     509   80448  4701027  58.25
1940-1949        5      0.00444  0.00443  0.50   80194     355   80017  4620579  57.62
1940-1949        6      0.00351  0.00351  0.50   79839     280   79699  4540562  56.87
1940-1949        7      0.00307  0.00307  0.50   79559     244   79437  4460863  56.07
1940-1949        8      0.00257  0.00257  0.50   79315     204   79213  4381426  55.24
1940-1949        9      0.00226  0.00226  0.50   79111     179   79021  4302214  54.38
1940-1949       10      0.00209  0.00208  0.50   78932     165   78850  4223192  53.50
1940-1949       11      0.00196  0.00196  0.50   78767     154   78690  4144343  52.61
1940-1949       12      0.00181  0.00181  0.50   78613     142   78542  4065652  51.72
1940-1949       13      0.00191  0.00191  0.50   78471     150   78396  3987110  50.81
1940-1949       14      0.00219  0.00218  0.50   78321     171   78235  3908715  49.91
1940-1949       15      0.00231  0.00231  0.50   78150     180   78059  3830480  49.01
1940-1949       16      0.00278  0.00278  0.50   77969     217   77861  3752421  48.13
1940-1949       17      0.00327  0.00326  0.50   77753     254   77626  3674560  47.26
1940-1949       18      0.00390  0.00389  0.50   77499     302   77348  3596934  46.41
1940-1949       19      0.00423  0.00422  0.50   77197     326   77034  3519586  45.59
1940-1949       20      0.00443  0.00442  0.50   76871     340   76701  3442551  44.78
1940-1949       21      0.00480  0.00479  0.50   76531     366   76348  3365850  43.98
1940-1949       22      0.00508  0.00507  0.50   76165     386   75972  3289502  43.19
1940-1949       23      0.00519  0.00518  0.50   75779     392   75583  3213530  42.41
1940-1949       24      0.00524  0.00522  0.50   75387     394   75190  3137947  41.62
1940-1949       25      0.00498  0.00496  0.50   74993     372   74807  3062757  40.84
1940-1949       26      0.00501  0.00500  0.50   74621     373   74434  2987950  40.04
1940-1949       27      0.00518  0.00517  0.50   74248     384   74056  2913515  39.24
1940-1949       28      0.00533  0.00532  0.50   73864     393   73668  2839459  38.44
1940-1949       29      0.00499  0.00497  0.50   73471     365   73289  2765791  37.64
1940-1949       30      0.00542  0.00540  0.50   73106     395   72909  2692502  36.83
1940-1949       31      0.00505  0.00504  0.50   72711     366   72528  2619594  36.03
1940-1949       32      0.00576  0.00574  0.50   72345     416   72137  2547066  35.21
1940-1949       33      0.00605  0.00604  0.50   71929     434   71712  2474929  34.41
1940-1949       34      0.00598  0.00596  0.50   71495     426   71282  2403216  33.61
1940-1949       35      0.00653  0.00651  0.50   71069     463   70838  2331934  32.81
1940-1949       36      0.00669  0.00667  0.50   70606     471   70371  2261096  32.02
1940-1949       37      0.00688  0.00686  0.50   70135     481   69895  2190725  31.24
1940-1949       38      0.00762  0.00759  0.50   69655     529   69390  2120830  30.45
1940-1949       39      0.00710  0.00707  0.50   69126     489   68881  2051440  29.68
1940-1949       40      0.00828  0.00824  0.50   68637     566   68354  1982559  28.88
1940-1949       41      0.00721  0.00718  0.50   68071     489   67827  1914205  28.12
1940-1949       42      0.00929  0.00924  0.50   67582     625   67270  1846378  27.32
1940-1949       43      0.00864  0.00860  0.50   66957     576   66669  1779108  26.57
1940-1949       44      0.00955  0.00950  0.50   66381     631   66066  1712439  25.80
1940-1949       45      0.01088  0.01082  0.50   65751     711   65395  1646373  25.04
1940-1949       46      0.00996  0.00991  0.50   65039     644   64717  1580978  24.31
1940-1949       47      0.01031  0.01026  0.50   64395     661   64064  1516261  23.55
1940-1949       48      0.01260  0.01252  0.50   63734     798   63335  1452197  22.79
1940-1949       49      0.01201  0.01194  0.50   62936     752   62561  1388861  22.07
1940-1949       50      0.01468  0.01457  0.50   62185     906   61732  1326301  21.33
1940-1949       51      0.01160  0.01154  0.50   61279     707   60925  1264569  20.64
1940-1949       52      0.01529  0.01518  0.50   60572     919   60112  1203644  19.87
1940-1949       53      0.01541  0.01529  0.50   59652     912   59196  1143532  19.17
1940-1949       54      0.01661  0.01647  0.50   58740     968   58256  1084335  18.46
1940-1949       55      0.01873  0.01856  0.50   57773    1072   57236  1026079  17.76
1940-1949       56      0.01937  0.01918  0.50   56700    1088   56157   968843  17.09
1940-1949       57      0.01875  0.01858  0.50   55613    1033   55096   912686  16.41
1940-1949       58      0.02247  0.02222  0.50   54580    1213   53973   857590  15.71
1940-1949       59      0.02140  0.02118  0.50   53367    1130   52802   803617  15.06
1940-1949       60      0.02983  0.02939  0.50   52237    1535   51469   750815  14.37
1940-1949       61      0.02249  0.02224  0.50   50701    1128   50138   699346  13.79
1940-1949       62      0.03043  0.02998  0.50   49574    1486   48831   649208  13.10
1940-1949       63      0.03291  0.03238  0.50   48088    1557   47309   600378  12.49
1940-1949       64      0.03579  0.03516  0.50   46531    1636   45713   553069  11.89
1940-1949       65      0.04206  0.04119  0.50   44894    1849   43970   507356  11.30
1940-1949       66      0.04428  0.04332  0.50   43045    1865   42113   463386  10.77
1940-1949       67      0.04453  0.04356  0.50   41180    1794   40283   421273  10.23
1940-1949       68      0.05408  0.05266  0.50   39386    2074   38349   380990   9.67
1940-1949       69      0.04823  0.04709  0.50   37312    1757   36434   342641   9.18
1940-1949       70      0.07406  0.07141  0.50   35555    2539   34286   306207   8.61
1940-1949       71      0.05459  0.05314  0.50   33016    1755   32139   271921   8.24
1940-1949       72      0.07965  0.07660  0.50   31262    2395   30064   239782   7.67
1940-1949       73      0.08122  0.07805  0.50   28867    2253   27740   209718   7.27
1940-1949       74      0.09026  0.08636  0.50   26614    2298   25465   181978   6.84
1940-1949       75      0.11083  0.10501  0.50   24316    2553   23039   156513   6.44
1940-1949       76      0.10743  0.10195  0.50   21762    2219   20653   133474   6.13
1940-1949       77      0.12254  0.11546  0.50   19544    2257   18415   112821   5.77
1940-1949       78      0.15099  0.14039  0.50   17287    2427   16074    94406   5.46
1940-1949       79      0.12657  0.11904  0.50   14860    1769   13976    78333   5.27
1940-1949       80      0.18435  0.16879  0.50   13091    2210   11986    64357   4.92
1940-1949       81      0.12845  0.12070  0.50   10881    1313   10225    52371   4.81
1940-1949       82      0.17627  0.16199  0.50    9568    1550    8793    42146   4.40
1940-1949       83      0.17926  0.16452  0.50    8018    1319    7359    33353   4.16
1940-1949       84      0.21426  0.19352  0.50    6699    1296    6051    25994   3.88
1940-1949       85      0.25030  0.22246  0.50    5403    1202    4802    19943   3.69
1940-1949       86      0.24534  0.21853  0.50    4201     918    3742    15142   3.60
1940-1949       87      0.24842  0.22097  0.50    3283     725    2920    11400   3.47
1940-1949       88      0.30466  0.26439  0.50    2557     676    2219     8480   3.32
1940-1949       89      0.25605  0.22699  0.50    1881     427    1668     6261   3.33
1940-1949       90      0.35752  0.30330  0.50    1454     441    1234     4593   3.16
1940-1949       91      0.21616  0.19508  0.50    1013     198     914     3359   3.32
1940-1949       92      0.30942  0.26797  0.50     815     219     706     2445   3.00
1940-1949       93      0.27894  0.24480  0.50     597     146     524     1739   2.91
1940-1949       94      0.28952  0.25291  0.50     451     114     394     1215   2.69
1940-1949       95      0.37745  0.31753  0.50     337     107     283      821   2.44
1940-1949       96      0.39587  0.33046  0.50     230      76     192      538   2.34
1940-1949       97      0.41460  0.34341  0.50     154      53     127      346   2.25
1940-1949       98      0.43357  0.35632  0.50     101      36      83      218   2.16
1940-1949       99      0.45274  0.36917  0.50      65      24      53      135   2.08
1940-1949      100      0.47205  0.38191  0.50      41      16      33       82   2.00
1940-1949      101      0.49144  0.39451  0.50      25      10      20       49   1.93
1940-1949      102      0.51086  0.40692  0.50      15       6      12       29   1.87
1940-1949      103      0.53025  0.41913  0.50       9       4       7       16   1.81
1940-1949      104      0.54955  0.43110  0.50       5       2       4        9   1.75
1940-1949      105      0.56870  0.44279  0.50       3       1       2        5   1.70
1940-1949      106      0.58764  0.45419  0.50       2       1       1        3   1.65
1940-1949      107      0.60633  0.46528  0.50       1       0       1        1   1.60
1940-1949      108      0.62472  0.47603  0.50       0       0       0        1   1.57
1940-1949      109      0.64275  0.48642  0.50       0       0       0        0   1.53
1940-1949      110+     0.66038  1.00000  1.51       0       0       0        0   1.51
1950-1959        0      0.10398  0.09692  0.30  100000    9692   93207  5834096  58.34
1950-1959        1      0.02590  0.02557  0.50   90308    2309   89154  5740889  63.57
1950-1959        2      0.01079  0.01073  0.50   87999     944   87527  5651735  64.22
1950-1959        3      0.00510  0.00509  0.50   87055     443   86833  5564208  63.92
1950-1959        4      0.00329  0.00328  0.50   86612     284   86470  5477375  63.24
1950-1959        5      0.00222  0.00222  0.50   86328     191   86232  5390905  62.45
1950-1959        6      0.00181  0.00181  0.50   86136     156   86059  5304673  61.58
1950-1959        7      0.00155  0.00155  0.50   85981     133   85914  5218614  60.70
1950-1959        8      0.00133  0.00132  0.50   85847     114   85790  5132700  59.79
1950-1959        9      0.00114  0.00114  0.50   85734      98   85685  5046910  58.87
1950-1959       10      0.00104  0.00103  0.50   85636      89   85591  4961225  57.93
1950-1959       11      0.00102  0.00102  0.50   85547      87   85504  4875634  56.99
1950-1959       12      0.00099  0.00099  0.50   85460      85   85418  4790130  56.05
1950-1959       13      0.00101  0.00101  0.50   85375      86   85332  4704712  55.11
1950-1959       14      0.00115  0.00115  0.50   85289      98   85240  4619380  54.16
1950-1959       15      0.00121  0.00121  0.50   85191     103   85139  4534140  53.22
1950-1959       16      0.00141  0.00141  0.50   85088     120   85028  4449000  52.29
1950-1959       17      0.00153  0.00152  0.50   84968     130   84903  4363973  51.36
1950-1959       18      0.00178  0.00178  0.50   84838     151   84763  4279070  50.44
1950-1959       19      0.00186  0.00186  0.50   84687     157   84608  4194307  49.53
1950-1959       20      0.00214  0.00214  0.50   84530     181   84439  4109699  48.62
1950-1959       21      0.00220  0.00220  0.50   84349     185   84256  4025260  47.72
1950-1959       22      0.00250  0.00250  0.50   84164     210   84059  3941003  46.83
1950-1959       23      0.00251  0.00251  0.50   83954     210   83848  3856945  45.94
1950-1959       24      0.00262  0.00261  0.50   83743     219   83634  3773096  45.06
1950-1959       25      0.00269  0.00268  0.50   83525     224   83412  3689462  44.17
1950-1959       26      0.00272  0.00272  0.50   83300     226   83187  3606050  43.29
1950-1959       27      0.00267  0.00267  0.50   83074     221   82963  3522863  42.41
1950-1959       28      0.00297  0.00297  0.50   82853     246   82730  3439899  41.52
1950-1959       29      0.00285  0.00284  0.50   82607     235   82489  3357169  40.64
1950-1959       30      0.00302  0.00302  0.50   82372     248   82248  3274680  39.75
1950-1959       31      0.00290  0.00290  0.50   82123     238   82004  3192433  38.87
1950-1959       32      0.00309  0.00309  0.50   81886     253   81759  3110428  37.99
1950-1959       33      0.00338  0.00337  0.50   81633     275   81495  3028669  37.10
1950-1959       34      0.00338  0.00338  0.50   81358     275   81220  2947174  36.22
1950-1959       35      0.00366  0.00365  0.50   81083     296   80935  2865954  35.35
1950-1959       36      0.00394  0.00393  0.50   80787     318   80628  2785019  34.47
1950-1959       37      0.00408  0.00407  0.50   80469     327   80305  2704391  33.61
1950-1959       38      0.00428  0.00427  0.50   80142     343   79970  2624086  32.74
1950-1959       39      0.00457  0.00456  0.50   79799     364   79617  2544116  31.88
1950-1959       40      0.00518  0.00516  0.50   79435     410   79230  2464499  31.03
1950-1959       41      0.00468  0.00467  0.50   79025     369   78841  2385268  30.18
1950-1959       42      0.00592  0.00590  0.50   78656     464   78424  2306428  29.32
1950-1959       43      0.00577  0.00575  0.50   78192     450   77967  2228003  28.49
1950-1959       44      0.00640  0.00638  0.50   77742     496   77494  2150036  27.66
1950-1959       45      0.00701  0.00699  0.50   77247     540   76977  2072542  26.83
1950-1959       46      0.00720  0.00718  0.50   76707     551   76432  1995565  26.02
1950-1959       47      0.00767  0.00765  0.50   76156     582   75865  1919134  25.20
1950-1959       48      0.00833  0.00829  0.50   75574     627   75261  1843269  24.39
1950-1959       49      0.00890  0.00886  0.50   74947     664   74615  1768008  23.59
1950-1959       50      0.01006  0.01001  0.50   74283     743   73911  1693393  22.80
1950-1959       51      0.00947  0.00943  0.50   73539     693   73193  1619482  22.02
1950-1959       52      0.01147  0.01141  0.50   72846     831   72431  1546289  21.23
1950-1959       53      0.01209  0.01202  0.50   72015     866   71582  1473859  20.47
1950-1959       54      0.01317  0.01309  0.50   71149     931   70684  1402276  19.71
1950-1959       55      0.01419  0.01409  0.50   70218     989   69724  1331593  18.96
1950-1959       56      0.01574  0.01562  0.50   69229    1081   68688  1261869  18.23
1950-1959       57      0.01656  0.01643  0.50   68148    1119   67588  1193181  17.51
1950-1959       58      0.01843  0.01826  0.50   67028    1224   66416  1125593  16.79
1950-1959       59      0.01898  0.01880  0.50   65804    1237   65186  1059177  16.10
1950-1959       60      0.02283  0.02258  0.50   64567    1458   63838   993991  15.39
1950-1959       61      0.02118  0.02096  0.50   63109    1322   62448   930153  14.74
1950-1959       62      0.02585  0.02552  0.50   61787    1577   60998   867704  14.04
1950-1959       63      0.02808  0.02769  0.50   60210    1667   59376   806706  13.40
1950-1959       64      0.03061  0.03015  0.50   58543    1765   57661   747329  12.77
1950-1959       65      0.03267  0.03214  0.50   56778    1825   55866   689669  12.15
1950-1959       66      0.03642  0.03577  0.50   54953    1965   53970   633803  11.53
1950-1959       67      0.03874  0.03801  0.50   52988    2014   51981   579833  10.94
1950-1959       68      0.04465  0.04367  0.50   50974    2226   49861   527852  10.36
1950-1959       69      0.04542  0.04441  0.50   48748    2165   47665   477992   9.81
1950-1959       70      0.05644  0.05489  0.50   46583    2557   45304   430327   9.24
1950-1959       71      0.05305  0.05168  0.50   44026    2275   42888   385022   8.75
1950-1959       72      0.06833  0.06607  0.50   41750    2759   40371   342134   8.19
1950-1959       73      0.07323  0.07064  0.50   38992    2755   37615   301763   7.74
1950-1959       74      0.08111  0.07795  0.50   36237    2825   34825   264148   7.29
1950-1959       75      0.09210  0.08804  0.50   33413    2942   31942   229324   6.86
1950-1959       76      0.09737  0.09285  0.50   30471    2829   29056   197382   6.48
1950-1959       77      0.11124  0.10538  0.50   27642    2913   26185   168326   6.09
1950-1959       78      0.12550  0.11809  0.50   24729    2920   23269   142140   5.75
1950-1959       79      0.12244  0.11538  0.50   21809    2516   20550   118872   5.45
1950-1959       80      0.14424  0.13454  0.50   19292    2596   17995    98321   5.10
1950-1959       81      0.13551  0.12691  0.50   16697    2119   15637    80327   4.81
1950-1959       82      0.16912  0.15594  0.50   14578    2273   13441    64689   4.44
1950-1959       83      0.17915  0.16442  0.50   12305    2023   11293    51248   4.16
1950-1959       84      0.20860  0.18890  0.50   10281    1942    9310    39955   3.89
1950-1959       85      0.22592  0.20299  0.50    8339    1693    7493    30645   3.67
1950-1959       86      0.23337  0.20898  0.50    6647    1389    5952    23152   3.48
1950-1959       87      0.25680  0.22758  0.50    5258    1197    4659    17200   3.27
1950-1959       88      0.30095  0.26159  0.50    4061    1062    3530    12541   3.09
1950-1959       89      0.28019  0.24576  0.50    2999     737    2630     9011   3.00
1950-1959       90      0.34013  0.29070  0.50    2262     657    1933     6381   2.82
1950-1959       91      0.28495  0.24941  0.50    1604     400    1404     4448   2.77
1950-1959       92      0.34063  0.29106  0.50    1204     350    1029     3043   2.53
1950-1959       93      0.38604  0.32358  0.50     854     276     716     2014   2.36
1950-1959       94      0.38608  0.32361  0.50     577     187     484     1299   2.25
1950-1959       95      0.44182  0.36188  0.50     391     141     320      815   2.09
1950-1959       96      0.46811  0.37932  0.50     249      95     202      495   1.99
1950-1959       97      0.49457  0.39652  0.50     155      61     124      293   1.89
1950-1959       98      0.52107  0.41337  0.50      93      39      74      169   1.81
1950-1959       99      0.54745  0.42980  0.50      55      24      43       95   1.73
1950-1959      100      0.57356  0.44574  0.50      31      14      24       52   1.66
1950-1959      101      0.59928  0.46111  0.50      17       8      13       28   1.60
1950-1959      102      0.62445  0.47587  0.50       9       4       7       14   1.54
1950-1959      103      0.64897  0.48998  0.50       5       2       4        7   1.49
1950-1959      104      0.67273  0.50340  0.50       2       1       2        4   1.44
1950-1959      105      0.69564  0.51612  0.50       1       1       1        2   1.40
1950-1959      106      0.71761  0.52812  0.50       1       0       0        1   1.36
1950-1959      107      0.73859  0.53940  0.50       0       0       0        0   1.33
1950-1959      108      0.75854  0.54996  0.50       0       0       0        0   1.30
1950-1959      109      0.77743  0.55982  0.50       0       0       0        0   1.27
1950-1959      110+     0.79524  1.00000  1.26       0       0       0        0   1.26
1960-1969        0      0.08048  0.07614  0.29  100000    7614   94600  6214942  62.15
1960-1969        1      0.01307  0.01298  0.50   92386    1199   91787  6120342  66.25
1960-1969        2      0.00525  0.00524  0.50   91187     478   90948  6028555  66.11
1960-1969        3      0.00293  0.00292  0.50   90709     265   90577  5937607  65.46
1960-1969        4      0.00208  0.00208  0.50   90444     188   90350  5847031  64.65
1960-1969        5      0.00150  0.00150  0.50   90256     136   90188  5756681  63.78
1960-1969        6      0.00130  0.00130  0.50   90120     117   90062  5666492  62.88
1960-1969        7      0.00120  0.00120  0.50   90003     108   89949  5576431  61.96
1960-1969        8      0.00095  0.00095  0.50   89895      86   89852  5486482  61.03
1960-1969        9      0.00085  0.00085  0.50   89809      76   89771  5396630  60.09
1960-1969       10      0.00072  0.00072  0.50   89733      65   89701  5306858  59.14
1960-1969       11      0.00076  0.00076  0.50   89668      68   89634  5217158  58.18
1960-1969       12      0.00077  0.00077  0.50   89600      69   89566  5127524  57.23
1960-1969       13      0.00075  0.00075  0.50   89531      67   89497  5037958  56.27
1960-1969       14      0.00088  0.00088  0.50   89464      79   89424  4948461  55.31
1960-1969       15      0.00108  0.00108  0.50   89385      97   89337  4859036  54.36
1960-1969       16      0.00123  0.00123  0.50   89288     110   89233  4769700  53.42
1960-1969       17      0.00136  0.00135  0.50   89178     121   89118  4680466  52.48
1960-1969       18      0.00138  0.00138  0.50   89058     123   88996  4591348  51.55
1960-1969       19      0.00150  0.00150  0.50   88934     134   88868  4502352  50.63
1960-1969       20      0.00157  0.00157  0.50   88801     140   88731  4413485  49.70
1960-1969       21      0.00157  0.00157  0.50   88661     139   88592  4324754  48.78
1960-1969       22      0.00149  0.00149  0.50   88522     132   88456  4236162  47.85
1960-1969       23      0.00153  0.00153  0.50   88390     135   88323  4147706  46.92
1960-1969       24      0.00178  0.00178  0.50   88255     157   88176  4059383  46.00
1960-1969       25      0.00172  0.00172  0.50   88098     152   88022  3971207  45.08
1960-1969       26      0.00184  0.00183  0.50   87946     161   87866  3883185  44.15
1960-1969       27      0.00195  0.00195  0.50   87785     171   87700  3795319  43.23
1960-1969       28      0.00216  0.00215  0.50   87614     189   87520  3707619  42.32
1960-1969       29      0.00219  0.00218  0.50   87426     191   87330  3620100  41.41
1960-1969       30      0.00222  0.00221  0.50   87235     193   87138  3532769  40.50
1960-1969       31      0.00235  0.00234  0.50   87042     204   86939  3445631  39.59
1960-1969       32      0.00264  0.00263  0.50   86837     229   86723  3358692  38.68
1960-1969       33      0.00269  0.00268  0.50   86609     232   86492  3271969  37.78
1960-1969       34      0.00280  0.00280  0.50   86376     242   86255  3185476  36.88
1960-1969       35      0.00302  0.00301  0.50   86135     259   86005  3099221  35.98
1960-1969       36      0.00315  0.00314  0.50   85875     270   85740  3013216  35.09
1960-1969       37      0.00332  0.00332  0.50   85605     284   85463  2927476  34.20
1960-1969       38      0.00374  0.00373  0.50   85321     319   85162  2842012  33.31
1960-1969       39      0.00377  0.00377  0.50   85003     320   84843  2756850  32.43
1960-1969       40      0.00412  0.00412  0.50   84682     349   84508  2672008  31.55
1960-1969       41      0.00433  0.00432  0.50   84334     364   84152  2587500  30.68
1960-1969       42      0.00471  0.00470  0.50   83969     394   83772  2503348  29.81
1960-1969       43      0.00506  0.00505  0.50   83575     422   83364  2419576  28.95
1960-1969       44      0.00550  0.00549  0.50   83153     456   82925  2336212  28.10
1960-1969       45      0.00576  0.00575  0.50   82697     475   82459  2253287  27.25
1960-1969       46      0.00615  0.00613  0.50   82221     504   81969  2170828  26.40
1960-1969       47      0.00663  0.00661  0.50   81717     540   81447  2088858  25.56
1960-1969       48      0.00736  0.00734  0.50   81178     596   80880  2007411  24.73
1960-1969       49      0.00797  0.00794  0.50   80582     640   80262  1926531  23.91
1960-1969       50      0.00883  0.00879  0.50   79942     702   79591  1846269  23.10
1960-1969       51      0.00904  0.00900  0.50   79240     713   78883  1766678  22.30
1960-1969       52      0.01022  0.01017  0.50   78526     798   78127  1687795  21.49
1960-1969       53      0.01128  0.01122  0.50   77728     872   77292  1609668  20.71
1960-1969       54      0.01219  0.01212  0.50   76856     931   76391  1532376  19.94
1960-1969       55      0.01314  0.01305  0.50   75925     991   75430  1455985  19.18
1960-1969       56      0.01444  0.01433  0.50   74934    1074   74397  1380555  18.42
1960-1969       57      0.01571  0.01558  0.50   73860    1151   73285  1306158  17.68
1960-1969       58      0.01724  0.01709  0.50   72709    1243   72088  1232874  16.96
1960-1969       59      0.01904  0.01886  0.50   71466    1348   70793  1160786  16.24
1960-1969       60      0.02097  0.02075  0.50   70119    1455   69391  1089994  15.54
1960-1969       61      0.02183  0.02159  0.50   68663    1483   67922  1020602  14.86
1960-1969       62      0.02475  0.02445  0.50   67181    1643   66360   952680  14.18
1960-1969       63      0.02713  0.02677  0.50   65538    1754   64661   886321  13.52
1960-1969       64      0.02972  0.02928  0.50   63784    1868   62850   821660  12.88
1960-1969       65      0.03242  0.03190  0.50   61916    1975   60928   758810  12.26
1960-1969       66      0.03559  0.03497  0.50   59941    2096   58893   697882  11.64
1960-1969       67      0.03918  0.03843  0.50   57845    2223   56733   638989  11.05
1960-1969       68      0.04333  0.04241  0.50   55622    2359   54442   582256  10.47
1960-1969       69      0.04695  0.04587  0.50   53263    2443   52041   527814   9.91
1960-1969       70      0.05525  0.05377  0.50   50820    2733   49454   475772   9.36
1960-1969       71      0.05693  0.05535  0.50   48087    2662   46756   426319   8.87
1960-1969       72      0.06444  0.06243  0.50   45425    2836   44008   379562   8.36
1960-1969       73      0.07040  0.06801  0.50   42590    2896   41141   335555   7.88
1960-1969       74      0.07912  0.07611  0.50   39693    3021   38183   294413   7.42
1960-1969       75      0.08721  0.08357  0.50   36672    3065   35140   256230   6.99
1960-1969       76      0.09534  0.09101  0.50   33608    3059   32078   221090   6.58
1960-1969       77      0.10431  0.09914  0.50   30549    3029   29035   189012   6.19
1960-1969       78      0.11816  0.11157  0.50   27521    3071   25985   159977   5.81
1960-1969       79      0.12676  0.11920  0.50   24450    2915   22993   133992   5.48
1960-1969       80      0.13695  0.12817  0.50   21535    2760   20155   110999   5.15
1960-1969       81      0.14610  0.13615  0.50   18775    2556   17497    90843   4.84
1960-1969       82      0.16396  0.15154  0.50   16219    2458   14990    73346   4.52
1960-1969       83      0.17872  0.16406  0.50   13761    2258   12632    58356   4.24
1960-1969       84      0.19325  0.17622  0.50   11504    2027   10490    45724   3.97
1960-1969       85      0.21638  0.19526  0.50    9476    1850    8551    35234   3.72
1960-1969       86      0.22999  0.20627  0.50    7626    1573    6840    26683   3.50
1960-1969       87      0.24975  0.22202  0.50    6053    1344    5381    19843   3.28
1960-1969       88      0.27894  0.24480  0.50    4709    1153    4133    14462   3.07
1960-1969       89      0.29363  0.25604  0.50    3556     911    3101    10329   2.90
1960-1969       90      0.32345  0.27842  0.50    2646     737    2277     7228   2.73
1960-1969       91      0.34285  0.29268  0.50    1909     559    1630     4951   2.59
1960-1969       92      0.35634  0.30245  0.50    1350     408    1146     3321   2.46
1960-1969       93      0.40043  0.33363  0.50     942     314     785     2175   2.31
1960-1969       94      0.40014  0.33343  0.50     628     209     523     1390   2.21
1960-1969       95      0.44459  0.36373  0.50     418     152     342      867   2.07
1960-1969       96      0.47154  0.38158  0.50     266     102     215      525   1.97
1960-1969       97      0.49866  0.39914  0.50     165      66     132      309   1.88
1960-1969       98      0.52579  0.41634  0.50      99      41      78      178   1.79
1960-1969       99      0.55277  0.43307  0.50      58      25      45       99   1.72
1960-1969      100      0.57944  0.44927  0.50      33      15      25       54   1.65
1960-1969      101      0.60565  0.46488  0.50      18       8      14       29   1.59
1960-1969      102      0.63127  0.47982  0.50      10       5       7       15   1.53
1960-1969      103      0.65617  0.49407  0.50       5       2       4        7   1.48
1960-1969      104      0.68024  0.50760  0.50       3       1       2        4   1.43
1960-1969      105      0.70339  0.52038  0.50       1       1       1        2   1.39
1960-1969      106      0.72554  0.53240  0.50       1       0       0        1   1.35
1960-1969      107      0.74663  0.54367  0.50       0       0       0        0   1.31
1960-1969      108      0.76662  0.55419  0.50       0       0       0        0   1.28
1960-1969      109      0.78549  0.56398  0.50       0       0       0        0   1.26
1960-1969      110+     0.80322  1.00000  1.24       0       0       0        0   1.24
1970-1979        0      0.04495  0.04335  0.17  100000    4335   96423  6575424  65.75
1970-1979        1      0.00441  0.00440  0.50   95665     420   95455  6479001  67.73
1970-1979        2      0.00218  0.00218  0.50   95245     207   95141  6383546  67.02
1970-1979        3      0.00152  0.00152  0.50   95038     145   94965  6288405  66.17
1970-1979        4      0.00120  0.00120  0.50   94893     114   94836  6193439  65.27
1970-1979        5      0.00105  0.00105  0.50   94779      99   94729  6098604  64.35
1970-1979        6      0.00097  0.00097  0.50   94679      92   94633  6003875  63.41
1970-1979        7      0.00084  0.00084  0.50   94588      79   94548  5909241  62.47
1970-1979        8      0.00075  0.00074  0.50   94509      70   94473  5814693  61.53
1970-1979        9      0.00073  0.00073  0.50   94438      69   94404  5720220  60.57
1970-1979       10      0.00070  0.00070  0.50   94369      66   94336  5625816  59.61
1970-1979       11      0.00066  0.00066  0.50   94303      63   94272  5531480  58.66
1970-1979       12      0.00065  0.00065  0.50   94241      61   94210  5437208  57.69
1970-1979       13      0.00077  0.00077  0.50   94180      72   94144  5342997  56.73
1970-1979       14      0.00087  0.00086  0.50   94108      81   94067  5248853  55.78
1970-1979       15      0.00099  0.00099  0.50   94026      93   93980  5154786  54.82
1970-1979       16      0.00130  0.00130  0.50   93933     122   93872  5060807  53.88
1970-1979       17      0.00153  0.00153  0.50   93811     144   93739  4966935  52.95
1970-1979       18      0.00176  0.00176  0.50   93668     165   93585  4873195  52.03
1970-1979       19      0.00206  0.00206  0.50   93503     193   93407  4779610  51.12
1970-1979       20      0.00201  0.00200  0.50   93310     187   93217  4686204  50.22
1970-1979       21      0.00205  0.00205  0.50   93123     191   93028  4592987  49.32
1970-1979       22      0.00173  0.00173  0.50   92932     161   92852  4499959  48.42
1970-1979       23      0.00190  0.00189  0.50   92771     176   92683  4407107  47.51
1970-1979       24      0.00195  0.00195  0.50   92596     181   92505  4314424  46.59
1970-1979       25      0.00192  0.00192  0.50   92415     178   92326  4221919  45.68
1970-1979       26      0.00181  0.00181  0.50   92237     167   92154  4129593  44.77
1970-1979       27      0.00181  0.00180  0.50   92071     166   91988  4037439  43.85
1970-1979       28      0.00182  0.00182  0.50   91905     167   91821  3945451  42.93
1970-1979       29      0.00176  0.00175  0.50   91737     161   91657  3853630  42.01
1970-1979       30      0.00197  0.00197  0.50   91576     180   91486  3761973  41.08
1970-1979       31      0.00199  0.00199  0.50   91396     181   91305  3670487  40.16
1970-1979       32      0.00219  0.00219  0.50   91215     199   91115  3579182  39.24
1970-1979       33      0.00230  0.00229  0.50   91015     209   90911  3488067  38.32
1970-1979       34      0.00245  0.00244  0.50   90806     222   90695  3397156  37.41
1970-1979       35      0.00258  0.00258  0.50   90584     234   90468  3306461  36.50
1970-1979       36      0.00272  0.00271  0.50   90351     245   90228  3215993  35.59
1970-1979       37      0.00297  0.00296  0.50   90105     267   89972  3125765  34.69
1970-1979       38      0.00322  0.00322  0.50   89838     289   89694  3035793  33.79
1970-1979       39      0.00350  0.00349  0.50   89549     313   89393  2946099  32.90
1970-1979       40      0.00379  0.00378  0.50   89236     338   89068  2856706  32.01
1970-1979       41      0.00402  0.00401  0.50   88899     357   88720  2767639  31.13
1970-1979       42      0.00450  0.00449  0.50   88542     397   88343  2678919  30.26
1970-1979       43      0.00488  0.00487  0.50   88145     429   87930  2590575  29.39
1970-1979       44      0.00521  0.00520  0.50   87716     456   87488  2502645  28.53
1970-1979       45      0.00572  0.00571  0.50   87260     498   87011  2415157  27.68
1970-1979       46      0.00594  0.00592  0.50   86762     514   86505  2328146  26.83
1970-1979       47      0.00657  0.00655  0.50   86248     565   85966  2241641  25.99
1970-1979       48      0.00729  0.00727  0.50   85683     623   85372  2155675  25.16
1970-1979       49      0.00769  0.00766  0.50   85061     652   84735  2070303  24.34
1970-1979       50      0.00836  0.00832  0.50   84409     703   84058  1985568  23.52
1970-1979       51      0.00861  0.00857  0.50   83706     718   83348  1901510  22.72
1970-1979       52      0.00987  0.00982  0.50   82989     815   82581  1818163  21.91
1970-1979       53      0.01080  0.01074  0.50   82174     883   81732  1735582  21.12
1970-1979       54      0.01133  0.01127  0.50   81291     916   80833  1653849  20.34
1970-1979       55      0.01212  0.01205  0.50   80375     969   79890  1573017  19.57
1970-1979       56      0.01329  0.01320  0.50   79406    1048   78882  1493126  18.80
1970-1979       57      0.01458  0.01448  0.50   78358    1134   77791  1414244  18.05
1970-1979       58      0.01587  0.01575  0.50   77224    1216   76616  1336453  17.31
1970-1979       59      0.01733  0.01718  0.50   76008    1306   75355  1259837  16.58
1970-1979       60      0.01947  0.01928  0.50   74702    1440   73981  1184483  15.86
1970-1979       61      0.02074  0.02053  0.50   73261    1504   72509  1110501  15.16
1970-1979       62      0.02365  0.02337  0.50   71757    1677   70919  1037992  14.47
1970-1979       63      0.02596  0.02563  0.50   70081    1796   69183   967073  13.80
1970-1979       64      0.02773  0.02735  0.50   68285    1867   67351   897890  13.15
1970-1979       65      0.03066  0.03020  0.50   66417    2006   65414   830539  12.50
1970-1979       66      0.03315  0.03261  0.50   64411    2101   63361   765125  11.88
1970-1979       67      0.03684  0.03617  0.50   62311    2254   61184   701764  11.26
1970-1979       68      0.04189  0.04104  0.50   60057    2464   58824   640581  10.67
1970-1979       69      0.04561  0.04459  0.50   57592    2568   56308   581756  10.10
1970-1979       70      0.05078  0.04952  0.50   55024    2725   53662   525448   9.55
1970-1979       71      0.05486  0.05339  0.50   52299    2792   50903   471786   9.02
1970-1979       72      0.06311  0.06118  0.50   49507    3029   47992   420884   8.50
1970-1979       73      0.06942  0.06709  0.50   46478    3118   44919   372891   8.02
1970-1979       74      0.07650  0.07369  0.50   43360    3195   41762   327972   7.56
1970-1979       75      0.08542  0.08192  0.50   40165    3290   38520   286210   7.13
1970-1979       76      0.09397  0.08975  0.50   36874    3309   35220   247691   6.72
1970-1979       77      0.10537  0.10010  0.50   33565    3360   31885   212471   6.33
1970-1979       78      0.11711  0.11063  0.50   30205    3342   28534   180586   5.98
1970-1979       79      0.12929  0.12144  0.50   26864    3262   25232   152052   5.66
1970-1979       80      0.12779  0.12012  0.50   23601    2835   22184   126819   5.37
1970-1979       81      0.13841  0.12945  0.50   20766    2688   19422   104636   5.04
1970-1979       82      0.15549  0.14428  0.50   18078    2608   16774    85213   4.71
1970-1979       83      0.16880  0.15566  0.50   15470    2408   14266    68439   4.42
1970-1979       84      0.18844  0.17221  0.50   13062    2249   11937    54174   4.15
1970-1979       85      0.20087  0.18254  0.50   10812    1974    9826    42236   3.91
1970-1979       86      0.21887  0.19728  0.50    8839    1744    7967    32411   3.67
1970-1979       87      0.23793  0.21263  0.50    7095    1509    6341    24444   3.45
1970-1979       88      0.25643  0.22729  0.50    5586    1270    4952    18103   3.24
1970-1979       89      0.28871  0.25229  0.50    4317    1089    3772    13151   3.05
1970-1979       90      0.29645  0.25818  0.50    3228     833    2811     9379   2.91
1970-1979       91      0.31876  0.27494  0.50    2394     658    2065     6568   2.74
1970-1979       92      0.35873  0.30417  0.50    1736     528    1472     4503   2.59
1970-1979       93      0.34387  0.29342  0.50    1208     354    1031     3031   2.51
1970-1979       94      0.37157  0.31335  0.50     854     267     720     2000   2.34
1970-1979       95      0.41855  0.34611  0.50     586     203     485     1281   2.18
1970-1979       96      0.44441  0.36362  0.50     383     139     314      796   2.08
1970-1979       97      0.47059  0.38095  0.50     244      93     197      482   1.98
1970-1979       98      0.49692  0.39803  0.50     151      60     121      285   1.89
1970-1979       99      0.52328  0.41476  0.50      91      38      72      164   1.80
1970-1979      100      0.54950  0.43106  0.50      53      23      42       92   1.73
1970-1979      101      0.57545  0.44687  0.50      30      14      23       50   1.66
1970-1979      102      0.60099  0.46213  0.50      17       8      13       27   1.60
1970-1979      103      0.62600  0.47677  0.50       9       4       7       14   1.54
1970-1979      104      0.65035  0.49076  0.50       5       2       4        7   1.49
1970-1979      105      0.67394  0.50408  0.50       2       1       2        3   1.44
1970-1979      106      0.69668  0.51669  0.50       1       1       1        2   1.40
1970-1979      107      0.71849  0.52860  0.50       1       0       0        1   1.36
1970-1979      108      0.73933  0.53979  0.50       0       0       0        0   1.33
1970-1979      109      0.75914  0.55027  0.50       0       0       0        0   1.30
1970-1979      110+     0.77789  1.00000  1.29       0       0       0        0   1.29
1980-1989        0      0.01988  0.01954  0.11  100000    1954   98260  6957851  69.58
1980-1989        1      0.00183  0.00183  0.50   98046     180   97956  6859591  69.96
1980-1989        2      0.00120  0.00120  0.50   97867     117   97808  6761635  69.09
1980-1989        3      0.00090  0.00090  0.50   97750      88   97706  6663826  68.17
1980-1989        4      0.00075  0.00075  0.50   97662      73   97625  6566121  67.23
1980-1989        5      0.00063  0.00063  0.50   97588      61   97558  6468496  66.28
1980-1989        6      0.00052  0.00052  0.50   97527      51   97502  6370938  65.32
1980-1989        7      0.00062  0.00062  0.50   97476      61   97446  6273436  64.36
1980-1989        8      0.00047  0.00047  0.50   97416      46   97393  6175990  63.40
1980-1989        9      0.00053  0.00053  0.50   97370      51   97344  6078597  62.43
1980-1989       10      0.00050  0.00050  0.50   97319      49   97294  5981252  61.46
1980-1989       11      0.00050  0.00050  0.50   97270      48   97246  5883958  60.49
1980-1989       12      0.00051  0.00051  0.50   97222      49   97197  5786712  59.52
1980-1989       13      0.00055  0.00055  0.50   97172      53   97146  5689515  58.55
1980-1989       14      0.00069  0.00069  0.50   97119      67   97086  5592370  57.58
1980-1989       15      0.00091  0.00091  0.50   97052      88   97008  5495284  56.62
1980-1989       16      0.00132  0.00132  0.50   96964     128   96900  5398275  55.67
1980-1989       17      0.00159  0.00158  0.50   96836     153   96760  5301375  54.75
1980-1989       18      0.00190  0.00190  0.50   96683     183   96591  5204615  53.83
1980-1989       19      0.00202  0.00202  0.50   96500     195   96402  5108024  52.93
1980-1989       20      0.00206  0.00206  0.50   96305     199   96205  5011622  52.04
1980-1989       21      0.00195  0.00194  0.50   96106     187   96013  4915417  51.15
1980-1989       22      0.00201  0.00201  0.50   95919     192   95823  4819404  50.24
1980-1989       23      0.00192  0.00192  0.50   95727     184   95635  4723581  49.34
1980-1989       24      0.00184  0.00184  0.50   95543     176   95455  4627946  48.44
1980-1989       25      0.00185  0.00185  0.50   95367     176   95279  4532491  47.53
1980-1989       26      0.00184  0.00184  0.50   95191     175   95104  4437212  46.61
1980-1989       27      0.00183  0.00183  0.50   95016     174   94929  4342108  45.70
1980-1989       28      0.00186  0.00186  0.50   94842     176   94754  4247179  44.78
1980-1989       29      0.00193  0.00193  0.50   94666     182   94575  4152425  43.86
1980-1989       30      0.00196  0.00196  0.50   94484     185   94391  4057850  42.95
1980-1989       31      0.00196  0.00195  0.50   94299     184   94207  3963459  42.03
1980-1989       32      0.00194  0.00194  0.50   94115     182   94023  3869252  41.11
1980-1989       33      0.00200  0.00200  0.50   93932     188   93838  3775229  40.19
1980-1989       34      0.00210  0.00210  0.50   93744     197   93646  3681390  39.27
1980-1989       35      0.00221  0.00221  0.50   93548     207   93444  3587744  38.35
1980-1989       36      0.00223  0.00223  0.50   93341     208   93237  3494300  37.44
1980-1989       37      0.00250  0.00249  0.50   93133     232   93016  3401063  36.52
1980-1989       38      0.00261  0.00261  0.50   92900     242   92779  3308047  35.61
1980-1989       39      0.00269  0.00269  0.50   92658     249   92534  3215267  34.70
1980-1989       40      0.00305  0.00304  0.50   92409     281   92269  3122734  33.79
1980-1989       41      0.00335  0.00335  0.50   92128     309   91974  3030465  32.89
1980-1989       42      0.00359  0.00358  0.50   91819     329   91655  2938492  32.00
1980-1989       43      0.00389  0.00388  0.50   91491     355   91313  2846837  31.12
1980-1989       44      0.00436  0.00435  0.50   91136     397   90937  2755523  30.24
1980-1989       45      0.00467  0.00466  0.50   90739     423   90528  2664586  29.37
1980-1989       46      0.00500  0.00499  0.50   90316     451   90091  2574058  28.50
1980-1989       47      0.00556  0.00554  0.50   89866     498   89617  2483967  27.64
1980-1989       48      0.00625  0.00623  0.50   89368     556   89089  2394350  26.79
1980-1989       49      0.00669  0.00667  0.50   88811     592   88515  2305261  25.96
1980-1989       50      0.00745  0.00742  0.50   88219     655   87891  2216746  25.13
1980-1989       51      0.00820  0.00817  0.50   87564     715   87206  2128854  24.31
1980-1989       52      0.00835  0.00832  0.50   86849     722   86488  2041648  23.51
1980-1989       53      0.00918  0.00914  0.50   86127     787   85733  1955160  22.70
1980-1989       54      0.01023  0.01018  0.50   85339     868   84905  1869427  21.91
1980-1989       55      0.01100  0.01094  0.50   84471     924   84009  1784522  21.13
1980-1989       56      0.01178  0.01171  0.50   83547     979   83058  1700513  20.35
1980-1989       57      0.01299  0.01291  0.50   82568    1066   82035  1617456  19.59
1980-1989       58      0.01386  0.01376  0.50   81502    1122   80942  1535420  18.84
1980-1989       59      0.01495  0.01483  0.50   80381    1192   79784  1454479  18.09
1980-1989       60      0.01655  0.01641  0.50   79188    1300   78538  1374694  17.36
1980-1989       61      0.01790  0.01775  0.50   77889    1382   77198  1296156  16.64
1980-1989       62      0.01923  0.01905  0.50   76507    1457   75778  1218958  15.93
1980-1989       63      0.02119  0.02097  0.50   75049    1574   74262  1143180  15.23
1980-1989       64      0.02277  0.02252  0.50   73475    1654   72648  1068918  14.55
1980-1989       65      0.02514  0.02483  0.50   71821    1783   70930   996270  13.87
1980-1989       66      0.02735  0.02698  0.50   70038    1890   69093   925340  13.21
1980-1989       67      0.03030  0.02985  0.50   68148    2034   67131   856247  12.56
1980-1989       68      0.03315  0.03261  0.50   66114    2156   65036   789116  11.94
1980-1989       69      0.03635  0.03570  0.50   63958    2283   62817   724079  11.32
1980-1989       70      0.04196  0.04110  0.50   61675    2535   60408   661263  10.72
1980-1989       71      0.04491  0.04393  0.50   59140    2598   57841   600855  10.16
1980-1989       72      0.04996  0.04874  0.50   56542    2756   55165   543014   9.60
1980-1989       73      0.05529  0.05380  0.50   53787    2894   52340   487849   9.07
1980-1989       74      0.06115  0.05933  0.50   50893    3020   49383   435509   8.56
1980-1989       75      0.06755  0.06535  0.50   47873    3128   46309   386126   8.07
1980-1989       76      0.07679  0.07395  0.50   44745    3309   43091   339817   7.59
1980-1989       77      0.08464  0.08121  0.50   41436    3365   39754   296726   7.16
1980-1989       78      0.09431  0.09006  0.50   38071    3429   36357   256973   6.75
1980-1989       79      0.10434  0.09917  0.50   34643    3436   32925   220616   6.37
1980-1989       80      0.10853  0.10294  0.50   31207    3212   29601   187691   6.01
1980-1989       81      0.11858  0.11195  0.50   27995    3134   26428   158090   5.65
1980-1989       82      0.12936  0.12150  0.50   24861    3021   23350   131663   5.30
1980-1989       83      0.14495  0.13515  0.50   21840    2952   20364   108312   4.96
1980-1989       84      0.15566  0.14442  0.50   18888    2728   17524    87948   4.66
1980-1989       85      0.17225  0.15859  0.50   16160    2563   14879    70424   4.36
1980-1989       86      0.18841  0.17219  0.50   13598    2341   12427    55545   4.08
1980-1989       87      0.20537  0.18625  0.50   11256    2096   10208    43118   3.83
1980-1989       88      0.22602  0.20307  0.50    9160    1860    8230    32910   3.59
1980-1989       89      0.24423  0.21765  0.50    7300    1589    6505    24680   3.38
1980-1989       90      0.26799  0.23632  0.50    5711    1350    5036    18175   3.18
1980-1989       91      0.27443  0.24132  0.50    4361    1052    3835    13139   3.01
1980-1989       92      0.30476  0.26446  0.50    3309     875    2871     9304   2.81
1980-1989       93      0.33271  0.28525  0.50    2434     694    2087     6432   2.64
1980-1989       94      0.35100  0.29860  0.50    1740     519    1480     4346   2.50
1980-1989       95      0.38260  0.32116  0.50    1220     392    1024     2866   2.35
1980-1989       96      0.40867  0.33933  0.50     828     281     688     1842   2.22
1980-1989       97      0.43526  0.35746  0.50     547     196     449     1154   2.11
1980-1989       98      0.46222  0.37545  0.50     352     132     286      705   2.00
1980-1989       99      0.48941  0.39320  0.50     220      86     176      419   1.91
1980-1989      100      0.51667  0.41060  0.50     133      55     106      243   1.82
1980-1989      101      0.54382  0.42756  0.50      79      34      62      137   1.74
1980-1989      102      0.57072  0.44402  0.50      45      20      35       75   1.67
1980-1989      103      0.59720  0.45988  0.50      25      11      19       40   1.60
1980-1989      104      0.62314  0.47511  0.50      14       6      10       21   1.55
1980-1989      105      0.64838  0.48964  0.50       7       3       5       11   1.49
1980-1989      106      0.67282  0.50345  0.50       4       2       3        5   1.44
1980-1989      107      0.69636  0.51652  0.50       2       1       1        3   1.40
1980-1989      108      0.71891  0.52882  0.50       1       0       1        1   1.36
1980-1989      109      0.74041  0.54036  0.50       0       0       0        1   1.33
1980-1989      110+     0.76081  1.00000  1.31       0       0       0        0   1.31
1990-1999        0      0.00894  0.00887  0.13  100000     887   99230  7167790  71.68
1990-1999        1      0.00098  0.00098  0.50   99113      97   99064  7068561  71.32
1990-1999        2      0.00069  0.00069  0.50   99016      69   98981  6969497  70.39
1990-1999        3      0.00055  0.00055  0.50   98947      54   98920  6870515  69.44
1990-1999        4      0.00049  0.00049  0.50   98893      49   98868  6771595  68.47
1990-1999        5      0.00044  0.00044  0.50   98844      43   98822  6672727  67.51
1990-1999        6      0.00037  0.00037  0.50   98801      37   98782  6573904  66.54
1990-1999        7      0.00038  0.00038  0.50   98764      38   98745  6475122  65.56
1990-1999        8      0.00035  0.00035  0.50   98726      34   98709  6376377  64.59
1990-1999        9      0.00035  0.00035  0.50   98692      34   98675  6277668  63.61
1990-1999       10      0.00040  0.00040  0.50   98658      40   98638  6178993  62.63
1990-1999       11      0.00039  0.00039  0.50   98618      39   98599  6080355  61.66
1990-1999       12      0.00038  0.00038  0.50   98580      37   98561  5981756  60.68
1990-1999       13      0.00043  0.00043  0.50   98543      42   98522  5883195  59.70
1990-1999       14      0.00049  0.00049  0.50   98500      49   98476  5784674  58.73
1990-1999       15      0.00070  0.00070  0.50   98452      69   98417  5686198  57.76
1990-1999       16      0.00098  0.00098  0.50   98383      96   98335  5587780  56.80
1990-1999       17      0.00132  0.00132  0.50   98287     130   98222  5489446  55.85
1990-1999       18      0.00157  0.00157  0.50   98157     154   98080  5391224  54.92
1990-1999       19      0.00169  0.00169  0.50   98002     165   97920  5293145  54.01
1990-1999       20      0.00174  0.00174  0.50   97837     171   97752  5195225  53.10
1990-1999       21      0.00186  0.00186  0.50   97666     182   97576  5097473  52.19
1990-1999       22      0.00178  0.00177  0.50   97485     173   97398  4999898  51.29
1990-1999       23      0.00188  0.00188  0.50   97312     183   97221  4902500  50.38
1990-1999       24      0.00189  0.00189  0.50   97129     184   97037  4805279  49.47
1990-1999       25      0.00204  0.00204  0.50   96946     197   96847  4708242  48.57
1990-1999       26      0.00211  0.00211  0.50   96748     204   96646  4611395  47.66
1990-1999       27      0.00209  0.00209  0.50   96544     202   96443  4514749  46.76
1990-1999       28      0.00222  0.00221  0.50   96342     213   96236  4418305  45.86
1990-1999       29      0.00221  0.00221  0.50   96129     212   96023  4322070  44.96
1990-1999       30      0.00238  0.00238  0.50   95917     228   95803  4226047  44.06
1990-1999       31      0.00235  0.00235  0.50   95688     225   95576  4130244  43.16
1990-1999       32      0.00244  0.00244  0.50   95464     233   95347  4034668  42.26
1990-1999       33      0.00244  0.00244  0.50   95231     232   95115  3939321  41.37
1990-1999       34      0.00256  0.00256  0.50   94999     243   94877  3844206  40.47
1990-1999       35      0.00266  0.00265  0.50   94756     251   94630  3749329  39.57
1990-1999       36      0.00282  0.00282  0.50   94504     266   94371  3654699  38.67
1990-1999       37      0.00275  0.00275  0.50   94238     259   94109  3560327  37.78
1990-1999       38      0.00294  0.00294  0.50   93979     276   93841  3466219  36.88
1990-1999       39      0.00305  0.00304  0.50   93703     285   93560  3372378  35.99
1990-1999       40      0.00321  0.00321  0.50   93418     300   93268  3278818  35.10
1990-1999       41      0.00330  0.00330  0.50   93118     307   92964  3185550  34.21
1990-1999       42      0.00355  0.00354  0.50   92811     329   92646  3092586  33.32
1990-1999       43      0.00371  0.00370  0.50   92482     342   92311  2999939  32.44
1990-1999       44      0.00377  0.00376  0.50   92140     347   91967  2907628  31.56
1990-1999       45      0.00422  0.00422  0.50   91793     387   91600  2815662  30.67
1990-1999       46      0.00438  0.00437  0.50   91406     399   91207  2724062  29.80
1990-1999       47      0.00483  0.00482  0.50   91007     439   90788  2632855  28.93
1990-1999       48      0.00509  0.00508  0.50   90568     460   90338  2542067  28.07
1990-1999       49      0.00561  0.00559  0.50   90108     504   89856  2451729  27.21
1990-1999       50      0.00611  0.00610  0.50   89604     546   89331  2361873  26.36
1990-1999       51      0.00649  0.00647  0.50   89058     576   88770  2272542  25.52
1990-1999       52      0.00707  0.00705  0.50   88482     624   88170  2183772  24.68
1990-1999       53      0.00798  0.00795  0.50   87858     698   87509  2095601  23.85
1990-1999       54      0.00828  0.00825  0.50   87160     719   86801  2008092  23.04
1990-1999       55      0.00937  0.00932  0.50   86441     806   86038  1921291  22.23
1990-1999       56      0.01003  0.00998  0.50   85635     854   85208  1835253  21.43
1990-1999       57      0.01096  0.01091  0.50   84781     925   84319  1750045  20.64
1990-1999       58      0.01177  0.01170  0.50   83856     982   83366  1665727  19.86
1990-1999       59      0.01330  0.01321  0.50   82875    1095   82327  1582361  19.09
1990-1999       60      0.01433  0.01423  0.50   81780    1164   81198  1500034  18.34
1990-1999       61      0.01552  0.01540  0.50   80616    1242   79995  1418836  17.60
1990-1999       62      0.01679  0.01665  0.50   79375    1322   78714  1338840  16.87
1990-1999       63      0.01875  0.01858  0.50   78053    1450   77328  1260126  16.14
1990-1999       64      0.02030  0.02010  0.50   76603    1539   75833  1182798  15.44
1990-1999       65      0.02245  0.02220  0.50   75064    1666   74231  1106965  14.75
1990-1999       66      0.02426  0.02397  0.50   73398    1759   72518  1032734  14.07
1990-1999       67      0.02701  0.02665  0.50   71638    1909   70684   960216  13.40
1990-1999       68      0.02956  0.02913  0.50   69729    2031   68714   889533  12.76
1990-1999       69      0.03283  0.03230  0.50   67698    2187   66605   820819  12.12
1990-1999       70      0.03571  0.03508  0.50   65511    2298   64362   754214  11.51
1990-1999       71      0.03919  0.03844  0.50   63213    2430   61998   689852  10.91
1990-1999       72      0.04299  0.04208  0.50   60783    2558   59504   627854  10.33
1990-1999       73      0.04790  0.04678  0.50   58225    2724   56863   568350   9.76
1990-1999       74      0.05325  0.05187  0.50   55501    2879   54062   511487   9.22
1990-1999       75      0.05893  0.05724  0.50   52623    3012   51116   457425   8.69
1990-1999       76      0.06529  0.06323  0.50   49610    3137   48042   406309   8.19
1990-1999       77      0.07210  0.06959  0.50   46474    3234   44856   358267   7.71
1990-1999       78      0.08103  0.07787  0.50   43239    3367   41556   313410   7.25
1990-1999       79      0.08968  0.08583  0.50   39872    3422   38161   271854   6.82
1990-1999       80      0.09697  0.09248  0.50   36450    3371   34764   233693   6.41
1990-1999       81      0.10538  0.10011  0.50   33079    3311   31423   198929   6.01
1990-1999       82      0.11620  0.10982  0.50   29767    3269   28133   167505   5.63
1990-1999       83      0.13025  0.12229  0.50   26498    3240   24878   139373   5.26
1990-1999       84      0.14280  0.13329  0.50   23258    3100   21708   114494   4.92
1990-1999       85      0.15591  0.14464  0.50   20158    2916   18700    92787   4.60
1990-1999       86      0.17216  0.15851  0.50   17242    2733   15876    74086   4.30
1990-1999       87      0.19300  0.17602  0.50   14509    2554   13232    58211   4.01
1990-1999       88      0.20907  0.18928  0.50   11955    2263   10824    44978   3.76
1990-1999       89      0.22512  0.20235  0.50    9692    1961    8712    34155   3.52
1990-1999       90      0.24684  0.21972  0.50    7731    1699    6882    25443   3.29
1990-1999       91      0.27157  0.23910  0.50    6032    1442    5311    18561   3.08
1990-1999       92      0.30519  0.26478  0.50    4590    1215    3982    13250   2.89
1990-1999       93      0.31577  0.27271  0.50    3375     920    2915     9267   2.75
1990-1999       94      0.33308  0.28553  0.50    2454     701    2104     6353   2.59
1990-1999       95      0.36700  0.31010  0.50    1754     544    1482     4249   2.42
1990-1999       96      0.39369  0.32894  0.50    1210     398    1011     2767   2.29
1990-1999       97      0.42102  0.34781  0.50     812     282     671     1756   2.16
1990-1999       98      0.44886  0.36658  0.50     529     194     432     1085   2.05
1990-1999       99      0.47701  0.38515  0.50     335     129     271      653   1.95
1990-1999      100      0.50531  0.40339  0.50     206      83     165      382   1.85
1990-1999      101      0.53358  0.42121  0.50     123      52      97      218   1.77
1990-1999      102      0.56163  0.43850  0.50      71      31      56      120   1.69
1990-1999      103      0.58930  0.45518  0.50      40      18      31       65   1.62
1990-1999      104      0.61641  0.47119  0.50      22      10      17       34   1.56
1990-1999      105      0.64281  0.48646  0.50      12       6       9       17   1.50
1990-1999      106      0.66838  0.50096  0.50       6       3       4        9   1.45
1990-1999      107      0.69299  0.51466  0.50       3       2       2        4   1.41
1990-1999      108      0.71655  0.52754  0.50       1       1       1        2   1.37
1990-1999      109      0.73898  0.53960  0.50       1       0       0        1   1.34
1990-1999      110+     0.76023  1.00000  1.32       0       0       0        0   1.32
2000-2009        0      0.00444  0.00442  0.14  100000     442   99620  7489209  74.89
2000-2009        1      0.00051  0.00050  0.50   99558      50   99532  7389590  74.22
2000-2009        2      0.00034  0.00034  0.50   99507      34   99490  7290057  73.26
2000-2009        3      0.00023  0.00023  0.50   99474      23   99462  7190567  72.29
2000-2009        4      0.00023  0.00023  0.50   99450      23   99439  7091105  71.30
2000-2009        5      0.00018  0.00018  0.50   99428      18   99419  6991665  70.32
2000-2009        6      0.00017  0.00017  0.50   99410      17   99401  6892246  69.33
2000-2009        7      0.00020  0.00020  0.50   99393      19   99383  6792845  68.34
2000-2009        8      0.00019  0.00019  0.50   99374      19   99364  6693462  67.36
2000-2009        9      0.00017  0.00017  0.50   99354      17   99346  6594098  66.37
2000-2009       10      0.00017  0.00017  0.50   99337      17   99329  6494752  65.38
2000-2009       11      0.00019  0.00019  0.50   99320      19   99311  6395423  64.39
2000-2009       12      0.00019  0.00019  0.50   99301      19   99292  6296112  63.40
2000-2009       13      0.00024  0.00024  0.50   99283      24   99271  6196820  62.42
2000-2009       14      0.00028  0.00028  0.50   99259      28   99245  6097549  61.43
2000-2009       15      0.00040  0.00040  0.50   99231      40   99211  5998304  60.45
2000-2009       16      0.00053  0.00053  0.50   99191      52   99165  5899093  59.47
2000-2009       17      0.00063  0.00063  0.50   99139      62   99108  5799928  58.50
2000-2009       18      0.00083  0.00083  0.50   99076      82   99035  5700821  57.54
2000-2009       19      0.00091  0.00091  0.50   98994      90   98949  5601785  56.59
2000-2009       20      0.00097  0.00097  0.50   98904      96   98856  5502836  55.64
2000-2009       21      0.00104  0.00104  0.50   98808     103   98757  5403980  54.69
2000-2009       22      0.00114  0.00114  0.50   98705     113   98649  5305223  53.75
2000-2009       23      0.00099  0.00099  0.50   98592      98   98543  5206575  52.81
2000-2009       24      0.00111  0.00111  0.50   98494     109   98440  5108031  51.86
2000-2009       25      0.00109  0.00109  0.50   98385     107   98332  5009591  50.92
2000-2009       26      0.00118  0.00118  0.50   98278     116   98220  4911260  49.97
2000-2009       27      0.00131  0.00131  0.50   98162     128   98098  4813040  49.03
2000-2009       28      0.00136  0.00136  0.50   98034     133   97967  4714942  48.10
2000-2009       29      0.00139  0.00139  0.50   97900     136   97832  4616975  47.16
2000-2009       30      0.00142  0.00142  0.50   97764     138   97695  4519143  46.22
2000-2009       31      0.00155  0.00155  0.50   97626     151   97550  4421447  45.29
2000-2009       32      0.00165  0.00165  0.50   97475     161   97395  4323897  44.36
2000-2009       33      0.00180  0.00180  0.50   97314     175   97226  4226502  43.43
2000-2009       34      0.00192  0.00191  0.50   97139     186   97046  4129276  42.51
2000-2009       35      0.00197  0.00197  0.50   96953     191   96857  4032230  41.59
2000-2009       36      0.00211  0.00211  0.50   96762     204   96660  3935373  40.67
2000-2009       37      0.00228  0.00228  0.50   96558     220   96448  3838713  39.76
2000-2009       38      0.00238  0.00238  0.50   96338     229   96223  3742265  38.85
2000-2009       39      0.00263  0.00262  0.50   96109     252   95983  3646041  37.94
2000-2009       40      0.00278  0.00278  0.50   95857     266   95723  3550059  37.04
2000-2009       41      0.00289  0.00288  0.50   95590     276   95452  3454335  36.14
2000-2009       42      0.00319  0.00319  0.50   95315     304   95163  3358883  35.24
2000-2009       43      0.00353  0.00353  0.50   95011     335   94843  3263720  34.35
2000-2009       44      0.00382  0.00381  0.50   94675     361   94495  3168877  33.47
2000-2009       45      0.00391  0.00390  0.50   94315     368   94131  3074382  32.60
2000-2009       46      0.00428  0.00427  0.50   93947     401   93746  2980252  31.72
2000-2009       47      0.00452  0.00451  0.50   93546     422   93335  2886505  30.86
2000-2009       48      0.00502  0.00500  0.50   93123     466   92890  2793171  29.99
2000-2009       49      0.00534  0.00533  0.50   92657     493   92411  2700280  29.14
2000-2009       50      0.00563  0.00561  0.50   92164     517   91905  2607870  28.30
2000-2009       51      0.00588  0.00586  0.50   91647     537   91378  2515964  27.45
2000-2009       52      0.00627  0.00625  0.50   91109     569   90825  2424586  26.61
2000-2009       53      0.00683  0.00681  0.50   90540     617   90232  2333762  25.78
2000-2009       54      0.00714  0.00712  0.50   89924     640   89604  2243529  24.95
2000-2009       55      0.00763  0.00761  0.50   89284     679   88944  2153926  24.12
2000-2009       56      0.00805  0.00802  0.50   88605     710   88250  2064981  23.31
2000-2009       57      0.00885  0.00881  0.50   87894     774   87507  1976732  22.49
2000-2009       58      0.00951  0.00947  0.50   87120     825   86708  1889224  21.69
2000-2009       59      0.01017  0.01012  0.50   86295     873   85859  1802516  20.89
2000-2009       60      0.01126  0.01120  0.50   85422     957   84944  1716658  20.10
2000-2009       61      0.01211  0.01204  0.50   84466    1017   83957  1631714  19.32
2000-2009       62      0.01307  0.01298  0.50   83449    1084   82907  1547756  18.55
2000-2009       63      0.01416  0.01406  0.50   82365    1158   81786  1464850  17.78
2000-2009       64      0.01536  0.01525  0.50   81207    1238   80588  1383064  17.03
2000-2009       65      0.01760  0.01745  0.50   79969    1395   79271  1302476  16.29
2000-2009       66      0.01890  0.01872  0.50   78574    1471   77838  1223205  15.57
2000-2009       67      0.02056  0.02035  0.50   77103    1569   76318  1145367  14.86
2000-2009       68      0.02240  0.02215  0.50   75533    1673   74697  1069049  14.15
2000-2009       69      0.02472  0.02441  0.50   73860    1803   72959   994352  13.46
2000-2009       70      0.02730  0.02694  0.50   72057    1941   71087   921393  12.79
2000-2009       71      0.03060  0.03014  0.50   70116    2113   69060   850307  12.13
2000-2009       72      0.03363  0.03307  0.50   68003    2249   66879   781247  11.49
2000-2009       73      0.03751  0.03682  0.50   65754    2421   64544   714369  10.86
2000-2009       74      0.04214  0.04128  0.50   63333    2614   62026   649825  10.26
2000-2009       75      0.04671  0.04564  0.50   60719    2771   59333   587799   9.68
2000-2009       76      0.05279  0.05144  0.50   57948    2981   56457   528466   9.12
2000-2009       77      0.05814  0.05650  0.50   54967    3106   53414   472009   8.59
2000-2009       78      0.06490  0.06286  0.50   51861    3260   50231   418594   8.07
2000-2009       79      0.07422  0.07156  0.50   48601    3478   46862   368363   7.58
2000-2009       80      0.07829  0.07534  0.50   45123    3399   43423   321501   7.12
2000-2009       81      0.08893  0.08515  0.50   41724    3553   39947   278078   6.66
2000-2009       82      0.09713  0.09263  0.50   38171    3536   36403   238131   6.24
2000-2009       83      0.10752  0.10203  0.50   34635    3534   32868   201727   5.82
2000-2009       84      0.12021  0.11339  0.50   31101    3527   29338   168859   5.43
2000-2009       85      0.13234  0.12413  0.50   27575    3423   25863   139521   5.06
2000-2009       86      0.14938  0.13900  0.50   24152    3357   22473   113658   4.71
2000-2009       87      0.16455  0.15204  0.50   20795    3162   19214    91184   4.38
2000-2009       88      0.18379  0.16832  0.50   17633    2968   16149    71970   4.08
2000-2009       89      0.20235  0.18376  0.50   14665    2695   13318    55821   3.81
2000-2009       90      0.22005  0.19824  0.50   11970    2373   10784    42503   3.55
2000-2009       91      0.24400  0.21747  0.50    9597    2087    8554    31720   3.31
2000-2009       92      0.26413  0.23332  0.50    7510    1752    6634    23166   3.08
2000-2009       93      0.29667  0.25835  0.50    5758    1488    5014    16532   2.87
2000-2009       94      0.32297  0.27807  0.50    4270    1187    3677    11518   2.70
2000-2009       95      0.34284  0.29267  0.50    3083     902    2632     7841   2.54
2000-2009       96      0.37063  0.31269  0.50    2181     682    1840     5209   2.39
2000-2009       97      0.39932  0.33286  0.50    1499     499    1249     3369   2.25
2000-2009       98      0.42871  0.35303  0.50    1000     353     823     2120   2.12
2000-2009       99      0.45861  0.37307  0.50     647     241     526     1297   2.00
2000-2009      100      0.48881  0.39281  0.50     406     159     326      770   1.90
2000-2009      101      0.51910  0.41213  0.50     246     101     196      444   1.80
2000-2009      102      0.54925  0.43091  0.50     145      62     114      249   1.72
2000-2009      103      0.57904  0.44903  0.50      82      37      64      135   1.64
2000-2009      104      0.60826  0.46641  0.50      45      21      35       71   1.57
2000-2009      105      0.63673  0.48297  0.50      24      12      18       37   1.51
2000-2009      106      0.66427  0.49865  0.50      13       6       9       18   1.46
2000-2009      107      0.69074  0.51342  0.50       6       3       5        9   1.41
2000-2009      108      0.71601  0.52725  0.50       3       2       2        4   1.37
2000-2009      109      0.73999  0.54014  0.50       1       1       1        2   1.33
2000-2009      110+     0.76262  1.00000  1.31       1       1       1        1   1.31
2010-2019        0      0.00327  0.00327  0.14  100000     327   99720  7783732  77.84
2010-2019        1      0.00026  0.00026  0.50   99673      26   99660  7684012  77.09
2010-2019        2      0.00019  0.00019  0.50   99647      19   99637  7584352  76.11
2010-2019        3      0.00015  0.00015  0.50   99628      15   99620  7484715  75.13
2010-2019        4      0.00013  0.00013  0.50   99613      13   99606  7385094  74.14
2010-2019        5      0.00013  0.00013  0.50   99600      13   99593  7285488  73.15
2010-2019        6      0.00009  0.00009  0.50   99586       9   99582  7185895  72.16
2010-2019        7      0.00009  0.00009  0.50   99578       9   99573  7086313  71.16
2010-2019        8      0.00009  0.00009  0.50   99569       9   99564  6986740  70.17
2010-2019        9      0.00009  0.00009  0.50   99559       9   99555  6887176  69.18
2010-2019       10      0.00010  0.00010  0.50   99551      10   99546  6787621  68.18
2010-2019       11      0.00011  0.00011  0.50   99541      11   99535  6688075  67.19
2010-2019       12      0.00012  0.00012  0.50   99530      12   99524  6588540  66.20
2010-2019       13      0.00011  0.00011  0.50   99518      11   99512  6489016  65.20
2010-2019       14      0.00016  0.00016  0.50   99507      16   99499  6389504  64.21
2010-2019       15      0.00020  0.00020  0.50   99491      20   99481  6290005  63.22
2010-2019       16      0.00026  0.00026  0.50   99471      26   99458  6190524  62.23
2010-2019       17      0.00024  0.00024  0.50   99445      24   99434  6091065  61.25
2010-2019       18      0.00041  0.00041  0.50   99422      40   99402  5991632  60.26
2010-2019       19      0.00045  0.00045  0.50   99381      45   99359  5892230  59.29
2010-2019       20      0.00047  0.00047  0.50   99336      47   99313  5792871  58.32
2010-2019       21      0.00050  0.00050  0.50   99289      50   99264  5693558  57.34
2010-2019       22      0.00052  0.00052  0.50   99240      51   99214  5594294  56.37
2010-2019       23      0.00058  0.00058  0.50   99188      57   99160  5495080  55.40
2010-2019       24      0.00054  0.00054  0.50   99131      54   99104  5395920  54.43
2010-2019       25      0.00061  0.00061  0.50   99077      60   99047  5296816  53.46
2010-2019       26      0.00062  0.00062  0.50   99017      62   98986  5197770  52.49
2010-2019       27      0.00063  0.00063  0.50   98955      62   98924  5098784  51.53
2010-2019       28      0.00064  0.00064  0.50   98893      63   98861  4999860  50.56
2010-2019       29      0.00067  0.00067  0.50   98830      67   98797  4900999  49.59
2010-2019       30      0.00075  0.00075  0.50   98763      74   98726  4802202  48.62
2010-2019       31      0.00076  0.00076  0.50   98689      75   98652  4703476  47.66
2010-2019       32      0.00071  0.00071  0.50   98615      70   98579  4604824  46.70
2010-2019       33      0.00085  0.00085  0.50   98544      84   98503  4506245  45.73
2010-2019       34      0.00099  0.00099  0.50   98461      98   98412  4407742  44.77
2010-2019       35      0.00108  0.00108  0.50   98363     106   98310  4309330  43.81
2010-2019       36      0.00108  0.00108  0.50   98257     106   98204  4211020  42.86
2010-2019       37      0.00117  0.00117  0.50   98151     115   98094  4112815  41.90
2010-2019       38      0.00128  0.00128  0.50   98037     125   97974  4014721  40.95
2010-2019       39      0.00150  0.00150  0.50   97912     147   97838  3916747  40.00
2010-2019       40      0.00164  0.00164  0.50   97765     161   97685  3818908  39.06
2010-2019       41      0.00193  0.00193  0.50   97605     188   97511  3721223  38.13
2010-2019       42      0.00209  0.00208  0.50   97417     203   97315  3623713  37.20
2010-2019       43      0.00229  0.00229  0.50   97214     223   97102  3526397  36.27
2010-2019       44      0.00250  0.00250  0.50   96991     242   96870  3429295  35.36
2010-2019       45      0.00283  0.00282  0.50   96749     273   96612  3332425  34.44
2010-2019       46      0.00319  0.00318  0.50   96476     307   96322  3235813  33.54
2010-2019       47      0.00347  0.00347  0.50   96168     333   96002  3139491  32.65
2010-2019       48      0.00386  0.00385  0.50   95835     369   95650  3043490  31.76
2010-2019       49      0.00421  0.00420  0.50   95466     401   95266  2947839  30.88
2010-2019       50      0.00456  0.00455  0.50   95065     433   94849  2852573  30.01
2010-2019       51      0.00517  0.00516  0.50   94632     488   94388  2757725  29.14
2010-2019       52      0.00575  0.00573  0.50   94144     539   93875  2663336  28.29
2010-2019       53      0.00622  0.00620  0.50   93605     580   93315  2569462  27.45
2010-2019       54      0.00650  0.00647  0.50   93024     602   92723  2476147  26.62
2010-2019       55      0.00716  0.00713  0.50   92422     659   92093  2383424  25.79
2010-2019       56      0.00753  0.00751  0.50   91763     689   91419  2291331  24.97
2010-2019       57      0.00819  0.00815  0.50   91074     742   90703  2199912  24.16
2010-2019       58      0.00880  0.00876  0.50   90332     792   89936  2109209  23.35
2010-2019       59      0.00932  0.00927  0.50   89540     830   89125  2019273  22.55
2010-2019       60      0.00995  0.00990  0.50   88710     878   88271  1930148  21.76
2010-2019       61      0.01088  0.01082  0.50   87832     951   87356  1841877  20.97
2010-2019       62      0.01169  0.01162  0.50   86881    1010   86376  1754521  20.19
2010-2019       63      0.01238  0.01230  0.50   85871    1056   85343  1668145  19.43
2010-2019       64      0.01315  0.01306  0.50   84815    1108   84261  1582802  18.66
2010-2019       65      0.01412  0.01402  0.50   83707    1174   83120  1498541  17.90
2010-2019       66      0.01511  0.01499  0.50   82533    1238   81915  1415420  17.15
2010-2019       67      0.01655  0.01641  0.50   81296    1334   80629  1333506  16.40
2010-2019       68      0.01823  0.01807  0.50   79962    1445   79239  1252877  15.67
2010-2019       69      0.01961  0.01942  0.50   78517    1525   77755  1173638  14.95
2010-2019       70      0.02184  0.02160  0.50   76992    1663   76161  1095883  14.23
2010-2019       71      0.02333  0.02306  0.50   75329    1737   74461  1019722  13.54
2010-2019       72      0.02572  0.02539  0.50   73592    1869   72658   945261  12.84
2010-2019       73      0.02854  0.02814  0.50   71724    2018   70715   872603  12.17
2010-2019       74      0.03153  0.03104  0.50   69706    2164   68624   801888  11.50
2010-2019       75      0.03570  0.03508  0.50   67542    2369   66358   733264  10.86
2010-2019       76      0.03852  0.03779  0.50   65173    2463   63941   666906  10.23
2010-2019       77      0.04382  0.04288  0.50   62710    2689   61366   602965   9.62
2010-2019       78      0.04886  0.04770  0.50   60021    2863   58590   541599   9.02
2010-2019       79      0.05429  0.05285  0.50   57158    3021   55648   483010   8.45
2010-2019       80      0.06136  0.05953  0.50   54137    3223   52526   427362   7.89
2010-2019       81      0.06883  0.06654  0.50   50914    3388   49220   374836   7.36
2010-2019       82      0.07900  0.07600  0.50   47526    3612   45720   325615   6.85
2010-2019       83      0.08986  0.08600  0.50   43914    3776   42026   279895   6.37
2010-2019       84      0.10037  0.09557  0.50   40138    3836   38220   237869   5.93
2010-2019       85      0.11354  0.10745  0.50   36302    3900   34352   199649   5.50
2010-2019       86      0.13090  0.12286  0.50   32401    3981   30411   165297   5.10
2010-2019       87      0.14130  0.13198  0.50   28420    3751   26545   134886   4.75
2010-2019       88      0.15952  0.14774  0.50   24670    3645   22847   108341   4.39
2010-2019       89      0.18463  0.16903  0.50   21025    3554   19248    85494   4.07
2010-2019       90      0.20076  0.18245  0.50   17471    3188   15877    66246   3.79
2010-2019       91      0.22044  0.19855  0.50   14283    2836   12865    50369   3.53
2010-2019       92      0.24321  0.21684  0.50   11447    2482   10206    37504   3.28
2010-2019       93      0.26419  0.23337  0.50    8965    2092    7919    27297   3.04
2010-2019       94      0.29580  0.25769  0.50    6873    1771    5987    19378   2.82
2010-2019       95      0.32533  0.27982  0.50    5102    1428    4388    13391   2.62
2010-2019       96      0.35511  0.30157  0.50    3674    1108    3120     9003   2.45
2010-2019       97      0.38606  0.32359  0.50    2566     830    2151     5882   2.29
2010-2019       98      0.41795  0.34571  0.50    1736     600    1436     3731   2.15
2010-2019       99      0.45055  0.36771  0.50    1136     418     927     2296   2.02
2010-2019      100      0.48357  0.38942  0.50     718     280     578     1369   1.91
2010-2019      101      0.51674  0.41064  0.50     438     180     348      790   1.80
2010-2019      102      0.54977  0.43123  0.50     258     111     203      442   1.71
2010-2019      103      0.58236  0.45103  0.50     147      66     114      239   1.63
2010-2019      104      0.61424  0.46992  0.50      81      38      62      125   1.55
2010-2019      105      0.64518  0.48781  0.50      43      21      32       64   1.49
2010-2019      106      0.67495  0.50464  0.50      22      11      16       31   1.43
2010-2019      107      0.70336  0.52036  0.50      11       6       8       15   1.38
2010-2019      108      0.73029  0.53495  0.50       5       3       4        7   1.34
2010-2019      109      0.75562  0.54842  0.50       2       1       2        3   1.31
2010-2019      110+     0.77929  1.00000  1.28       1       1       1        1   1.28
